Frequency (Hz)	V_IN	V	
1499,960410	0,000000	0,567583
1600,024656	0,000000	0,591218
1700,076051	0,000000	0,591283
1800,117154	0,000000	0,647604
1800,072773	0,000000	0,617785
1900,167821	0,000000	0,659373
2000,015703	0,000000	0,718244
2000,008422	0,000000	0,712729
2099,958874	0,000000	0,711294
2200,011853	0,000000	0,741191
2300,045518	0,000000	0,785355
2300,080495	0,000000	0,791690
2400,053448	0,000000	0,787513
2500,074389	0,000000	0,812583
2500,127567	0,000000	0,823134
2600,148500	0,000000	0,863865
2700,181113	0,000000	0,872764
2700,150407	0,000000	0,850790
2799,940459	0,000000	0,864992
2900,015259	0,000000	0,898750
3000,002860	0,000000	0,886856
3000,042486	0,000000	0,892349
3100,039203	0,000000	0,879454
3200,040855	0,000000	0,895756
3200,030435	0,000000	0,906501
3300,111074	0,000000	0,942877
3400,234351	0,000000	0,932536
3500,008980	0,000000	0,905939
3500,024977	0,000000	0,920408
3600,013585	0,000000	0,906777
3700,028844	0,000000	0,889906
3700,011128	0,000000	0,884461
3800,041171	0,000000	0,870753
3900,075240	0,000000	0,855979
3900,044218	0,000000	0,836063
4000,161372	0,000000	0,838015
4100,163560	0,000000	0,798525
4200,169155	0,000000	0,780747
4200,167052	0,000000	0,765717
4299,996810	0,000000	0,721158
4399,999053	0,000000	0,674605
4400,048155	0,000000	0,679231
4499,963623	0,000000	0,610571
4600,082068	0,000000	0,556327
4700,103443	0,000000	0,508864
4700,086862	0,000000	0,486250
4800,100253	0,000000	0,401624
4900,179001	0,000000	0,330329
4900,176350	0,000000	0,326206
5000,152770	0,000000	0,212573
5099,949357	0,000000	0,107961
5100,023527	0,000000	0,134088
5200,056650	0,000000	-0,008562
5300,049689	0,000000	-0,155924
5400,120589	0,000000	-0,313643
5400,016567	0,000000	-0,332721
5500,106040	0,000000	-0,493187
5600,147328	0,000000	-0,686840
5700,243855	0,000000	-0,892131
5700,176994	0,000000	-0,906173
5800,195856	0,000000	-1,145671
5900,073920	0,000000	-1,402932
5899,967405	0,000000	-1,423993
6000,094363	0,000000	-1,700219
6100,088246	0,000000	-2,064050
6200,088531	0,000000	-2,447126
6200,154664	0,000000	-2,432634
6300,150826	0,000000	-2,863038
6400,169679	0,000000	-3,321391
6400,145426	0,000000	-3,349996
6500,194596	0,000000	-3,863768
6600,068638	0,000000	-4,406754
6700,098198	0,000000	-5,020619
6700,074560	0,000000	-5,051261
6800,110173	0,000000	-5,698590
6900,108631	0,000000	-6,299298
6900,084110	0,000000	-6,319883
7000,167829	0,000000	-6,839243
7100,159147	0,000000	-7,119683
7200,178849	0,000000	-6,882038
7200,185600	0,000000	-6,860381
7300,210822	0,000000	-5,777376
7400,056049	0,000000	-3,287136
7400,076945	0,000000	-3,172243
7500,070098	0,000000	0,907782
7600,085831	0,000000	6,173050
7700,159145	0,000000	11,692796
7700,158641	0,000000	11,691699
7800,167516	0,000000	16,297276
7900,237184	0,000000	19,429366
7900,214274	0,000000	19,382147
8000,251506	0,000000	21,260954
8100,311062	0,000000	22,171528
8200,096242	0,000000	22,408312
8200,056218	0,000000	22,440182
8300,081131	0,000000	22,321382
8400,155376	0,000000	22,044362
8400,100590	0,000000	22,066889
8500,131258	0,000000	21,640327
8600,205415	0,000000	21,166835
8700,277184	0,000000	20,689520
8700,230724	0,000000	20,702587
8800,206944	0,000000	20,181545
8900,301415	0,000000	19,751982
8900,294507	0,000000	19,759622
9000,083257	0,000000	19,305141
9100,130483	0,000000	18,905797
9200,213672	0,000000	18,533906
9200,194870	0,000000	18,563027
9300,149001	0,000000	18,207648
9400,218091	0,000000	17,886338
9400,234519	0,000000	17,892830
9500,179816	0,000000	17,599651
9600,232758	0,000000	17,344987
9700,060693	0,000000	17,088875
9700,095651	0,000000	17,101152
9800,085397	0,000000	16,882190
9900,197163	0,000000	16,689928
9900,174638	0,000000	16,696612
10000,159484	0,000000	16,510921
10100,172621	0,000000	16,339661
10200,176913	0,000000	16,201116
10200,227064	0,000000	16,221746
10300,220728	0,000000	16,074757
10400,251172	0,000000	15,967564
10500,116504	0,000000	15,888470
10500,127498	0,000000	15,891706
10600,169806	0,000000	15,806955
10700,136732	0,000000	15,692806
10700,163122	0,000000	15,713327
10800,204377	0,000000	15,626811
10900,198126	0,000000	15,576820
11000,254413	0,000000	15,517251
11000,262899	0,000000	15,529378
11100,252802	0,000000	15,452670
11200,302228	0,000000	15,428361
11200,281102	0,000000	15,422881
11300,144308	0,000000	15,396293
11400,143061	0,000000	15,359114
11500,162553	0,000000	15,326925
11500,176082	0,000000	15,367506
11600,213567	0,000000	15,338343
11700,187699	0,000000	15,306851
11800,266582	0,000000	15,308787
11800,286761	0,000000	15,312144
11900,316457	0,000000	15,311563
12000,230733	0,000000	15,305339
12000,343146	0,000000	15,316698
12100,107665	0,000000	15,301755
12200,222278	0,000000	15,345529
12300,220661	0,000000	15,359394
12300,211774	0,000000	15,330478
12400,242433	0,000000	15,348554
12500,220145	0,000000	15,357624
12500,244470	0,000000	15,371222
12600,267651	0,000000	15,387856
12700,317149	0,000000	15,398888
12800,155216	0,000000	15,425756
12800,147866	0,000000	15,422293
12900,235819	0,000000	15,469293
13000,233673	0,000000	15,487063
13000,224147	0,000000	15,499139
13100,215670	0,000000	15,518910
13200,281968	0,000000	15,576057
13300,241965	0,000000	15,577858
13300,314727	0,000000	15,602659
13400,291471	0,000000	15,611838
13500,311973	0,000000	15,643775
13500,319816	0,000000	15,663427
13600,213085	0,000000	15,706957
13700,208578	0,000000	15,740609
13800,247668	0,000000	15,786427
13800,230232	0,000000	15,770260
13900,258913	0,000000	15,848174
14000,242548	0,000000	15,869276
14100,294623	0,000000	15,907623
14100,264976	0,000000	15,896413
14200,309174	0,000000	15,966742
14300,324244	0,000000	16,008440
