Frequency (Hz)	V_IN	V_R	
2373,895366	-74,867518	-76,430734
2374,084455	-74,917088	-76,339015
2305,470042	-58,669254	-60,081449
2219,766419	-40,774207	-42,209846
2115,444733	-21,540064	-23,439115
2118,702797	-21,849136	-23,704205
2002,290931	-2,036333	-4,206347
2100,616749	-1,840141	-3,436161
2097,797498	-1,553239	-3,379841
2198,037138	-1,569929	-3,507426
2299,849841	-1,743212	-3,761035
2297,785542	-1,671341	-4,038557
2400,416723	-1,864422	-4,067984
2502,959896	-2,087185	-4,298946
2501,115431	-1,870387	-4,086667
2602,333272	-2,090099	-4,602547
2701,978727	-1,980695	-4,681488
2802,624026	-2,079545	-4,856732
2803,018941	-2,202796	-4,980719
2903,395504	-2,129752	-5,076580
3003,816786	-2,199945	-5,226066
3003,413688	-2,251040	-5,413473
3103,092407	-2,335557	-5,675994
3201,429556	-2,117638	-5,772678
3201,853233	-2,122555	-5,745574
3302,154148	-2,230916	-5,954577
3401,176864	-2,114272	-6,071110
3501,030771	-2,167357	-6,298215
3500,801866	-2,157046	-6,361511
3600,654000	-2,081472	-6,466763
3700,606373	-2,248708	-6,881739
3700,804782	-2,148344	-6,765222
3800,309344	-2,182203	-7,088773
3900,240945	-2,243418	-7,394742
3900,799820	-2,280485	-7,380277
4000,619019	-1,843875	-7,229450
4100,532192	-1,866425	-7,495045
4200,227053	-1,896022	-7,862384
4200,048316	-1,733937	-7,713776
4299,946378	-1,876782	-8,222372
4399,955042	-1,695449	-8,371996
4399,648793	-1,809963	-8,526314
4499,963726	-1,799011	-8,832346
4599,976532	-1,748383	-9,178135
4599,633193	-1,687340	-9,138330
4700,280827	-1,829089	-9,613040
4800,017849	-1,745282	-10,015504
4900,139865	-1,706960	-10,409555
4900,043769	-1,609626	-10,353760
5000,123523	-1,721898	-10,939487
5100,033724	-1,729655	-11,402597
5100,123392	-1,745043	-11,447361
5200,100972	-1,740821	-12,002262
5300,312850	-1,667421	-12,504188
5300,375437	-1,676942	-12,506559
5400,065716	-1,706333	-13,166111
5500,205630	-1,655763	-13,745402
5600,190547	-1,708213	-14,523363
5600,137635	-1,517406	-14,336900
5700,219173	-1,639586	-15,222084
5799,867878	-1,506566	-15,821828
5800,102713	-1,679090	-16,032414
5900,149915	-1,590458	-16,749891
6000,061198	-1,598194	-17,576388
6100,140253	-1,542442	-18,471678
6100,413805	-1,678746	-18,549140
6200,241639	-1,583741	-19,380938
6300,002607	-1,391347	-20,124955
6300,274889	-1,493921	-20,214943
6400,179227	-1,362157	-21,003561
6500,203460	-1,428538	-21,907254
6500,266820	-1,424965	-21,924302
6600,355388	-1,407228	-22,597939
6700,020135	-1,446826	-23,175052
6700,014829	-1,332256	-23,057328
6799,938388	-1,231548	-23,177904
6899,808311	-1,286976	-22,960815
7000,093135	-1,231796	-21,944340
7000,224878	-1,186903	-21,825931
7100,027787	-1,189182	-19,806961
7200,123629	-1,149291	-16,514405
7199,957752	-1,222890	-16,522033
7300,148766	-1,178033	-11,479133
7399,924977	-1,193448	-4,881990
7500,132713	-1,101855	3,206329
7499,923141	-1,105586	3,227727
7600,074506	-1,214212	11,456011
7700,347325	-1,050854	19,300795
7700,108004	-1,073740	19,256431
7800,148726	-0,933082	25,507895
7900,497470	-1,116846	29,971029
7900,206559	-1,034831	29,977890
7999,912072	-1,077332	33,142893
8099,849640	-1,154672	35,109735
8200,552782	-1,139196	36,357870
8199,973831	-1,192575	36,277340
8300,016974	-1,125935	36,985090
8400,444417	-1,258609	37,047036
8400,240750	-1,074070	37,254957
8500,159774	-1,197506	37,044292
8600,065221	-1,233545	36,682937
8600,210969	-1,232477	36,775223
8700,126747	-1,142530	36,383909
8800,376841	-1,133940	35,848941
8900,331938	-1,275771	35,123378
8900,294234	-1,191792	35,263421
9000,173041	-1,188752	34,600055
9100,185547	-1,176961	34,002707
9100,087591	-1,117550	34,094571
9200,136577	-1,141338	33,447286
9300,198942	-1,299667	32,667431
9400,180727	-1,124142	32,219388
9400,028942	-1,248605	32,092352
9500,153234	-1,161035	31,571252
9600,198462	-1,256612	30,996679
9600,191261	-1,139771	31,114609
9700,169581	-1,219060	30,504035
9800,029730	-1,264548	29,874185
9899,806970	-1,123470	29,518274
9899,901902	-1,226617	29,444992
10000,323273	-1,128900	29,143981
10100,426718	-1,224424	28,578647
10100,410262	-1,394092	28,488994
10200,211936	-1,352714	28,007132
10300,174930	-1,306394	27,634624
10300,438753	-1,270285	27,742394
10400,568039	-1,290478	27,331840
10499,880166	-1,334317	26,884938
10600,003452	-1,205049	26,675177
10600,055418	-1,094809	26,796820
10700,130219	-1,307609	26,240606
10800,382426	-1,214860	26,092656
10800,196961	-1,367254	25,907077
10900,165784	-1,073323	25,921320
11000,138701	-1,119965	25,578537
11100,292743	-1,307197	25,167575
11100,511872	-1,179305	25,325806
11200,222421	-1,291036	24,897345
11299,934370	-1,347835	24,619865
11300,027209	-1,481390	24,454447
11400,318241	-1,309258	24,461987
11500,054488	-1,480196	24,035058
11600,162962	-1,460936	23,918389
11600,545641	-1,285453	24,096197
11700,336083	-1,349458	23,831462
11800,527847	-1,301001	23,694821
11800,029040	-1,104539	23,888395
11900,740779	-1,200501	23,695877
12000,339640	-1,163004	23,513502
12100,125828	-1,046905	23,494784
12100,241975	-1,164144	23,385470
12199,931057	-1,086452	23,292255
12300,171155	-1,188399	23,092115
12300,142082	-1,267507	23,051529
12400,221319	-1,322410	22,816398
12500,417096	-1,213078	22,814670
12600,056638	-1,112847	22,798911
12600,390913	-0,983510	22,947477
12700,437573	-1,201310	22,623448
12800,410293	-1,018779	22,718775
12800,223928	-1,014259	22,720276
12899,909206	-0,992081	22,634549
13000,263259	-1,066657	22,476494
13000,160119	-1,221108	22,327304
13100,274669	-1,138180	22,351676
13200,392307	-1,093692	22,316903
13300,156081	-1,031915	22,280293
13300,306524	-1,232479	22,090155
13400,456539	-1,199612	22,055360
13500,262786	-1,104917	22,075490
13500,133345	-1,149882	22,027489
13600,048108	-1,037044	22,048362
13700,397555	-1,102950	21,990048
13800,095036	-0,999786	22,054312
13800,302760	-0,936278	22,099433
13900,083270	-1,113068	21,860761
14000,620421	-0,945268	22,036183
14000,525756	-1,070464	21,915934
14100,090177	-1,167760	21,737782
14200,327217	-1,156978	21,702243
14300,146185	-0,956818	21,871572
14300,392815	-1,116603	21,744314
14400,250990	-0,974218	21,881577
14500,481434	-1,211103	21,576788
14500,427683	-1,021972	21,793370
14600,319411	-0,961225	21,826714
14700,295488	-0,884114	21,878242
14800,122921	-0,966290	21,752310
14800,419678	-1,101012	21,639081
14900,141397	-1,011011	21,684216
15000,349688	-1,026200	21,675538
15000,550288	-0,966490	21,763010
