1499.96041	2.163659	2.149323	0.0005
1600.024656	2.163661	2.149724	0.0005
1700.076051	2.163608	2.149222	0.0005
1800.117154	2.163391	2.149398	0.0005
1800.072773	2.163507	2.14889	0.0005
1900.167821	2.163393	2.148445	0.0005
2000.015703	2.163153	2.148301	0.0005
2000.008422	2.163628	2.148452	0.0005
2099.958874	2.163248	2.148244	0.0005
2200.011853	2.1633	2.148009	0.0005
2300.045518	2.163453	2.147777	0.0005
2300.080495	2.163743	2.147538	0.0005
2400.053448	2.163385	2.147062	0.0005
2500.074389	2.163624	2.14701	0.0005
2500.127567	2.163337	2.146891	0.0005
2600.1485	2.163635	2.146488	0.0005
2700.181113	2.163514	2.145844	0.0005
2700.150407	2.163245	2.145884	0.0005
2799.940459	2.163063	2.145738	0.0005
2900.015259	2.163435	2.145204	0.0005
3000.00286	2.163347	2.144434	0.0005
3000.042486	2.163233	2.144525	0.0005
3100.039203	2.163309	2.1441	0.0005
3200.040855	2.163328	2.143487	0.0005
3200.030435	2.163357	2.143824	0.0005
3300.111074	2.163372	2.143158	0.0005
3400.234351	2.163269	2.142441	0.0005
3500.00898	2.163271	2.141762	0.0005
3500.024977	2.163518	2.141749	0.0005
3600.013585	2.163457	2.141027	0.0005
3700.028844	2.163696	2.140194	0.0005
3700.011128	2.163583	2.140449	0.0005
3800.041171	2.163416	2.139421	0.0005
3900.07524	2.1637	2.138928	0.0005
3900.044218	2.163657	2.138846	0.0005
4000.161372	2.163872	2.137554	0.0005
4100.16356	2.163919	2.136893	0.0005
4200.169155	2.163818	2.135918	0.0005
4200.167052	2.16394	2.135822	0.0005
4299.99681	2.164113	2.134411	0.0005
4399.999053	2.164018	2.13314	0.0005
4400.048155	2.164139	2.133451	0.0005
4499.963623	2.164255	2.131625	0.0005
4600.082068	2.164412	2.130395	0.0005
4700.103443	2.16498	2.12861	0.0005
4700.086862	2.164902	2.128628	0.0005
4800.100253	2.165099	2.126884	0.0005
4900.179001	2.16569	2.125125	0.0005
4900.17635	2.165334	2.124694	0.0005
5000.15277	2.16579	2.122622	0.0005
5099.949357	2.165993	2.119944	0.0005
5100.023527	2.166379	2.120349	0.0005
5200.05665	2.166334	2.117247	0.0005
5300.049689	2.167049	2.114154	0.0005
5400.120589	2.168058	2.110802	0.0005
5400.016567	2.167754	2.110806	0.0005
5500.10604	2.16823	2.106857	0.0005
5600.147328	2.169168	2.10228	0.0005
5700.243855	2.169941	2.097365	0.0005
5700.176994	2.170076	2.097181	0.0005
5800.195856	2.170927	2.091688	0.0005
5900.07392	2.172027	2.085083	0.0005
5899.967405	2.172197	2.084862	0.0005
6000.094363	2.173551	2.077096	0.0005
6100.088246	2.174859	2.068001	0.0005
6200.088531	2.176963	2.057362	0.0005
6200.154664	2.177004	2.056982	0.0005
6300.150826	2.179337	2.04441	0.0005
6400.169679	2.181851	2.029178	0.0005
6400.145426	2.182062	2.02888	0.0005
6500.194596	2.1853	2.010075	0.0005
6600.068638	2.189282	1.987581	0.0005
6700.098198	2.194546	1.959573	0.0005
6700.07456	2.194686	1.958446	0.0005
6800.110173	2.200375	1.923147	0.0005
6900.108631	2.207646	1.880018	0.0005
6900.08411	2.208289	1.877995	0.0005
7000.167829	2.217032	1.8222	0.0005
7100.159147	2.227878	1.755849	0.0005
7200.178849	2.240049	1.673781	0.0005
7200.1856	2.240839	1.669923	0.0005
7300.210822	2.253686	1.580323	0.0005
7400.056049	2.266022	1.487906	0.0005
7400.076945	2.266253	1.485174	0.0005
7500.070098	2.275465	1.412159	0.0005
7600.085831	2.28003	1.376896	0.0005
7700.159145	2.278834	1.388176	0.0005
7700.158641	2.278449	1.388319	0.0005
7800.167516	2.27233	1.439812	0.0005
7900.237184	2.263315	1.513875	0.0005
7900.214274	2.26361	1.511966	0.0005
8000.251506	2.252572	1.591308	0.0005
8100.311062	2.24186	1.669495	0.0005
8200.096242	2.231596	1.737538	0.0005
8200.056218	2.231755	1.735078	0.0005
8300.081131	2.222348	1.795964	0.0005
8400.155376	2.214538	1.845711	0.0005
8400.10059	2.214367	1.843572	0.0005
8500.131258	2.207712	1.885439	0.0005
8600.205415	2.201014	1.921469	0.0005
8700.277184	2.195813	1.951123	0.0005
8700.230724	2.196453	1.950075	0.0005
8800.206944	2.191431	1.975486	0.0005
8900.301415	2.187679	1.996261	0.0005
8900.294507	2.187723	1.995695	0.0005
9000.083257	2.184533	2.01338	0.0005
9100.130483	2.181419	2.028607	0.0005
9200.213672	2.178954	2.041494	0.0005
9200.19487	2.179095	2.041285	0.0005
9300.149001	2.17721	2.052788	0.0005
9400.218091	2.175161	2.062257	0.0005
9400.234519	2.174997	2.062325	0.0005
9500.179816	2.173294	2.070618	0.0005
9600.232758	2.171875	2.077902	0.0005
9700.060693	2.17084	2.084382	0.0005
9700.095651	2.170524	2.08425	0.0005
9800.085397	2.169456	2.089868	0.0005
9900.197163	2.168442	2.094602	0.0005
9900.174638	2.168175	2.094835	0.0005
10000.15948	2.16778	2.099055	0.0005
10100.17262	2.166515	2.103012	0.0005
10200.17691	2.165708	2.106382	0.0005
10200.22706	2.165928	2.106544	0.0005
10300.22073	2.165384	2.110039	0.0005
10400.25117	2.164557	2.112652	0.0005
10500.1165	2.164285	2.115288	0.0005
10500.1275	2.164195	2.115175	0.0005
10600.16981	2.163632	2.117374	0.0005
10700.13673	2.16289	2.119471	0.0005
10700.16312	2.163162	2.119639	0.0005
10800.20438	2.162727	2.121502	0.0005
10900.19813	2.162167	2.123234	0.0005
11000.25441	2.161839	2.124707	0.0005
11000.2629	2.161901	2.124875	0.0005
11100.2528	2.161513	2.126459	0.0005
11200.30223	2.161338	2.127444	0.0005
11200.2811	2.16102	2.127574	0.0005
11300.14431	2.161196	2.128826	0.0005
11400.14306	2.160489	2.129975	0.0005
11500.16255	2.160748	2.131375	0.0005
11500.17608	2.160615	2.131121	0.0005
11600.21357	2.160332	2.131851	0.0005
11700.1877	2.159903	2.133071	0.0005
11800.26658	2.159596	2.133657	0.0005
11800.28676	2.159621	2.13374	0.0005
11900.31646	2.159467	2.134253	0.0005
12000.23073	2.159563	2.135132	0.0005
12000.34315	2.159265	2.134935	0.0005
12100.10767	2.158785	2.135919	0.0005
12200.22228	2.159196	2.136833	0.0005
12300.22066	2.158921	2.136978	0.0005
12300.21177	2.158864	2.137138	0.0005
12400.24243	2.15866	2.137859	0.0005
12500.22015	2.158185	2.137827	0.0005
12500.24447	2.157999	2.137854	0.0005
12600.26765	2.157909	2.138541	0.0005
12700.31715	2.158102	2.139144	0.0005
12800.15522	2.158109	2.139423	0.0005
12800.14787	2.15819	2.139483	0.0005
12900.23582	2.157798	2.140245	0.0005
13000.23367	2.15793	2.14038	0.0005
13000.22415	2.157838	2.140287	0.0005
13100.21567	2.15793	2.140703	0.0005
13200.28197	2.157633	2.141186	0.0005
13300.24197	2.157466	2.14125	0.0005
13300.31473	2.157607	2.141486	0.0005
13400.29147	2.157502	2.14184	0.0005
13500.31197	2.157374	2.141926	0.0005
13500.31982	2.157245	2.142346	0.0005
13600.21309	2.157167	2.14204	0.0005
13700.20858	2.157133	2.142499	0.0005
13800.24767	2.157291	2.142796	0.0005
13800.23023	2.157127	2.142935	0.0005
13900.25891	2.157044	2.143022	0.0005
14000.24255	2.156758	2.14294	0.0005
14100.29462	2.156924	2.143426	0.0005
14100.26498	2.156685	2.143578	0.0005
14200.30917	2.156865	2.143756	0.0005
14300.32424	2.156914	2.14366	0.0005
			