Time (s)	V_IN	V	
0,000000	-0,029149	0,560811
0,000005	0,908605	1,401957
0,000010	1,664735	1,962615
0,000015	2,089496	2,135547
0,000020	2,097869	1,880174
0,000025	1,689209	1,251568
0,000030	0,945638	0,371457
0,000035	0,010139	-0,579176
0,000040	-0,926001	-1,419995
0,000045	-1,683092	-1,980648
0,000050	-2,109459	-2,150035
0,000055	-2,115578	-1,892412
0,000060	-1,702736	-1,259946
0,000065	-0,952730	-0,378873
0,000070	-0,017877	0,573370
0,000075	0,919554	1,414516
0,000080	1,671175	1,971310
0,000085	2,092394	2,132648
0,000090	2,097547	1,873090
0,000095	1,682125	1,240297
0,000100	0,933079	0,357932
0,000105	-0,006606	-0,593667
0,000110	-0,939527	-1,430944
0,000115	-1,692431	-1,988376
0,000120	-2,112680	-2,151323
0,000125	-2,112035	-1,886293
0,000130	-1,693397	-1,250285
0,000135	-0,941781	-0,366636
0,000140	-0,004674	0,586574
0,000145	0,932435	1,421279
0,000150	1,680514	1,972598
0,000155	2,095936	2,132970
0,000160	2,094648	1,865361
0,000165	1,674074	1,227094
0,000170	0,918910	0,345373
0,000175	-0,017877	-0,606870
0,000180	-0,950798	-1,438994
0,000185	-1,700160	-1,990952
0,000190	-2,114934	-2,147781
0,000195	-2,107849	-1,877920
0,000200	-1,684059	-1,236760
0,000205	-0,927934	-0,353433
0,000210	0,009495	0,600099
0,000215	0,945960	1,431262
0,000220	1,689853	1,978072
0,000225	2,098513	2,131682
0,000230	2,089496	1,859564
0,000235	1,664735	1,217433
0,000240	0,908605	0,331847
0,000245	-0,029793	-0,619107
0,000250	-0,963679	-1,452842
0,000255	-1,707889	-1,997071
0,000260	-2,117188	-2,148103
0,000265	-2,106239	-1,871802
0,000270	-1,676652	-1,226133
0,000275	-0,916985	-0,338619
0,000280	0,021088	0,612980
0,000285	0,958519	1,442855
0,000290	1,698870	1,984191
0,000295	2,103343	2,131682
0,000300	2,086597	1,852158
0,000305	1,654752	1,204551
0,000310	0,894435	0,317034
0,000315	-0,042996	-0,632955
0,000320	-0,974306	-1,461214
0,000325	-1,716261	-2,003834
0,000330	-2,120730	-2,150035
0,000335	-2,103019	-1,866327
0,000340	-1,665381	-1,215184
0,000345	-0,907002	-0,325416
0,000350	0,036224	0,627794
0,000355	0,968180	1,452516
0,000360	1,708209	1,989022
0,000365	2,104631	2,132326
0,000370	2,082733	1,845395
0,000375	1,646057	1,195212
0,000380	0,881554	0,304153
0,000385	-0,056521	-0,644548
0,000390	-0,989763	-1,471519
0,000395	-1,726888	-2,006088
0,000400	-2,124273	-2,147459
0,000405	-2,098188	-1,855700
0,000410	-1,658618	-1,204235
0,000415	-0,890578	-0,311247
0,000420	0,050071	0,640031
0,000425	0,981384	1,463465
0,000430	1,714972	1,993530
0,000435	2,111072	2,129750
0,000440	2,081123	1,837022
0,000445	1,639294	1,182009
0,000450	0,871249	0,289661
0,000455	-0,071012	-0,660005
0,000460	-1,000390	-1,480858
0,000465	-1,733329	-2,011240
0,000470	-2,126527	-2,145204
0,000475	-2,095290	-1,850226
0,000480	-1,648635	-1,191354
0,000485	-0,877053	-0,298044
0,000490	0,067139	0,651946
0,000495	0,995231	1,472804
0,000500	1,724311	1,999327
0,000505	2,110428	2,126530
0,000510	2,078547	1,829937
0,000515	1,628989	1,172026
0,000520	0,856113	0,276780
0,000525	-0,082928	-0,673208
0,000530	-1,013271	-1,491163
0,000535	-1,743956	-2,016393
0,000540	-2,126849	-2,143272
0,000545	-2,091748	-1,844429
0,000550	-1,641873	-1,179439
0,000555	-0,864494	-0,282264
0,000560	0,082596	0,666437
0,000565	1,007146	1,482787
0,000570	1,732040	2,002869
0,000575	2,114614	2,124597
0,000580	2,074360	1,824463
0,000585	1,618362	1,159145
0,000590	0,843876	0,262611
0,000595	-0,099029	-0,683513
0,000600	-1,025509	-1,501790
0,000605	-1,752007	-2,020901
0,000610	-2,131035	-2,141018
0,000615	-2,087239	-1,838633
0,000620	-1,630602	-1,170100
0,000625	-0,851613	-0,269705
0,000630	0,094833	0,678674
0,000635	1,017773	1,492770
0,000640	1,739446	2,007377
0,000645	2,115902	2,125886
0,000650	2,069852	1,816412
0,000655	1,611922	1,148196
0,000660	0,832283	0,248120
0,000665	-0,111588	-0,695428
0,000670	-1,038712	-1,512417
0,000675	-1,759735	-2,029274
0,000680	-2,133933	-2,140696
0,000685	-2,080155	-1,829616
0,000690	-1,621907	-1,155286
0,000695	-0,839053	-0,257790
0,000700	0,108036	0,689945
0,000705	1,030654	1,502431
0,000710	1,747175	2,014784
0,000715	2,120733	2,123631
0,000720	2,062767	1,809005
0,000725	1,601939	1,135315
0,000730	0,820046	0,234594
0,000735	-0,126402	-0,713462
0,000740	-1,050305	-1,522722
0,000745	-1,767142	-2,030562
0,000750	-2,136188	-2,139730
0,000755	-2,080155	-1,825107
0,000760	-1,612890	-1,144659
0,000765	-0,826494	-0,242010
0,000770	0,120273	0,705081
0,000775	1,043858	1,512092
0,000780	1,756514	2,016394
0,000785	2,121055	2,122987
0,000790	2,061157	1,802565
0,000795	1,592278	1,124687
0,000800	0,805877	0,223323
0,000805	-0,139605	-0,726343
0,000810	-1,059966	-1,531095
0,000815	-1,774549	-2,035070
0,000820	-2,135866	-2,137154
0,000825	-2,076934	-1,814802
0,000830	-1,602907	-1,134354
0,000835	-0,814257	-0,229129
0,000840	0,132833	0,717640
0,000845	1,056095	1,520464
0,000850	1,765853	2,023479
0,000855	2,123953	2,118801
0,000860	2,056326	1,793548
0,000865	1,582939	1,112128
0,000870	0,793317	0,207222
0,000875	-0,152486	-0,737936
0,000880	-1,075101	-1,540111
0,000885	-1,783244	-2,041511
0,000890	-2,140052	-2,134900
0,000895	-2,073714	-1,807396
0,000900	-1,594856	-1,121151
0,000905	-0,800088	-0,213994
0,000910	0,147002	0,731487
0,000915	1,066722	1,531736
0,000920	1,774870	2,027343
0,000925	2,123309	2,117513
0,000930	2,050852	1,787429
0,000935	1,574244	1,101179
0,000940	0,780436	0,194662
0,000945	-0,167621	-0,751783
0,000950	-1,083796	-1,549450
0,000955	-1,791938	-2,044409
0,000960	-2,141984	-2,135544
0,000965	-2,069206	-1,801599
0,000970	-1,583907	-1,108270
0,000975	-0,787529	-0,200146
0,000980	0,161815	0,743725
0,000985	1,078637	1,540108
0,000990	1,781955	2,030886
0,000995	2,125886	2,115580
0,001000	2,052140	1,779378
0,001005	1,565227	1,089586
0,001010	0,765945	0,182103
0,001015	-0,181469	-0,762732
0,001020	-1,099575	-1,562009
0,001025	-1,797413	-2,050528
0,001030	-2,141984	-2,132323
0,001035	-2,065019	-1,795481
0,001040	-1,573280	-1,096677
0,001045	-0,775292	-0,186943
0,001050	0,174697	0,757894
0,001055	1,090874	1,552668
0,001060	1,786463	2,034750
0,001065	2,128140	2,113648
0,001070	2,045699	1,773582
0,001075	1,554922	1,077671
0,001080	0,756284	0,168578
0,001085	-0,194350	-0,776580
0,001090	-1,109236	-1,568772
0,001095	-1,804820	-2,052782
0,001100	-2,145849	-2,130713
0,001105	-2,059545	-1,787108
0,001110	-1,564908	-1,085728
0,001115	-0,760478	-0,173740
0,001120	0,189832	0,769809
0,001125	1,102467	1,560718
0,001130	1,797090	2,040547
0,001135	2,128784	2,112682
0,001140	2,040869	1,765209
0,001145	1,545261	1,062535
0,001150	0,740182	0,150866
0,001155	-0,209163	-0,788173
0,001160	-1,119541	-1,579077
0,001165	-1,814802	-2,057290
0,001170	-2,149391	-2,127171
0,001175	-2,055358	-1,776481
0,001180	-1,554925	-1,074779
0,001185	-0,748241	-0,160215
0,001190	0,203357	0,783334
0,001195	1,113738	1,569091
0,001200	1,805463	2,040869
0,001205	2,134258	2,110106
0,001210	2,038615	1,757158
0,001215	1,534634	1,054485
0,001220	0,727301	0,138629
0,001225	-0,223333	-0,802664
0,001230	-1,132744	-1,588416
0,001235	-1,822209	-2,061155
0,001240	-2,150357	-2,127815
0,001245	-2,051172	-1,769074
0,001250	-1,546552	-1,062542
0,001255	-0,735682	-0,146367
0,001260	0,215916	0,795894
0,001265	1,125332	1,578430
0,001270	1,812548	2,046021
0,001275	2,132970	2,105597
0,001280	2,030886	1,748141
0,001285	1,527227	1,040637
0,001290	0,715386	0,124782
0,001295	-0,236858	-0,815223
0,001300	-1,145948	-1,597755
0,001305	-1,831548	-2,066629
0,001310	-2,152289	-2,124273
0,001315	-2,045697	-1,762634
0,001320	-1,534959	-1,051915
0,001325	-0,724089	-0,131554
0,001330	0,231052	0,807487
0,001335	1,138857	1,588413
0,001340	1,818666	2,050852
0,001345	2,137479	2,105275
0,001350	2,027665	1,742345
0,001355	1,515634	1,029044
0,001360	0,703149	0,112223
0,001365	-0,251027	-0,828104
0,001370	-1,157541	-1,606450
0,001375	-1,835734	-2,069206
0,001380	-2,154221	-2,124273
0,001385	-2,042477	-1,753617
0,001390	-1,524332	-1,038068
0,001395	-0,709920	-0,118351
0,001400	0,243611	0,821656
0,001405	1,149806	1,597752
0,001410	1,825751	2,054394
0,001415	2,139411	2,105275
0,001420	2,023801	1,732040
0,001425	1,506295	1,017451
0,001430	0,688013	0,098375
0,001435	-0,264230	-0,840986
0,001440	-1,167524	-1,616432
0,001445	-1,846361	-2,071460
0,001450	-2,155187	-2,120408
0,001455	-2,037647	-1,744922
0,001460	-1,514993	-1,023898
0,001465	-0,697360	-0,103537
0,001470	0,256814	0,833571
0,001475	1,161721	1,606125
0,001480	1,831548	2,059547
0,001485	2,138445	2,101733
0,001490	2,017360	1,723667
0,001495	1,493736	1,004892
