Time (s)	V_IN	V	
0.000000	-0.032047	0.568218
0.000005	0.935333	1.434160
0.000010	1.705633	1.990954
0.000015	2.112360	2.126208
0.000020	2.066631	1.805141
0.000025	1.584549	1.103433
0.000030	0.760470	0.162781
0.000035	-0.222044	-0.811359
0.000040	-1.162371	-1.616432
0.000045	-1.857632	-2.079188
0.000050	-2.160984	-2.105595
0.000055	-2.002868	-1.682770
0.000060	-1.422893	-0.904425
0.000065	-0.540854	0.066816
0.000070	0.450355	1.017773
0.000075	1.345601	1.754260
0.000080	1.954242	2.114614
0.000085	2.146818	2.026377
0.000090	1.881785	1.505329
0.000095	1.215500	0.664505
0.000100	0.289017	-0.315433
0.000105	-0.697360	-1.234828
0.000110	-1.540434	-1.895310
0.000115	-2.059223	-2.150035
0.000120	-2.141340	-1.953275
0.000125	-1.766498	-1.338199
0.000130	-1.020678	-0.441669
0.000135	-0.058131	0.542777
0.000140	0.911503	1.413228
0.000145	1.688565	1.983225
0.000150	2.105597	2.129428
0.000155	2.073716	1.820921
0.000160	1.601939	1.125654
0.000165	0.785589	0.189832
0.000170	-0.194994	-0.787207
0.000175	-1.139185	-1.597755
0.000180	-1.843141	-2.072104
0.000185	-2.156476	-2.111391
0.000190	-2.012850	-1.700160
0.000195	-1.442215	-0.928578
0.000200	-0.565006	0.038156
0.000205	0.424592	0.993943
0.000210	1.327567	1.738158
0.000215	1.944581	2.111072
0.000220	2.149716	2.032818
0.000225	1.893378	1.525295
0.000230	1.235144	0.687691
0.000235	0.313814	-0.291281
0.000240	-0.672564	-1.212930
0.000245	-1.523044	-1.883395
0.000250	-2.049562	-2.149713
0.000255	-2.144238	-1.962614
0.000260	-1.782922	-1.358809
0.000265	-1.047729	-0.468075
0.000270	-0.084216	0.517981
0.000275	0.888639	1.395838
0.000280	1.671820	1.971632
0.000285	2.101411	2.132648
0.000290	2.082411	1.835734
0.000295	1.617718	1.147552
0.000300	0.808775	0.216239
0.000305	-0.169554	-0.762732
0.000310	-1.115033	-1.580043
0.000315	-1.827684	-2.067595
0.000320	-2.154543	-2.115256
0.000325	-2.022511	-1.715617
0.000330	-1.460892	-0.950154
0.000335	-0.591735	0.013037
0.000340	0.399474	0.972689
0.000345	1.305025	1.721090
0.000350	1.934276	2.105919
0.000355	2.147462	2.044733
0.000360	1.909479	1.541719
0.000365	1.260263	0.713132
0.000370	0.341830	-0.264874
0.000375	-0.647768	-1.193930
0.000380	-1.501790	-1.868581
0.000385	-2.039257	-2.147137
0.000390	-2.148103	-1.973241
0.000395	-1.797091	-1.380385
0.000400	-1.068016	-0.495126
0.000405	-0.111910	0.491575
0.000410	0.863520	1.375228
0.000415	1.654430	1.962615
0.000420	2.094648	2.131038
0.000425	2.086275	1.847971
0.000430	1.635430	1.170094
0.000435	0.832927	0.241035
0.000440	-0.143791	-0.736326
0.000445	-1.095067	-1.564264
0.000450	-1.814158	-2.060833
0.000455	-2.150035	-2.121052
0.000460	-2.030884	-1.732041
0.000465	-1.480214	-0.975594
0.000470	-0.619429	-0.012403
0.000475	0.372745	0.947248
0.000480	1.283771	1.706921
0.000485	1.921395	2.100123
0.000490	2.149072	2.046987
0.000495	1.917208	1.560396
0.000500	1.280873	0.738572
0.000505	0.366305	-0.237824
0.000510	-0.623294	-1.169456
0.000515	-1.484078	-1.853124
0.000520	-2.032172	-2.147781
0.000525	-2.151001	-1.983224
0.000530	-1.812870	-1.399063
0.000535	-1.090881	-0.520566
0.000540	-0.136385	0.466778
0.000545	0.841300	1.353008
0.000550	1.640904	1.951344
0.000555	2.088852	2.135224
0.000560	2.094004	1.862785
0.000565	1.652820	1.191992
0.000570	0.858690	0.268729
0.000575	-0.115775	-0.711530
0.000580	-1.070915	-1.544942
0.000585	-1.801277	-2.051816
0.000590	-2.149069	-2.126205
0.000595	-2.042799	-1.746532
0.000600	-1.498892	-0.999102
0.000605	-0.642293	-0.038487
0.000610	0.347627	0.924062
0.000615	1.264127	1.690175
0.000620	1.908513	2.097225
0.000625	2.147784	2.056970
0.000630	1.929123	1.578752
0.000635	1.302127	0.762724
0.000640	0.393355	-0.213672
0.000645	-0.596565	-1.147236
0.000650	-1.463791	-1.840243
0.000655	-2.022833	-2.147781
0.000660	-2.155509	-1.996105
0.000665	-1.827040	-1.419028
0.000670	-1.110846	-0.545040
0.000675	-0.165367	0.438762
0.000680	0.816182	1.333042
0.000685	1.620294	1.940717
0.000690	2.080157	2.134580
0.000695	2.100123	1.875344
0.000700	1.669887	1.212280
0.000705	0.883164	0.294814
0.000710	-0.090656	-0.686089
0.000715	-1.047407	-1.527552
0.000720	-1.786464	-2.044731
0.000725	-2.142628	-2.130713
0.000730	-2.047630	-1.762312
0.000735	-1.518536	-1.021000
0.000740	-0.669022	-0.066504
0.000745	0.319932	0.900232
0.000750	1.240619	1.673430
0.000755	1.896598	2.090462
0.000760	2.149394	2.064055
0.000765	1.944581	1.596464
0.000770	1.321771	0.786233
0.000775	0.419118	-0.185655
0.000780	-0.570481	-1.126626
0.000785	-1.444147	-1.828972
0.000790	-2.012528	-2.142628
0.000795	-2.155509	-2.000935
0.000800	-1.841209	-1.438994
0.000805	-1.133710	-0.569515
0.000810	-0.190486	0.414287
0.000815	0.790419	1.314364
0.000820	1.601939	1.930412
0.000825	2.076614	2.136513
0.000830	2.104309	1.889191
0.000835	1.684057	1.236432
0.000840	0.908282	0.321220
0.000845	-0.064250	-0.661615
0.000850	-1.025187	-1.506942
0.000855	-1.769396	-2.035070
0.000860	-2.141018	-2.132323
0.000865	-2.056968	-1.776159
0.000870	-1.537213	-1.043220
0.000875	-0.695106	-0.091944
0.000880	0.294814	0.876401
0.000885	1.220009	1.656684
0.000890	1.884039	2.087564
0.000895	2.149716	2.070174
0.000900	1.954242	1.611922
0.000905	1.342703	0.811351
0.000910	0.445524	-0.160215
0.000915	-0.548583	-1.103440
0.000920	-1.424503	-1.815447
0.000925	-2.003190	-2.143594
0.000930	-2.157442	-2.013817
0.000935	-1.854412	-1.457350
0.000940	-1.157863	-0.597209
0.000945	-0.216892	0.388847
0.000950	0.763691	1.292144
0.000955	1.584871	1.916886
0.000960	2.067920	2.138445
0.000965	2.109462	1.898530
0.000970	1.700480	1.255432
0.000975	0.930503	0.347627
0.000980	-0.037199	-0.635531
0.000985	-1.000712	-1.487299
0.000990	-1.755549	-2.024766
0.000995	-2.136188	-2.135222
0.001000	-2.066629	-1.790328
0.001005	-1.557179	-1.067694
0.001010	-0.719903	-0.118673
0.001015	0.266475	0.851927
0.001020	1.197789	1.642515
0.001025	1.871802	2.082733
0.001030	2.147462	2.076937
0.001035	1.963259	1.631243
0.001040	1.364923	0.837436
0.001045	0.470643	-0.136062
0.001050	-0.518634	-1.081220
0.001055	-1.402283	-1.800955
0.001060	-1.993529	-2.137154
0.001065	-2.159696	-2.022189
0.001070	-1.867937	-1.476994
0.001075	-1.179117	-0.621361
0.001080	-0.245553	0.362440
0.001085	0.741148	1.269280
0.001090	1.568769	1.906581
0.001095	2.061479	2.135547
0.001100	2.113970	1.910446
0.001105	1.718192	1.277008
0.001110	0.954655	0.370491
0.001115	-0.014013	-0.610090
0.001120	-0.979780	-1.469909
0.001125	-1.738804	-2.016715
0.001130	-2.131357	-2.138764
0.001135	-2.075968	-1.809006
0.001140	-1.575535	-1.090236
0.001145	-0.744377	-0.145401
0.001150	0.241035	0.828097
0.001155	1.175568	1.622871
0.001160	1.857310	2.073716
0.001165	2.144241	2.081445
0.001170	1.976462	1.648311
0.001175	1.382313	0.860300
0.001180	0.497371	-0.113198
0.001185	-0.494482	-1.058034
0.001190	-1.383927	-1.784854
0.001195	-1.984512	-2.133933
0.001200	-2.162916	-2.032172
0.001205	-1.883073	-1.497282
0.001210	-1.203913	-0.646158
0.001215	-0.270993	0.338610
0.001220	0.718928	1.249314
0.001225	1.548803	1.894988
0.001230	2.051818	2.133936
0.001235	2.119123	1.921395
0.001240	1.733328	1.299873
0.001245	0.978485	0.398830
0.001250	0.015292	-0.584650
0.001255	-0.950798	-1.450265
0.001260	-1.722380	-2.007698
0.001265	-2.127815	-2.143916
0.001270	-2.082087	-1.820921
0.001275	-1.592280	-1.111812
0.001280	-0.770461	-0.170842
0.001285	0.214628	0.802334
0.001290	1.152060	1.606447
0.001295	1.844751	2.067276
0.001300	2.142631	2.088530
0.001305	1.985801	1.663769
0.001310	1.404855	0.886706
0.001315	0.523456	-0.083250
0.001320	-0.468075	-1.035169
0.001325	-1.364928	-1.768108
0.001330	-1.971631	-2.131357
0.001335	-2.165492	-2.039579
0.001340	-1.896598	-1.517891
0.001345	-1.224201	-0.673208
0.001350	-0.296433	0.309305
0.001355	0.690912	1.226771
0.001360	1.531736	1.881141
0.001365	2.046987	2.135869
0.001370	2.121699	1.932344
0.001375	1.750395	1.319839
0.001380	1.001994	0.425880
0.001385	0.038800	-0.559854
0.001390	-0.931154	-1.430299
0.001395	-1.706923	-1.999647
0.001400	-2.122662	-2.143594
0.001405	-2.087883	-1.835412
0.001410	-1.611280	-1.139185
0.001415	-0.795257	-0.197570
0.001420	0.188544	0.778504
0.001425	1.130162	1.589379
0.001430	1.831226	2.061479
0.001435	2.139733	2.092716
0.001440	1.994496	1.678582
0.001445	1.424821	0.907638
0.001450	0.549218	-0.059097
0.001455	-0.441991	-1.012627
0.001460	-1.342707	-1.755227
0.001465	-1.962936	-2.127493
0.001470	-2.166458	-2.049240
0.001475	-1.909479	-1.533027
0.001480	-1.247065	-0.697038
0.001485	-0.322196	0.284509
0.001490	0.666115	1.205517
0.001495	1.513702	1.868581
