2254.958157       	 9.706797   	 7.612655   	 0            	 -2.094142
2270.047779       	 -15.32965  	 -17.449356 	 0            	 -2.119706
2270.049682       	 54.395389  	 52.280801  	 0            	 -2.114588
2285.138428       	 -0.13131   	 -2.26327   	 0            	 -2.13196
2285.133484       	 166.035999 	 163.899793 	 0            	 -2.136206
2300.03118        	 128.736205 	 126.578698 	 0            	 -2.157507
2300.03205        	 153.21753  	 151.067913 	 0            	 -2.149617
2300.03398        	 -89.962381 	 -92.115761 	 0            	 -2.15338
2315.11712        	 -164.113529	 -166.296463	 0            	 -2.182934
2315.121817       	 50.017648  	 47.838289  	 0            	 -2.179359
2330.021878       	 -64.785342 	 -66.974445 	 0            	 -2.189103
2330.018414       	 135.170147 	 132.964496 	 0            	 -2.205651
2345.110089       	 -103.631789	 -105.85092 	 0            	 -2.219131
2345.115665       	 10.572571  	 8.363047   	 0            	 -2.209524
2360.018596       	 164.934883 	 162.69555  	 0            	 -2.239333
2360.015659       	 165.304735 	 163.071735 	 0            	 -2.233
2375.103019       	 20.137189  	 17.891934  	 0            	 -2.245255
2375.100431       	 -146.242318	 -148.497516	 0            	 -2.255198
2389.995305       	 -24.540379 	 -26.80598  	 0            	 -2.265601
2389.995606       	 78.238873  	 75.965003  	 0            	 -2.27387
2405.0971         	 -153.57546 	 -155.858994	 0            	 -2.283534
2405.091571       	 -32.320492 	 -34.614053 	 0            	 -2.293561
2419.989976       	 91.848105  	 89.544627  	 0            	 -2.303478
2419.989791       	 77.107779  	 74.80097   	 0            	 -2.306809
2435.092632       	 -162.739164	 -165.060987	 0            	 -2.321823
2435.082727       	 132.192862 	 129.879618 	 0            	 -2.313244
2435.076204       	 -76.635034 	 -78.973949 	 0            	 -2.338915
2449.980378       	 7.876511   	 5.525976   	 0            	 -2.350535
2449.980921       	 -155.835631	 -158.184234	 0            	 -2.348603
2465.068852       	 -128.572414	 -130.940577	 0            	 -2.368163
2465.06836        	 122.9359   	 120.566821 	 0            	 -2.369079
2479.966514       	 39.080728  	 36.675345  	 0            	 -2.405383
2479.961899       	 -24.616709 	 -27.006243 	 0            	 -2.389534
2495.059212       	 11.273942  	 8.866189   	 0            	 -2.407753
2495.064597       	 178.324225 	 175.914614 	 0            	 -2.409611
2509.955494       	 34.986897  	 32.549397  	 0            	 -2.4375
2509.958175       	 -16.163113 	 -18.598458 	 0            	 -2.435345
2525.044718       	 -157.777391	 -160.239329	 0            	 -2.461938
2525.044834       	 56.70373   	 54.25403   	 0            	 -2.4497
2525.044766       	 29.69706   	 27.24654   	 0            	 -2.45052
2540.140334       	 -37.056306 	 -39.519809 	 0            	 -2.463503
2540.136774       	 99.327962  	 96.85693   	 0            	 -2.471032
2555.035991       	 149.495037 	 146.99896  	 0            	 -2.496077
2555.029774       	 50.839628  	 48.338802  	 0            	 -2.500826
2570.13121        	 -11.423211 	 -13.920099 	 0            	 -2.496888
2570.125236       	 -39.193088 	 -41.704599 	 0            	 -2.511511
2585.019939       	 82.152519  	 79.617601  	 0            	 -2.534918
2585.031175       	 90.151909  	 87.609668  	 0            	 -2.542241
2600.113425       	 -49.0563   	 -51.611649 	 0            	 -2.555349
2600.109052       	 19.089436  	 16.522734  	 0            	 -2.566702
2615.015582       	 -104.686403	 -107.25791 	 0            	 -2.571507
2615.009108       	 -68.085198 	 -70.670537 	 0            	 -2.585339
2615.009893       	 68.978754  	 66.393445  	 0            	 -2.585309
2630.10468        	 -41.272264 	 -43.870079 	 0            	 -2.597815
2630.084929       	 83.358556  	 80.759277  	 0            	 -2.599279
2644.999993       	 151.696775 	 149.073187 	 0            	 -2.623588
2645.010257       	 -47.495459 	 -50.117048 	 0            	 -2.621589
2660.089319       	 137.569733 	 134.927426 	 0            	 -2.642307
2660.078109       	 86.191345  	 83.531534  	 0            	 -2.659811
2674.986252       	 -41.614847 	 -44.28063  	 0            	 -2.665783
2674.979841       	 162.402586 	 159.727464 	 0            	 -2.675122
2690.07276        	 46.845562  	 44.154522  	 0            	 -2.69104
2690.079497       	 21.739131  	 19.046355  	 0            	 -2.692776
2704.983141       	 -1.881269  	 -4.590154  	 0            	 -2.708885
2704.980714       	 92.048438  	 89.340975  	 0            	 -2.707463
2720.078781       	 -32.144288 	 -34.873931 	 0            	 -2.729643
2720.067439       	 102.017432 	 99.287674  	 0            	 -2.729758
2734.972235       	 108.477881 	 105.72097  	 0            	 -2.756911
2734.954943       	 91.626298  	 88.857138  	 0            	 -2.76916
2750.059413       	 36.726266  	 33.95414   	 0            	 -2.772126
2750.052043       	 78.000282  	 75.227259  	 0            	 -2.773023
2764.960082       	 -54.042495 	 -56.843966 	 0            	 -2.801471
2764.943683       	 81.457012  	 78.636802  	 0            	 -2.82021
2764.951626       	 -49.489497 	 -52.295434 	 0            	 -2.805937
2780.047797       	 58.079562  	 55.258663  	 0            	 -2.820899
2780.054296       	 15.430891  	 12.606792  	 0            	 -2.824099
2795.136776       	 23.964492  	 21.118188  	 0            	 -2.846304
2795.144877       	 4.004893   	 1.169422   	 0            	 -2.835471
2810.038698       	 -14.506187 	 -17.37981  	 0            	 -2.873623
2810.037635       	 -57.50788  	 -60.379502 	 0            	 -2.871622
2825.132875       	 27.048836  	 24.173828  	 0            	 -2.875008
2825.121036       	 -19.76853  	 -22.67353  	 0            	 -2.905
2840.022595       	 39.871971  	 36.949898  	 0            	 -2.922073
2840.020381       	 11.792507  	 8.87047    	 0            	 -2.922037
2855.109997       	 -131.384922	 -134.332781	 0            	 -2.947859
2855.1084         	 -12.08442  	 -15.02794  	 0            	 -2.94352
2870.012974       	 96.15129   	 93.191059  	 0            	 -2.960231
2870.006978       	 156.384155 	 153.411689 	 0            	 -2.972466
2885.104075       	 7.384453   	 4.391436   	 0            	 -2.993017
2885.100599       	 163.017648 	 160.021841 	 0            	 -2.995807
2885.096834       	 -17.635928 	 -20.622905 	 0            	 -2.986977
2900.005029       	 129.553626 	 126.542609 	 0            	 -3.011017
2900.012093       	 99.860063  	 96.854193  	 0            	 -3.00587
2915.083775       	 -153.687347	 -156.739662	 0            	 -3.052315
2915.084264       	 83.535768  	 80.497266  	 0            	 -3.038502
2929.986443       	 138.173469 	 135.103815 	 0            	 -3.069654
2929.997669       	 95.194311  	 92.129217  	 0            	 -3.065094
2945.08043        	 -96.62397  	 -99.719095 	 0            	 -3.095125
2945.081592       	 -57.459822 	 -60.536296 	 0            	 -3.076474
2959.98264        	 -47.407669 	 -50.52036  	 0            	 -3.112691
2959.984029       	 112.848263 	 109.725803 	 0            	 -3.12246
2975.073199       	 -156.179298	 -159.315041	 0            	 -3.135743
2975.066296       	 138.224285 	 135.093927 	 0            	 -3.130358
2989.96366        	 146.698783 	 143.533448 	 0            	 -3.165335
2989.974566       	 -119.48391 	 -122.642179	 0            	 -3.158269
2989.982437       	 178.547111 	 175.406955 	 0            	 -3.140156
3005.060694       	 79.248021  	 76.072121  	 0            	 -3.1759
3020.133294       	 -1.460068  	 -4.682021  	 0            	 -3.221953
3020.150722       	 94.337732  	 91.135129  	 0            	 -3.202603
3020.148153       	 167.949999 	 164.742267 	 0            	 -3.207732
3035.057296       	 111.494057 	 108.262445 	 0            	 -3.231612
3035.037741       	 165.693285 	 162.449267 	 0            	 -3.244018
3050.13058        	 -81.77099  	 -85.033761 	 0            	 -3.262771
3050.134136       	 95.671997  	 92.408961  	 0            	 -3.263036
3065.033709       	 172.605454 	 169.320805 	 0            	 -3.284649
3065.030419       	 179.720399 	 176.431494 	 0            	 -3.288905
3080.129575       	 -63.515082 	 -66.83151  	 0            	 -3.316428
3080.128622       	 85.501883  	 82.188753  	 0            	 -3.31313
3095.024753       	 146.267386 	 142.927135 	 0            	 -3.340251
3095.024645       	 -69.567034 	 -72.909338 	 0            	 -3.342304
3110.117243       	 17.68373   	 14.319605  	 0            	 -3.364125
3110.113437       	 -121.927801	 -125.287806	 0            	 -3.360005
3125.015414       	 58.987007  	 55.601462  	 0            	 -3.385545
3125.018254       	 17.304119  	 13.917456  	 0            	 -3.386663
3140.103129       	 -110.179741	 -113.593148	 0            	 -3.413407
3140.105933       	 -12.882313 	 -16.297063 	 0            	 -3.41475
3155.002615       	 -0.766378  	 -4.219289  	 0            	 -3.452911
3155.003808       	 -69.463126 	 -72.912884 	 0            	 -3.449758
3170.089528       	 -22.525242 	 -26.000104 	 0            	 -3.474862
3170.094767       	 25.271102  	 21.795267  	 0            	 -3.475835
3185.00191        	 -72.454495 	 -75.930569 	 0            	 -3.476074
3184.998482       	 -172.502572	 -176.013893	 0            	 -3.511321
3200.078033       	 39.467666  	 35.939443  	 0            	 -3.528223
3200.079065       	 -48.396742 	 -51.931553 	 0            	 -3.534811
3214.977733       	 -45.445517 	 -49.010465 	 0            	 -3.564948
3214.985307       	 -143.215026	 -146.767733	 0            	 -3.552707
3230.059503       	 154.537523 	 150.949665 	 0            	 -3.587858
3230.063698       	 -55.183888 	 -58.773648 	 0            	 -3.58976
3244.975055       	 -66.145705 	 -69.766443 	 0            	 -3.620738
3244.972691       	 -122.758639	 -126.372968	 0            	 -3.614329
3260.066925       	 -153.556275	 -157.188715	 0            	 -3.63244
3260.066264       	 61.880116  	 58.243762  	 0            	 -3.636354
3275.145642       	 -6.834183  	 -10.504449 	 0            	 -3.670266
3275.14223        	 -33.71468  	 -37.387119 	 0            	 -3.672439
3290.043704       	 117.031713 	 113.327444 	 0            	 -3.704269
3290.05174        	 70.101968  	 66.414741  	 0            	 -3.687227
3305.13512        	 -162.860571	 -166.596462	 0            	 -3.735891
3305.135319       	 -51.59261  	 -55.324455 	 0            	 -3.731845
3305.141225       	 86.058532  	 82.33431   	 0            	 -3.724222
3320.032548       	 -114.426001	 -118.194227	 0            	 -3.768226
3335.117058       	 -33.366192 	 -37.142754 	 0            	 -3.776562
3335.128591       	 -135.632628	 -139.413483	 0            	 -3.780855
3350.024932       	 -13.336844 	 -17.15986  	 0            	 -3.823016
3350.025215       	 55.1109    	 51.292418  	 0            	 -3.818482
3365.115263       	 64.781091  	 60.94496   	 0            	 -3.836131
3365.115947       	 117.607257 	 113.760944 	 0            	 -3.846313
3365.117337       	 -109.594092	 -113.447885	 0            	 -3.853793
3380.009147       	 -49.054337 	 -52.934929 	 0            	 -3.880592
3380.020399       	 148.928684 	 145.047072 	 0            	 -3.881612
3395.119349       	 -80.774178 	 -84.668596 	 0            	 -3.894418
3395.112472       	 -22.192877 	 -26.101984 	 0            	 -3.909107
3410.016129       	 129.022214 	 125.095524 	 0            	 -3.92669
3410.002206       	 32.062431  	 28.115535  	 0            	 -3.946896
3425.089218       	 151.785898 	 147.814843 	 0            	 -3.971055
3425.094583       	 -117.587743	 -121.563791	 0            	 -3.976048
3439.996339       	 -63.296858 	 -67.288527 	 0            	 -3.991669
3439.990098       	 -135.60315 	 -139.611849	 0            	 -4.008699
3455.089689       	 -1.349673  	 -5.374481  	 0            	 -4.024808
3455.073792       	 65.120845  	 61.079374  	 0            	 -4.041471
3469.982892       	 20.484653  	 16.42025   	 0            	 -4.064403
3469.971459       	 -24.080384 	 -28.153266 	 0            	 -4.072882
3485.068967       	 -175.012584	 -179.102134	 0            	 -4.08955
3485.068937       	 -69.429377 	 -73.525567 	 0            	 -4.09619
3499.971152       	 -126.473423	 -130.596489	 0            	 -4.123066
3499.966007       	 -112.192237	 -116.334132	 0            	 -4.141895
3515.062604       	 -50.968332 	 -55.126219 	 0            	 -4.157887
3515.057466       	 157.571151 	 153.415061 	 0            	 -4.15609
3530.146204       	 80.583339  	 76.398311  	 0            	 -4.185028
3530.154196       	 129.920184 	 125.732207 	 0            	 -4.187977
3545.056188       	 -124.842047	 -129.062468	 0            	 -4.220421
3545.057836       	 111.791951 	 107.581098 	 0            	 -4.210853
3560.129715       	 125.80866  	 121.548775 	 0            	 -4.259885
3560.141891       	 36.327095  	 32.064384  	 0            	 -4.262711
3575.039827       	 -21.44443  	 -25.742744 	 0            	 -4.298314
3575.043302       	 -94.610557 	 -98.896288 	 0            	 -4.285731
3590.130256       	 -25.353688 	 -29.668744 	 0            	 -4.315056
3590.121648       	 65.613451  	 61.274492  	 0            	 -4.338959
3605.032279       	 -4.310179  	 -8.664423  	 0            	 -4.354244
3605.028719       	 -104.20914 	 -108.569997	 0            	 -4.360857
3620.103193       	 -58.153355 	 -62.550114 	 0            	 -4.396759
3620.128014       	 120.522454 	 116.134951 	 0            	 -4.387503
3635.019607       	 74.99144   	 70.563666  	 0            	 -4.427774
3635.015099       	 -1.35933   	 -5.778712  	 0            	 -4.419382
3650.093479       	 24.162515  	 19.704958  	 0            	 -4.457557
3650.110068       	 -101.602447	 -106.055683	 0            	 -4.453236
3665.004187       	 176.164604 	 171.668536 	 0            	 -4.496068
3665.009681       	 47.383579  	 42.88826   	 0            	 -4.495319
3665.001853       	 -93.399247 	 -97.890415 	 0            	 -4.491168
3680.099172       	 -15.448953 	 -19.977266 	 0            	 -4.528313
3680.080502       	 138.519924 	 133.983395 	 0            	 -4.536529
3694.993898       	 96.039056  	 91.469992  	 0            	 -4.569064
3694.999192       	 141.429049 	 136.859242 	 0            	 -4.569807
3710.08582        	 -131.059333	 -135.664609	 0            	 -4.605276
3710.077804       	 -136.435077	 -141.044785	 0            	 -4.609708
3724.985155       	 -100.201811	 -104.830485	 0            	 -4.628674
3724.987454       	 116.598628 	 111.960054 	 0            	 -4.638574
3740.075697       	 -66.99025  	 -71.661222 	 0            	 -4.670972
3740.070553       	 -111.774932	 -116.449934	 0            	 -4.675002
3755.159138       	 3.311402   	 -1.396146  	 0            	 -4.707548
3755.166591       	 44.209567  	 39.503279  	 0            	 -4.706288
3770.06146        	 -176.12642 	 179.126061 	 0            	 355.252481
3770.058509       	 -95.167947 	 -99.914739 	 0            	 -4.746792
3785.147493       	 36.014571  	 31.231243  	 0            	 -4.783328
3785.145434       	 -60.053892 	 -64.844197 	 0            	 -4.790305
3800.050513       	 117.659489 	 112.850018 	 0            	 -4.809471
3800.048818       	 -62.40801  	 -67.222498 	 0            	 -4.814488
3815.143903       	 177.768685 	 172.915352 	 0            	 -4.853333
3815.139489       	 161.663989 	 156.807166 	 0            	 -4.856823
3830.034402       	 -59.805843 	 -64.700847 	 0            	 -4.895004
3830.032886       	 55.118869  	 50.226502  	 0            	 -4.892367
3845.124135       	 -124.628941	 -129.564461	 0            	 -4.93552
3845.119964       	 44.195988  	 39.252568  	 0            	 -4.94342
3860.039029       	 -178.418389	 176.616061 	 0            	 355.03445
3860.02162        	 126.874646 	 121.898975 	 0            	 -4.975671
3875.119166       	 170.306886 	 165.300288 	 0            	 -5.006598
3875.120566       	 98.979013  	 93.975556  	 0            	 -5.003457
3890.016563       	 -152.366273	 -157.416671	 0            	 -5.050398
3890.006651       	 75.255743  	 70.188991  	 0            	 -5.066752
3905.104671       	 156.596435 	 151.516443 	 0            	 -5.079992
3905.101108       	 168.87312  	 163.784507 	 0            	 -5.088613
3920.01195        	 -47.533888 	 -52.658858 	 0            	 -5.12497
3920.004302       	 -99.91153  	 -105.046636	 0            	 -5.135106
3935.090511       	 143.866232 	 138.694693 	 0            	 -5.171539
3935.093357       	 94.535384  	 89.367395  	 0            	 -5.167989
3949.994528       	 -24.56996  	 -29.785829 	 0            	 -5.215869
3949.997356       	 99.461588  	 94.265421  	 0            	 -5.196167
3965.084813       	 -139.297527	 -144.539796	 0            	 -5.242269
3965.079506       	 -105.316153	 -110.557615	 0            	 -5.241462
3979.990325       	 70.262538  	 64.980544  	 0            	 -5.281994
3979.989573       	 44.80206   	 39.517136  	 0            	 -5.284924
3995.080453       	 -136.54559 	 -141.880548	 0            	 -5.334958
3995.07441        	 1.538909   	 -3.787346  	 0            	 -5.326255
4010.164137       	 -35.996976 	 -41.368597 	 0            	 -5.371621
4010.162128       	 -144.902369	 -150.281347	 0            	 -5.378978
4025.054012       	 116.773468 	 111.350533 	 0            	 -5.422935
4025.059571       	 115.07313  	 109.65016  	 0            	 -5.42297
4040.143757       	 -166.548343	 -172.005692	 0            	 -5.457349
4040.153134       	 125.560883 	 120.109484 	 0            	 -5.451399
4055.054186       	 -102.992594	 -108.490554	 0            	 -5.49796
4055.046182       	 -146.638464	 -152.150972	 0            	 -5.512508
4070.141635       	 49.597272  	 44.058428  	 0            	 -5.538844
4070.137752       	 176.741308 	 171.191847 	 0            	 -5.549461
4085.046107       	 96.764913  	 91.178653  	 0            	 -5.58626
4085.041229       	 -18.760268 	 -24.339687 	 0            	 -5.579419
4100.118532       	 93.502893  	 87.859121  	 0            	 -5.643772
4100.125175       	 -141.365127	 -146.999536	 0            	 -5.634409
4115.031179       	 80.210813  	 74.538386  	 0            	 -5.672427
4115.031639       	 -110.911913	 -116.58472 	 0            	 -5.672807
4130.107037       	 -18.501687 	 -24.230472 	 0            	 -5.728785
4130.117011       	 102.778    	 97.061621  	 0            	 -5.716379
4145.009385       	 117.557208 	 111.781676 	 0            	 -5.775532
4145.013806       	 71.638318  	 65.862026  	 0            	 -5.776292
4160.102401       	 154.519308 	 148.701183 	 0            	 -5.818125
4160.103408       	 8.789436   	 2.981085   	 0            	 -5.808351
4160.714818       	 131.722945 	 125.914753 	 0            	 -5.808192
4175.009338       	 -71.09035  	 -76.940379 	 0            	 -5.850029
4174.995233       	 40.656056  	 34.786372  	 0            	 -5.869684
4190.096177       	 -97.082716 	 -102.989435	 0            	 -5.906719
4190.125509       	 61.501743  	 55.599233  	 0            	 -5.90251
4204.990208       	 -143.360015	 -149.313113	 0            	 -5.953098
4220.089997       	 -121.276787	 -127.259817	 0            	 -5.98303
4220.091844       	 -174.228081	 179.778606 	 0            	 354.006687
4234.979083       	 -162.910862	 -168.959965	 0            	 -6.049103
4234.98344        	 32.928912  	 26.881981  	 0            	 -6.046931
4250.069952       	 96.714465  	 90.618439  	 0            	 -6.096026
4250.071927       	 -103.007768	 -109.092764	 0            	 -6.084996
4265.159634       	 -25.85065  	 -31.984994 	 0            	 -6.134344
4265.158843       	 59.285622  	 53.140399  	 0            	 -6.145223
4280.063666       	 93.106915  	 86.919298  	 0            	 -6.187617
4280.060741       	 170.355717 	 164.172706 	 0            	 -6.183011
4295.150688       	 -90.992618 	 -97.224614 	 0            	 -6.231996
4295.151394       	 71.740126  	 65.509568  	 0            	 -6.230558
4310.042348       	 16.176229  	 9.887737   	 0            	 -6.288492
4310.049024       	 -160.249365	 -166.542683	 0            	 -6.293318
4325.149398       	 108.321046 	 101.994427 	 0            	 -6.326619
4325.144334       	 154.782899 	 148.454868 	 0            	 -6.328031
4340.037249       	 68.305121  	 61.918192  	 0            	 -6.386929
4340.043102       	 159.356452 	 152.984369 	 0            	 -6.372083
4355.12419        	 167.848229 	 161.40723  	 0            	 -6.440999
4355.126523       	 -6.397453  	 -12.829423 	 0            	 -6.43197
4370.029273       	 -170.518721	 -176.998085	 0            	 -6.479364
4370.024155       	 71.451888  	 64.96214   	 0            	 -6.489748
4385.100591       	 -72.364212 	 -78.929335 	 0            	 -6.565123
4385.113549       	 157.258305 	 150.719722 	 0            	 -6.538583
4400.01474        	 130.047435 	 123.463101 	 0            	 -6.584334
4400.022553       	 155.473407 	 148.88728  	 0            	 -6.586127
4415.096335       	 -96.493759 	 -103.149163	 0            	 -6.655404
4415.104267       	 135.485493 	 128.841036 	 0            	 -6.644457
4430.018341       	 119.43505  	 112.738965 	 0            	 -6.696085
4430.004716       	 76.884379  	 70.18496   	 0            	 -6.699419
4445.090049       	 74.011026  	 67.262934  	 0            	 -6.748092
4445.092994       	 173.733896 	 166.98518  	 0            	 -6.748716
4459.991601       	 -12.671476 	 -19.473297 	 0            	 -6.801821
4459.989281       	 64.508196  	 57.699755  	 0            	 -6.808441
4475.090609       	 -136.035817	 -142.888725	 0            	 -6.852908
4475.084438       	 -7.657765  	 -14.510067 	 0            	 -6.852302
4490.176878       	 96.46462   	 89.564965  	 0            	 -6.899655
4490.173523       	 154.702205 	 147.802959 	 0            	 -6.899246
4505.081905       	 50.87003   	 43.908943  	 0            	 -6.961087
4505.074351       	 83.314899  	 76.346632  	 0            	 -6.968267
4520.161011       	 -41.367252 	 -48.384515 	 0            	 -7.017263
4520.165394       	 34.806862  	 27.787506  	 0            	 -7.019356
4535.065723       	 -30.509323 	 -37.592802 	 0            	 -7.083479
4535.060942       	 -163.298013	 -170.381727	 0            	 -7.083714
4550.149826       	 -81.051273 	 -88.181942 	 0            	 -7.130669
4550.142646       	 -25.246534 	 -32.381321 	 0            	 -7.134787
4565.052421       	 155.000253 	 147.804698 	 0            	 -7.195555
4565.043542       	 -20.835101 	 -28.029125 	 0            	 -7.194024
4580.136448       	 -133.406768	 -140.670829	 0            	 -7.264061
4580.146533       	 70.859857  	 63.616416  	 0            	 -7.243441
4595.047246       	 74.53186   	 67.242268  	 0            	 -7.289592
4595.032473       	 -46.278583 	 -53.592558 	 0            	 -7.313975
4610.125947       	 -58.617746 	 -65.977155 	 0            	 -7.359409
4610.131096       	 -106.445872	 -113.80814 	 0            	 -7.362268
4625.032764       	 1.246354   	 -6.183941  	 0            	 -7.430295
4625.024502       	 43.634224  	 36.196029  	 0            	 -7.438195
4640.119725       	 55.729063  	 48.249588  	 0            	 -7.479475
4640.12393        	 -177.372817	 175.148839 	 0            	 352.521656
4655.02157        	 140.876508 	 133.334725 	 0            	 -7.541783
4655.023249       	 178.026399 	 170.483734 	 0            	 -7.542665
4670.107524       	 -178.442425	 173.942396 	 0            	 352.384821
4670.107414       	 80.855001  	 73.243655  	 0            	 -7.611346
4685.014168       	 -5.119568  	 -12.77581  	 0            	 -7.656242
4685.014404       	 78.98434   	 71.318424  	 0            	 -7.665916
4700.095173       	 -145.976943	 -153.710421	 0            	 -7.733478
4700.094546       	 -157.379879	 -165.109993	 0            	 -7.730114
4715.000719       	 36.79236   	 28.998429  	 0            	 -7.793931
4714.989592       	 134.381498 	 126.585165 	 0            	 -7.796333
4730.087284       	 84.603668  	 76.737479  	 0            	 -7.866189
4730.08702        	 -11.587641 	 -19.435467 	 0            	 -7.847826
4745.169568       	 -81.653779 	 -89.577542 	 0            	 -7.923763
4745.176003       	 169.918412 	 162.00565  	 0            	 -7.912762
4760.058611       	 28.711778  	 20.713889  	 0            	 -7.997889
4760.085293       	 -105.395404	 -113.375194	 0            	 -7.97979
4775.15905        	 79.943255  	 71.905398  	 0            	 -8.037857
4775.166985       	 45.004979  	 36.964032  	 0            	 -8.040947
4790.066337       	 -37.287098 	 -45.399237 	 0            	 -8.112139
4790.067147       	 -75.959885 	 -84.075352 	 0            	 -8.115467
4805.14591        	 -65.482554 	 -73.674824 	 0            	 -8.19227
4805.151771       	 179.980828 	 171.79591  	 0            	 -8.184918
4820.048024       	 95.839879  	 87.596298  	 0            	 -8.243581
4820.039614       	 123.689328 	 115.446437 	 0            	 -8.242891
4835.137981       	 120.910107 	 112.58985  	 0            	 -8.320257
4835.140913       	 -66.244824 	 -74.569203 	 0            	 -8.324379
4850.043501       	 -134.411736	 -142.789618	 0            	 -8.377882
4850.033335       	 172.320172 	 163.922744 	 0            	 -8.397428
4865.12783        	 81.023045  	 72.567071  	 0            	 -8.455974
4865.125894       	 -0.493102  	 -8.960171  	 0            	 -8.467069
4880.023987       	 -177.680671	 173.788172 	 0            	 351.468843
4880.038224       	 57.73041   	 49.210666  	 0            	 -8.519744
4895.113316       	 59.475422  	 50.874842  	 0            	 -8.60058
4895.116998       	 10.68469   	 2.081072   	 0            	 -8.603618
4910.020782       	 -65.281552 	 -73.939185 	 0            	 -8.657633
4910.025344       	 -3.347595  	 -12.001696 	 0            	 -8.654101
4925.11099        	 51.463351  	 42.72471   	 0            	 -8.738641
4925.112651       	 72.31638   	 63.587274  	 0            	 -8.729106
4940.017015       	 0.098395   	 -8.708084  	 0            	 -8.806479
4940.009244       	 -43.557592 	 -52.359068 	 0            	 -8.801476
4955.103738       	 40.604544  	 31.728094  	 0            	 -8.87645
4955.100022       	 159.550284 	 150.675995 	 0            	 -8.874289
4969.998288       	 -26.044966 	 -34.985216 	 0            	 -8.94025
4969.999621       	 -78.912113 	 -87.860371 	 0            	 -8.948258
4985.092704       	 73.211309  	 64.172955  	 0            	 -9.038354
4985.088507       	 13.509649  	 4.47944    	 0            	 -9.030209
5000.162138       	 -106.768286	 -115.876004	 0            	 -9.107718
5000.164557       	 -159.9771  	 -169.098497	 0            	 -9.121397
5015.080571       	 -42.318646 	 -51.489377 	 0            	 -9.170731
5015.073401       	 -172.77823 	 178.041386 	 0            	 350.819616
5030.168766       	 76.513584  	 67.266633  	 0            	 -9.246951
5030.160548       	 136.322237 	 127.0607   	 0            	 -9.261537
5045.068059       	 58.795154  	 49.47004   	 0            	 -9.325114
5045.06136        	 167.579291 	 158.241684 	 0            	 -9.337607
5060.151491       	 -17.332854 	 -26.741074 	 0            	 -9.40822
5060.153781       	 -33.814527 	 -43.230939 	 0            	 -9.416412
5075.056477       	 -101.59337 	 -111.082184	 0            	 -9.488814
5090.138624       	 97.307998  	 87.743565  	 0            	 -9.564433
5090.144247       	 -164.861633	 -174.422558	 0            	 -9.560925
5105.039686       	 -140.244556	 -149.901359	 0            	 -9.656803
5105.041163       	 4.280269   	 -5.367589  	 0            	 -9.647858
5120.127627       	 -159.692438	 -169.422541	 0            	 -9.730103
5120.136511       	 -22.341209 	 -32.068268 	 0            	 -9.727059
5135.031783       	 92.679427  	 82.861149  	 0            	 -9.818278
5135.02466        	 -138.308863	 -148.129027	 0            	 -9.820164
5150.115973       	 -93.618285 	 -103.511486	 0            	 -9.893201
5150.119475       	 66.838879  	 56.941375  	 0            	 -9.897504
5165.019018       	 -28.973733 	 -38.941067 	 0            	 -9.967334
5165.025242       	 124.174566 	 114.195052 	 0            	 -9.979514
5180.097564       	 86.769832  	 76.711941  	 0            	 -10.057891
5180.094337       	 -120.242675	 -130.320153	 0            	 -10.077478
5195.014491       	 -99.357239 	 -109.510232	 0            	 -10.152993
5195.003256       	 -140.571202	 -150.717019	 0            	 -10.145817
5210.096201       	 43.993883  	 33.770101  	 0            	 -10.223782
5210.097151       	 98.429774  	 88.197168  	 0            	 -10.232606
5225.183          	 170.616733 	 160.301591 	 0            	 -10.315142
5225.182368       	 36.110218  	 25.786841  	 0            	 -10.323377
5240.08703        	 154.675399 	 144.274632 	 0            	 -10.400767
5240.085648       	 99.420034  	 89.015642  	 0            	 -10.404392
5255.174925       	 19.355083  	 8.86496    	 0            	 -10.490123
5255.17038        	 179.366114 	 168.855706 	 0            	 -10.510408
5270.069968       	 -97.581658 	 -108.181213	 0            	 -10.599555
5270.079084       	 59.927255  	 49.348603  	 0            	 -10.578652
5285.159957       	 179.749148 	 169.085361 	 0            	 -10.663787
5285.155022       	 -7.390469  	 -18.069213 	 0            	 -10.678744
5300.063334       	 -54.145809 	 -64.913015 	 0            	 -10.767206
5300.064598       	 177.817502 	 167.054507 	 0            	 -10.762995
5315.154888       	 126.059699 	 115.204816 	 0            	 -10.854883
5315.152371       	 31.150451  	 20.291384  	 0            	 -10.859067
5330.056932       	 94.620325  	 83.672922  	 0            	 -10.947403
5345.140327       	 -38.756739 	 -49.806812 	 0            	 -11.050073
5345.136704       	 152.088451 	 141.041756 	 0            	 -11.046695
5360.041579       	 175.104554 	 163.966713 	 0            	 -11.137841
5360.035133       	 -154.198844	 -165.329923	 0            	 -11.131079
5375.124724       	 -30.855873 	 -42.093719 	 0            	 -11.237846
5375.119993       	 -15.740912 	 -26.988852 	 0            	 -11.24794
5390.02174        	 75.976295  	 64.639826  	 0            	 -11.336469
5390.028475       	 -150.86167 	 -162.180147	 0            	 -11.318477
5405.112262       	 3.16413    	 -8.253708  	 0            	 -11.417838
5405.130594       	 -98.768885 	 -110.178612	 0            	 -11.409727
5420.012416       	 175.89381  	 164.360683 	 0            	 -11.533127
5420.017161       	 30.262936  	 18.726489  	 0            	 -11.536447
5435.100558       	 25.541516  	 13.914966  	 0            	 -11.62655
5435.112197       	 25.848826  	 14.227929  	 0            	 -11.620897
5450.002386       	 -5.478362  	 -17.21064  	 0            	 -11.732278
5450.01321        	 -99.383007 	 -111.103759	 0            	 -11.720752
5465.103279       	 -98.887131 	 -110.713411	 0            	 -11.82628
5465.106536       	 -110.467869	 -122.285962	 0            	 -11.818093
5480.186085       	 132.391644 	 120.461728 	 0            	 -11.929916
5480.466717       	 150.893424 	 138.975705 	 0            	 -11.917719
5495.088913       	 131.19622  	 119.167141 	 0            	 -12.029079
5500.837159       	 -127.066428	 -139.033931	 0            	 -11.967503
5510.177449       	 143.385134 	 131.248709 	 0            	 -12.136425
5525.076046       	 45.641101  	 33.401304  	 0            	 -12.239797
5525.071195       	 -115.448677	 -127.696823	 0            	 -12.248146
5540.16125        	 32.225163  	 19.875726  	 0            	 -12.349437
5540.164583       	 59.803408  	 47.445725  	 0            	 -12.357683
5555.067309       	 -76.420102 	 -88.881979 	 0            	 -12.461877
5555.076977       	 -163.363973	 -175.815962	 0            	 -12.451989
5570.145086       	 172.432067 	 159.870925 	 0            	 -12.561142
5570.151504       	 117.260179 	 104.690795 	 0            	 -12.569384
5585.058499       	 161.040672 	 148.363771 	 0            	 -12.676901
5585.055715       	 32.105863  	 19.427454  	 0            	 -12.678409
5600.139663       	 -60.285395 	 -73.072444 	 0            	 -12.787049
5600.139689       	 -9.79135   	 -22.58984  	 0            	 -12.79849
5615.044684       	 -142.436721	 -155.332233	 0            	 -12.895512
5615.037357       	 121.435499 	 108.531117 	 0            	 -12.904382
5630.136407       	 48.560271  	 35.551965  	 0            	 -13.008306
5645.030502       	 -133.111472	 -146.238739	 0            	 -13.127267
5645.031765       	 39.568615  	 26.44532   	 0            	 -13.123295
5660.118273       	 122.252143 	 109.026939 	 0            	 -13.225204
5660.122119       	 32.631372  	 19.393173  	 0            	 -13.238199
5675.021674       	 -178.109146	 168.53927  	 0            	 346.648416
5675.017153       	 -179.638897	 167.004623 	 0            	 346.64352
5690.105168       	 92.860932  	 79.385003  	 0            	 -13.475929
5690.107538       	 167.937802 	 154.456558 	 0            	 -13.481244
5705.002982       	 -4.962115  	 -18.561843 	 0            	 -13.599728
5705.00723        	 178.664168 	 165.067015 	 0            	 -13.597153
5720.096818       	 -103.245569	 -116.955862	 0            	 -13.710293
5735.192847       	 176.416884 	 162.592593 	 0            	 -13.824291
5735.185699       	 128.879863 	 115.037797 	 0            	 -13.842066
5750.083088       	 -58.413892 	 -72.377743 	 0            	 -13.963851
5750.097126       	 -74.317884 	 -88.280131 	 0            	 -13.962247
5765.182102       	 -114.957438	 -129.036823	 0            	 -14.079385
5765.178676       	 -125.78551 	 -139.860141	 0            	 -14.074631
5780.074509       	 -75.870297 	 -90.063694 	 0            	 -14.193397
5780.069533       	 177.246781 	 163.029986 	 0            	 -14.216795
5795.164107       	 -23.139226 	 -37.470326 	 0            	 -14.3311
5795.171035       	 -143.095572	 -157.429178	 0            	 -14.333606
5810.073596       	 -77.644548 	 -92.088447 	 0            	 -14.443899
5810.065752       	 57.698292  	 43.229997  	 0            	 -14.468295
5825.152962       	 169.982029 	 155.390768 	 0            	 -14.591261
5825.149475       	 -158.304418	 -172.888556	 0            	 -14.584138
5840.055337       	 -179.929109	 165.352752 	 0            	 345.281861
5855.135281       	 117.285265 	 102.436204 	 0            	 -14.849061
5855.144615       	 -106.44546 	 -121.292487	 0            	 -14.847027
5870.043781       	 108.787001 	 93.801624  	 0            	 -14.985377
5870.045059       	 -62.538039 	 -77.515393 	 0            	 -14.977354
5885.134589       	 114.343361 	 99.233446  	 0            	 -15.109915
5885.129183       	 3.25894    	 -11.855828 	 0            	 -15.114768
5900.033926       	 31.514851  	 16.269459  	 0            	 -15.245392
5900.033839       	 -50.190783 	 -65.43636  	 0            	 -15.245577
5915.116509       	 -100.065359	 -115.450731	 0            	 -15.385372
5915.117529       	 167.073515 	 151.697358 	 0            	 -15.376157
5930.01944        	 -87.423869 	 -102.94636 	 0            	 -15.522491
5930.018253       	 136.96859  	 121.44859  	 0            	 -15.52
5945.108085       	 176.621137 	 160.970887 	 0            	 -15.65025
5960.195062       	 -37.630735 	 -53.427678 	 0            	 -15.796943
5960.197284       	 -61.004071 	 -76.806189 	 0            	 -15.802118
5975.102449       	 18.367794  	 2.437542   	 0            	 -15.930252
5975.092559       	 -104.797258	 -120.735615	 0            	 -15.938357
5990.179096       	 79.375723  	 63.289383  	 0            	 -16.08634
5990.188403       	 76.630118  	 60.540791  	 0            	 -16.089327
6005.092195       	 -166.17829 	 177.602172 	 0            	 343.780462
6005.092901       	 124.074243 	 107.856512 	 0            	 -16.217731
6020.171377       	 -172.970911	 170.666398 	 0            	 343.637309
6020.174777       	 63.170962  	 46.806613  	 0            	 -16.364349
6035.077268       	 130.076637 	 113.575221 	 0            	 -16.501416
6035.084161       	 -125.055654	 -141.556982	 0            	 -16.501328
6050.163469       	 158.875295 	 142.210114 	 0            	 -16.665181
6065.062752       	 -77.340316 	 -94.140378 	 0            	 -16.800062
6065.064921       	 -34.674757 	 -51.475578 	 0            	 -16.800821
6080.152929       	 -137.681375	 -154.632202	 0            	 -16.950827
6080.156561       	 -129.722256	 -146.67547 	 0            	 -16.953214
6095.05083        	 54.290231  	 37.191278  	 0            	 -17.098953
6095.051511       	 115.596425 	 98.489217  	 0            	 -17.107208
6110.138765       	 -135.770572	 -153.020839	 0            	 -17.250267
6110.146547       	 -176.033172	 166.711    	 0            	 342.744172
6125.048898       	 -151.327825	 -168.73476 	 0            	 -17.406935
6125.041284       	 -132.179624	 -149.600291	 0            	 -17.420667
6140.127428       	 75.620124  	 58.054886  	 0            	 -17.565238
6140.130109       	 -119.560583	 -137.110635	 0            	 -17.550052
6155.036631       	 -76.363936 	 -94.075329 	 0            	 -17.711393
6155.041775       	 -91.580476 	 -109.28838 	 0            	 -17.707904
6170.117271       	 -140.910961	 -158.78015 	 0            	 -17.869189
6185.02683        	 102.597732 	 84.582491  	 0            	 -18.015241
6185.012318       	 -135.78765 	 -153.82568 	 0            	 -18.03803
6200.109486       	 -39.064169 	 -57.235912 	 0            	 -18.171743
6200.121953       	 156.131148 	 137.956958 	 0            	 -18.17419
6215.203559       	 18.161475  	 -0.178882  	 0            	 -18.340357
6215.208937       	 -68.861214 	 -87.20189  	 0            	 -18.340676
6230.095542       	 105.06442  	 86.559207  	 0            	 -18.505213
6230.089488       	 159.72429  	 141.216913 	 0            	 -18.507377
6245.190136       	 -17.653832 	 -36.308396 	 0            	 -18.654564
6245.189781       	 -11.203216 	 -29.852589 	 0            	 -18.649373
6260.082121       	 -149.361155	 -168.18596 	 0            	 -18.824805
6275.175365       	 -139.663076	 -158.644776	 0            	 -18.9817
6275.178619       	 -100.132052	 -119.105728	 0            	 -18.973676
6290.071686       	 -144.032616	 -163.172726	 0            	 -19.14011
6290.07079        	 -90.286169 	 -109.43711 	 0            	 -19.150941
6305.161291       	 130.114951 	 110.816837 	 0            	 -19.298114
6305.16358        	 -156.724961	 -176.030408	 0            	 -19.305447
6320.06678        	 -12.495375 	 -31.966827 	 0            	 -19.471452
6320.062908       	 103.633611 	 84.164617  	 0            	 -19.468994
6335.150808       	 0.60705    	 -19.015054 	 0            	 -19.622104
6350.051994       	 -7.364978  	 -27.159073 	 0            	 -19.794095
6350.051353       	 -141.810801	 -161.613398	 0            	 -19.802597
6365.137445       	 13.139032  	 -6.826662  	 0            	 -19.965694
6365.148191       	 -138.434878	 -158.397668	 0            	 -19.96279
6380.048452       	 51.340602  	 31.21999   	 0            	 -20.120612
6380.042041       	 174.208891 	 154.083805 	 0            	 -20.125086
6395.121571       	 107.610464 	 87.310432  	 0            	 -20.300032
6395.133035       	 20.197093  	 -0.091666  	 0            	 -20.288759
6410.025126       	 63.46706   	 43.017282  	 0            	 -20.449778
6425.125683       	 123.978242 	 103.364774 	 0            	 -20.613468
6425.118415       	 -59.66879  	 -80.285232 	 0            	 -20.616442
6440.022123       	 -77.094813 	 -97.879285 	 0            	 -20.784472
6440.015166       	 -98.98214  	 -119.76993 	 0            	 -20.78779
6455.108054       	 -98.432138 	 -119.388322	 0            	 -20.956184
6455.111948       	 64.827797  	 43.882171  	 0            	 -20.945626
6470.191623       	 168.5181   	 147.398236 	 0            	 -21.119864
6470.198379       	 132.593087 	 111.478446 	 0            	 -21.114641
6485.097296       	 163.075176 	 141.79414  	 0            	 -21.281036
6500.189681       	 -102.532529	 -123.961696	 0            	 -21.429167
6500.191201       	 -123.009494	 -144.447935	 0            	 -21.438441
6515.08736        	 169.424872 	 147.816667 	 0            	 -21.608205
6515.093818       	 -48.140017 	 -69.740458 	 0            	 -21.600441
6530.176324       	 63.137378  	 41.373621  	 0            	 -21.763757
6530.173221       	 66.324476  	 44.554704  	 0            	 -21.769772
6545.075147       	 39.55237   	 17.63048   	 0            	 -21.92189
6545.077451       	 -161.122189	 176.96242  	 0            	 338.084609
6560.172258       	 -10.878327 	 -32.976723 	 0            	 -22.098396
6560.170432       	 52.018132  	 29.936428  	 0            	 -22.081704
6575.064117       	 -119.999549	 -142.244495	 0            	 -22.244946
6590.147502       	 54.70434   	 32.296628  	 0            	 -22.407712
6590.1602         	 117.839698 	 95.446429  	 0            	 -22.393269
6605.063982       	 -27.711174 	 -50.249196 	 0            	 -22.538022
6605.053214       	 167.167143 	 144.616115 	 0            	 -22.551028
6620.140632       	 -87.041166 	 -109.734317	 0            	 -22.693151
6620.144028       	 173.828675 	 151.126113 	 0            	 -22.702562
6635.039776       	 141.285458 	 118.449835 	 0            	 -22.835623
6635.042944       	 175.153232 	 152.307771 	 0            	 -22.845461
6650.133348       	 141.670423 	 118.686307 	 0            	 -22.984116
6665.03683        	 67.544666  	 44.426311  	 0            	 -23.118355
6665.031249       	 -169.140959	 167.734988 	 0            	 336.875947
6680.125105       	 79.577562  	 56.319111  	 0            	 -23.258451
6680.121814       	 -76.324485 	 -99.587653 	 0            	 -23.263168
6695.211314       	 -138.714216	 -162.111448	 0            	 -23.397232
6695.210595       	 73.723815  	 50.328987  	 0            	 -23.394828
6710.101708       	 67.768767  	 44.241476  	 0            	 -23.527291
6710.111244       	 128.676737 	 105.156341 	 0            	 -23.520396
6725.197034       	 147.91719  	 124.279067 	 0            	 -23.638123
6740.100903       	 114.696966 	 90.945431  	 0            	 -23.751535
6740.100159       	 -141.49582 	 -165.259574	 0            	 -23.763754
6755.18436        	 107.293201 	 83.411741  	 0            	 -23.88146
6755.179224       	 56.028368  	 32.148585  	 0            	 -23.879783
6770.090808       	 124.898991 	 100.923768 	 0            	 -23.975223
6770.088305       	 -100.878576	 -124.842178	 0            	 -23.963602
6785.169318       	 -98.184492 	 -122.263867	 0            	 -24.079375
6785.18219        	 -65.903315 	 -89.961943 	 0            	 -24.058628
6800.0857         	 -18.810678 	 -42.978681 	 0            	 -24.168003
6815.163814       	 -136.015411	 -160.24439 	 0            	 -24.228979
6815.168005       	 104.702644 	 80.454041  	 0            	 -24.248603
6830.069506       	 75.016628  	 50.717925  	 0            	 -24.298703
6830.065649       	 -155.632594	 -179.946   	 0            	 -24.313406
6845.153696       	 -157.580813	 178.05029  	 0            	 335.631103
6845.155613       	 82.348259  	 57.985616  	 0            	 -24.362643
6860.049399       	 83.582767  	 59.146186  	 0            	 -24.436581
6860.053622       	 61.698715  	 37.274251  	 0            	 -24.424464
6875.147664       	 135.990268 	 111.521309 	 0            	 -24.468959
6875.144078       	 -122.202903	 -146.665947	 0            	 -24.463044
6890.050237       	 72.091751  	 47.60882   	 0            	 -24.482931
6905.136092       	 157.525294 	 133.008219 	 0            	 -24.517075
6905.131657       	 -37.60295  	 -62.113781 	 0            	 -24.510831
6920.038386       	 -16.427398 	 -40.935794 	 0            	 -24.508396
6920.031807       	 111.78344  	 87.278248  	 0            	 -24.505192
6935.122851       	 -37.961762 	 -62.464169 	 0            	 -24.502407
6935.130258       	 48.574067  	 24.089217  	 0            	 -24.48485
6950.210197       	 -0.877375  	 -25.353717 	 0            	 -24.476342
6965.109391       	 -11.692367 	 -36.120709 	 0            	 -24.428342
6965.105053       	 48.149384  	 23.717655  	 0            	 -24.431729
6980.203346       	 105.915855 	 81.572053  	 0            	 -24.343802
6980.200581       	 88.371311  	 64.01644   	 0            	 -24.354871
6995.107211       	 -86.425385 	 -110.698149	 0            	 -24.272764
6995.106306       	 101.934294 	 77.668871  	 0            	 -24.265423
7010.192541       	 48.812519  	 24.651784  	 0            	 -24.160735
7010.189535       	 82.703314  	 58.541193  	 0            	 -24.162121
7025.09289        	 121.439801 	 97.39315   	 0            	 -24.046651
7025.089345       	 -128.842741	 -152.888471	 0            	 -24.04573
7040.185278       	 119.670166 	 95.788193  	 0            	 -23.881973
7040.17392        	 -33.442448 	 -57.324461 	 0            	 -23.882013
7055.080284       	 -98.553466 	 -122.265043	 0            	 -23.711577
7055.08193        	 -160.646934	 175.643925 	 0            	 336.290859
7070.172928       	 164.67241  	 141.170939 	 0            	 -23.501471
7070.171496       	 -104.952213	 -128.443555	 0            	 -23.491342
7085.069456       	 -51.107804 	 -74.377781 	 0            	 -23.269977
7085.067664       	 -35.771313 	 -59.03775  	 0            	 -23.266437
7100.154573       	 -179.414634	 157.548955 	 0            	 336.963589
7100.153696       	 179.919798 	 156.902271 	 0            	 -23.017527
7115.058997       	 -158.040618	 179.235835 	 0            	 337.276453
7130.14783        	 43.831658  	 21.420855  	 0            	 -22.410803
7130.140281       	 32.036984  	 9.646301   	 0            	 -22.390683
7145.037452       	 -86.209297 	 -108.28689 	 0            	 -22.077593
7145.038752       	 -151.107171	 -173.147296	 0            	 -22.040125
7160.139815       	 178.321737 	 156.690843 	 0            	 -21.630894
7160.136274       	 -63.545034 	 -85.174237 	 0            	 -21.629203
7175.032731       	 6.301608   	 -14.893924 	 0            	 -21.195532
7175.048943       	 -43.600822 	 -64.796334 	 0            	 -21.195512
7190.117976       	 148.216102 	 127.488958 	 0            	 -20.727144
7190.118381       	 -80.455039 	 -101.163311	 0            	 -20.708272
7205.208972       	 80.578431  	 60.384451  	 0            	 -20.19398
7205.357055       	 -17.741472 	 -38.047896 	 0            	 -20.306424
7220.111375       	 -141.425529	 -161.03762 	 0            	 -19.612091
7235.1961         	 -19.369887 	 -38.373007 	 0            	 -19.00312
7235.19307        	 128.841052 	 109.845766 	 0            	 -18.995286
7250.102543       	 99.883161  	 81.545476  	 0            	 -18.337685
7250.101673       	 124.695482 	 106.374033 	 0            	 -18.321449
7265.19437        	 75.954641  	 58.347831  	 0            	 -17.60681
7265.193055       	 -59.688443 	 -77.285518 	 0            	 -17.597075
7280.089495       	 68.537911  	 51.681792  	 0            	 -16.856119
7280.089793       	 110.044936 	 93.191406  	 0            	 -16.85353
7295.181622       	 -142.367464	 -158.376075	 0            	 -16.008611
7295.182602       	 55.051205  	 39.02924   	 0            	 -16.021965
7310.079464       	 170.468518 	 155.321628 	 0            	 -15.14689
7310.077625       	 -12.453515 	 -27.580085 	 0            	 -15.12657
7325.166489       	 42.964939  	 28.775448  	 0            	 -14.189491
7325.165002       	 -154.484092	 -168.644914	 0            	 -14.160822
7340.070837       	 160.158111 	 146.954208 	 0            	 -13.203903
7340.071749       	 -31.588076 	 -44.76443  	 0            	 -13.176354
7355.160044       	 -84.665669 	 -96.781314 	 0            	 -12.115645
7355.160157       	 22.449053  	 10.331345  	 0            	 -12.117708
7370.061079       	 -95.566122 	 -106.578756	 0            	 -11.012634
7370.065965       	 95.561824  	 84.554197  	 0            	 -11.007627
7385.149913       	 168.559297 	 158.72811  	 0            	 -9.831187
7400.049586       	 114.178815 	 105.55698  	 0            	 -8.621835
7400.048663       	 -99.565182 	 -108.180636	 0            	 -8.615454
7415.130547       	 152.599361 	 145.242411 	 0            	 -7.35695
7415.138446       	 -53.453172 	 -60.778552 	 0            	 -7.32538
7430.222748       	 102.287696 	 96.306106  	 0            	 -5.98159
7430.225104       	 16.771011  	 10.820037  	 0            	 -5.950974
7445.124199       	 78.392933  	 73.785762  	 0            	 -4.607171
7445.1217         	 -6.202915  	 -10.800094 	 0            	 -4.597179
7460.212253       	 -151.037918	 -154.184259	 0            	 -3.146341
7460.208545       	 -72.035458 	 -75.188411 	 0            	 -3.152953
7475.109455       	 3.621914   	 1.94144    	 0            	 -1.680474
7475.110818       	 -47.248504 	 -48.908505 	 0            	 -1.660001
7490.197887       	 164.327212 	 164.169034 	 0            	 -0.158178
7490.200645       	 124.770631 	 124.648372 	 0            	 -0.122259
7505.098776       	 -143.449032	 -142.072143	 0            	 1.376889
7520.187884       	 -158.557178	 -155.578249	 0            	 2.978929
7520.186197       	 -24.579859 	 -21.585863 	 0            	 2.993996
7535.09038        	 100.894365 	 105.444271 	 0            	 4.549906
7535.086083       	 53.714836  	 58.291104  	 0            	 4.576268
7550.17559        	 -42.84589  	 -36.667902 	 0            	 6.177988
7550.181854       	 144.362571 	 150.559909 	 0            	 6.197338
7565.076605       	 68.23777   	 76.05115   	 0            	 7.81338
7565.076602       	 -158.439332	 -150.630315	 0            	 7.809017
7580.163642       	 171.640772 	 -178.920069	 0            	 -350.560841
7580.169764       	 96.364292  	 105.78065  	 0            	 9.416358
7595.067048       	 102.629126 	 113.66172  	 0            	 11.032594
7595.061991       	 131.314415 	 142.34853  	 0            	 11.034115
7610.159652       	 -10.404285 	 2.236768   	 0            	 12.641053
7625.063282       	 128.506744 	 142.715102 	 0            	 14.208358
7625.062592       	 1.191219   	 15.40471   	 0            	 14.213491
7640.143459       	 -167.556933	 -151.80978 	 0            	 15.747153
7640.148516       	 -47.384188 	 -31.625603 	 0            	 15.758585
7655.04648        	 -60.89478  	 -43.624274 	 0            	 17.270506
7655.045359       	 -51.06945  	 -33.814105 	 0            	 17.255345
7670.134472       	 169.905565 	 -171.336568	 0            	 -341.242133
7670.14171        	 94.962083  	 113.718062 	 0            	 18.755979
7685.224114       	 144.767529 	 164.98926  	 0            	 20.221731
7685.225448       	 77.946834  	 98.164296  	 0            	 20.217462
7700.11456        	 48.330073  	 69.909685  	 0            	 21.579612
7707.490515       	 -3.716869  	 17.037572  	 0            	 20.754441
7715.212176       	 146.731417 	 169.662845 	 0            	 22.931428
7730.11445        	 -160.345411	 -136.117864	 0            	 24.227547
7730.11348        	 -144.434099	 -120.218663	 0            	 24.215436
7745.210308       	 -27.719775 	 -2.254547  	 0            	 25.465228
7745.203655       	 -38.591284 	 -13.12732  	 0            	 25.463964
7760.106728       	 90.386958  	 117.051461 	 0            	 26.664503
7760.105255       	 123.183994 	 149.836316 	 0            	 26.652322
7775.186702       	 -154.760236	 -126.986224	 0            	 27.774012
7790.090997       	 56.848137  	 85.700556  	 0            	 28.852419
7790.097655       	 103.182489 	 132.039606 	 0            	 28.857117
7805.185578       	 105.025408 	 134.908397 	 0            	 29.882989
7805.187578       	 -33.270709 	 -3.409009  	 0            	 29.8617
7820.091846       	 9.427159   	 40.292474  	 0            	 30.865315
7820.079616       	 -0.811169  	 30.031547  	 0            	 30.842716
7835.1619         	 -162.835148	 -131.083249	 0            	 31.751899
7835.167536       	 57.253984  	 89.000859  	 0            	 31.746875
7850.070035       	 -96.014878 	 -63.430899 	 0            	 32.583979
7850.068206       	 -124.626577	 -92.030918 	 0            	 32.595659
7865.164112       	 -69.666684 	 -36.261843 	 0            	 33.404841
7865.160009       	 67.942804  	 101.324057 	 0            	 33.381253
7880.061172       	 -105.935046	 -71.770464 	 0            	 34.164582
7895.143595       	 -102.311882	 -67.453291 	 0            	 34.858591
7895.146697       	 -168.98744 	 -134.119322	 0            	 34.868118
7910.047069       	 158.746006 	 -165.721865	 0            	 -324.467871
7910.049752       	 -99.791423 	 -64.272673 	 0            	 35.51875
7925.140256       	 152.92896  	 -170.923722	 0            	 -323.852682
7925.138874       	 -37.507463 	 -1.354225  	 0            	 36.153238
7940.225378       	 -132.387171	 -95.652324 	 0            	 36.734847
7940.226273       	 95.453517  	 132.185695 	 0            	 36.732178
7955.130532       	 -98.711757 	 -61.441906 	 0            	 37.269851
7955.125091       	 -50.091861 	 -12.831794 	 0            	 37.260067
7970.214384       	 14.325129  	 52.078769  	 0            	 37.75364
7985.109312       	 106.296    	 144.547415 	 0            	 38.251415
7985.11428        	 -54.894389 	 -16.680684 	 0            	 38.213705
8000.20117        	 -168.606748	 -129.960258	 0            	 38.64649
8000.197699       	 179.163167 	 -142.189048	 0            	 -321.352215
8015.100692       	 -157.100532	 -118.052166	 0            	 39.048366
8015.104028       	 -145.963727	 -106.930253	 0            	 39.033474
8030.186399       	 23.427206  	 62.848598  	 0            	 39.421392
8030.192686       	 -65.46284  	 -26.037303 	 0            	 39.425537
8045.088852       	 -154.269013	 -114.52898 	 0            	 39.740033
8045.093549       	 58.453825  	 98.204639  	 0            	 39.750814
8060.183079       	 74.237562  	 114.289376 	 0            	 40.051814
8075.078195       	 13.613037  	 53.950091  	 0            	 40.337054
8075.078002       	 -167.232983	 -126.898859	 0            	 40.334124
8090.165344       	 -157.402484	 -116.825615	 0            	 40.576869
8090.170861       	 -67.208146 	 -26.614339 	 0            	 40.593807
8105.067911       	 -78.565464 	 -37.742825 	 0            	 40.822639
8105.067299       	 135.714663 	 176.520738 	 0            	 40.806075
8120.157399       	 -149.364709	 -108.332852	 0            	 41.031857
8120.160283       	 84.541613  	 125.567958 	 0            	 41.026345
8135.056306       	 -150.672863	 -109.478273	 0            	 41.19459
8150.144713       	 167.577264 	 -151.056284	 0            	 -318.633548
8150.148327       	 117.470426 	 158.831622 	 0            	 41.361196
8165.23667        	 -4.052068  	 37.469794  	 0            	 41.521862
8165.236247       	 -149.942446	 -108.415719	 0            	 41.526727
8180.140376       	 -144.382572	 -102.730996	 0            	 41.651576
8180.142686       	 -46.271006 	 -4.611546  	 0            	 41.65946
8195.228965       	 172.102795 	 -146.12313 	 0            	 -318.225925
8210.129524       	 116.883339 	 158.764629 	 0            	 41.88129
8210.122915       	 -40.699544 	 1.173261   	 0            	 41.872805
8225.216914       	 45.457087  	 87.405213  	 0            	 41.948126
8225.211461       	 -25.541121 	 16.429512  	 0            	 41.970633
8240.116975       	 -139.732456	 -97.708792 	 0            	 42.023664
8240.11804        	 -57.371353 	 -15.337547 	 0            	 42.033806
8255.194168       	 117.806188 	 159.897199 	 0            	 42.091011
8255.202193       	 -143.216228	 -101.121825	 0            	 42.094403
8270.105167       	 -120.597539	 -78.454976 	 0            	 42.142563
8275.732832       	 -177.759969	 -135.529   	 0            	 42.230969
8285.192935       	 -108.53133 	 -66.358163 	 0            	 42.173167
8300.095676       	 77.834805  	 120.027174 	 0            	 42.192369
8300.095734       	 105.356802 	 147.540748 	 0            	 42.183946
8315.182788       	 -20.663057 	 21.541932  	 0            	 42.204989
8315.182108       	 -47.19271  	 -4.9856    	 0            	 42.20711
8330.083844       	 -102.231486	 -60.03501  	 0            	 42.196476
8330.081162       	 66.544789  	 108.744389 	 0            	 42.1996
8345.168977       	 -139.149661	 -96.966163 	 0            	 42.183498
8345.169909       	 90.696676  	 132.924764 	 0            	 42.228088
8360.08015        	 114.91031  	 157.120792 	 0            	 42.210482
8375.162369       	 50.859696  	 93.010587  	 0            	 42.150891
8375.154995       	 -102.930401	 -60.756873 	 0            	 42.173528
8390.053966       	 -112.515708	 -70.382742 	 0            	 42.132966
8390.060783       	 134.808682 	 176.969068 	 0            	 42.160386
8405.150087       	 -160.513066	 -118.404763	 0            	 42.108303
8405.151383       	 -54.612982 	 -12.505806 	 0            	 42.107176
8420.232919       	 -28.165675 	 13.894201  	 0            	 42.059876
8420.235124       	 127.943581 	 170.006682 	 0            	 42.063101
8435.136995       	 -75.73655  	 -33.72062  	 0            	 42.01593
8450.224966       	 98.560652  	 140.502177 	 0            	 41.941525
8450.221828       	 -155.327678	 -113.367007	 0            	 41.960671
8465.122979       	 -123.292986	 -81.40683  	 0            	 41.886156
8465.12935        	 -17.107692 	 24.782431  	 0            	 41.890123
8480.214442       	 -47.775572 	 -5.942997  	 0            	 41.832575
8480.218472       	 131.312021 	 173.144447 	 0            	 41.832426
8495.112061       	 103.687165 	 145.435454 	 0            	 41.748289
8510.200568       	 -67.631731 	 -25.94623  	 0            	 41.685501
8510.204992       	 92.475757  	 134.182206 	 0            	 41.706449
8525.109151       	 41.675632  	 83.287037  	 0            	 41.611405
8525.106188       	 110.469043 	 152.071141 	 0            	 41.602098
8540.198557       	 -32.703513 	 8.818383   	 0            	 41.521896
8540.191584       	 95.49637   	 137.014515 	 0            	 41.518145
8555.094436       	 -170.700732	 -129.258545	 0            	 41.442187
8555.089869       	 1.304124   	 42.733767  	 0            	 41.429643
8570.188638       	 -51.803571 	 -10.446224 	 0            	 41.357347
8585.08497        	 -111.55596 	 -70.313401 	 0            	 41.242559
8585.089366       	 25.803768  	 67.086983  	 0            	 41.283215
8600.165402       	 19.724903  	 60.873826  	 0            	 41.148923
8600.17596        	 -53.234445 	 -12.075276 	 0            	 41.159169
8615.068023       	 -163.109518	 -122.047905	 0            	 41.061613
8630.157323       	 -117.774374	 -76.810774 	 0            	 40.9636
8630.158258       	 -171.626192	 -130.659129	 0            	 40.967063
8645.062232       	 -104.538108	 -63.683822 	 0            	 40.854286
8660.142997       	 69.421479  	 110.17288  	 0            	 40.751401
8660.140311       	 67.891838  	 108.644845 	 0            	 40.753007
8675.241995       	 99.554115  	 140.206332 	 0            	 40.652217
8690.128754       	 -132.700836	 -92.156371 	 0            	 40.544465
8690.135851       	 7.944936   	 48.500234  	 0            	 40.555298
8705.234115       	 113.392145 	 153.823069 	 0            	 40.430924
8705.224259       	 -166.062768	 -125.621305	 0            	 40.441463
8720.128283       	 -31.074068 	 9.249032   	 0            	 40.3231
8720.130132       	 -123.963211	 -83.639298 	 0            	 40.323913
8735.21036        	 125.436772 	 165.632096 	 0            	 40.195324
8750.110366       	 32.276766  	 72.357481  	 0            	 40.080715
8750.11078        	 -1.372076  	 38.724208  	 0            	 40.096284
8765.203556       	 -58.395585 	 -18.419643 	 0            	 39.975942
8765.204174       	 164.68185  	 -155.331513	 0            	 -320.013363
8780.105648       	 93.426831  	 133.294624 	 0            	 39.867793
8795.187642       	 174.772611 	 -145.492509	 0            	 -320.26512
8795.192538       	 35.423433  	 75.175393  	 0            	 39.75196
8810.092376       	 155.348753 	 -165.030834	 0            	 -320.379587
8810.092783       	 -145.455945	 -105.818115	 0            	 39.63783
8825.18456        	 -68.08985  	 -28.581924 	 0            	 39.507926
8825.176591       	 -31.373847 	 8.128244   	 0            	 39.502091
8840.078705       	 -9.412601  	 29.963268  	 0            	 39.375869
8855.17207        	 -166.714404	 -127.441905	 0            	 39.272499
8855.168768       	 40.612346  	 79.886704  	 0            	 39.274358
8870.074513       	 -41.721602 	 -2.571233  	 0            	 39.150369
8870.07722        	 27.072483  	 66.220668  	 0            	 39.148185
8885.160245       	 164.048346 	 -156.920474	 0            	 -320.96882
8889.391883       	 -23.030259 	 16.155838  	 0            	 39.186097
8900.245781       	 118.669908 	 157.577875 	 0            	 38.907967
8915.149292       	 -150.174999	 -111.38125 	 0            	 38.793749
8915.147146       	 120.423791 	 159.220333 	 0            	 38.796542
8930.229013       	 151.606233 	 -169.743329	 0            	 -321.349562
8945.134509       	 151.959343 	 -169.511258	 0            	 -321.470601
8945.132769       	 96.591641  	 135.135673 	 0            	 38.544032
8960.236343       	 10.62094   	 49.056476  	 0            	 38.435536
8960.222034       	 5.737997   	 44.15804   	 0            	 38.420043
8975.140616       	 -16.96253  	 21.372806  	 0            	 38.335336
8990.222148       	 126.793098 	 164.972695 	 0            	 38.179597
8990.213253       	 -54.600398 	 -16.406672 	 0            	 38.193726
9005.117319       	 -122.264943	 -84.200923 	 0            	 38.06402
9005.113532       	 64.289846  	 102.373064 	 0            	 38.083218
9020.207402       	 55.927485  	 93.875735  	 0            	 37.94825
9020.213897       	 -73.296348 	 -35.335501 	 0            	 37.960847
9035.112037       	 63.184307  	 101.012005 	 0            	 37.827698
9050.195788       	 58.280441  	 95.982102  	 0            	 37.701661
9050.191196       	 -120.355447	 -82.653135 	 0            	 37.702312
9065.100226       	 48.02907   	 85.618665  	 0            	 37.589595
9080.176342       	 -173.471611	 -136.015968	 0            	 37.455643
9080.179893       	 -152.817239	 -115.373731	 0            	 37.443508
9095.090434       	 -85.241978 	 -47.887384 	 0            	 37.354594
9095.092257       	 -66.768634 	 -29.412623 	 0            	 37.356011
9110.174089       	 63.000261  	 100.227996 	 0            	 37.227735
9110.168465       	 165.049727 	 -157.728411	 0            	 -322.778138
9125.071018       	 151.753383 	 -171.134711	 0            	 -322.888094
9140.162699       	 38.547836  	 75.530821  	 0            	 36.982985
9140.159848       	 -72.685404 	 -35.692039 	 0            	 36.993365
9155.255442       	 -114.387287	 -77.514277 	 0            	 36.87301
9155.252408       	 137.662005 	 174.538037 	 0            	 36.876032
9170.15762        	 123.053822 	 159.8057   	 0            	 36.751878
9185.242          	 122.120772 	 158.753715 	 0            	 36.632943
9185.241428       	 18.765123  	 55.400266  	 0            	 36.635143
9200.134511       	 173.999243 	 -149.482012	 0            	 -323.481255
9200.143296       	 -55.525807 	 -18.999301 	 0            	 36.526506
9215.238288       	 61.904704  	 98.331673  	 0            	 36.426969
9230.124641       	 -63.200057 	 -26.91885  	 0            	 36.281207
9230.134212       	 128.61523  	 164.896602 	 0            	 36.281372
9245.221833       	 -167.497856	 -131.323165	 0            	 36.174691
9245.218252       	 -62.668719 	 -26.488973 	 0            	 36.179746
9260.126318       	 -116.387388	 -80.310012 	 0            	 36.077376
9275.207104       	 -37.725288 	 -1.780823  	 0            	 35.944465
9275.204277       	 114.658443 	 150.613366 	 0            	 35.954923
9290.110508       	 -74.560704 	 -38.721236 	 0            	 35.839468
9290.106719       	 -69.224599 	 -33.379989 	 0            	 35.84461
9305.199937       	 7.635429   	 43.350512  	 0            	 35.715083
9320.10058        	 7.668715   	 43.27954   	 0            	 35.610825
9320.092634       	 159.375047 	 -165.020683	 0            	 -324.39573
9335.181587       	 2.320883   	 37.812226  	 0            	 35.491343
9335.185738       	 112.877678 	 148.382901 	 0            	 35.505223
9350.080958       	 -102.104258	 -66.703811 	 0            	 35.400447
9365.177167       	 120.267834 	 155.534987 	 0            	 35.267153
9365.168108       	 56.76909   	 92.035321  	 0            	 35.266231
9380.082972       	 77.283589  	 112.451128 	 0            	 35.167539
9380.077669       	 -144.473169	 -109.305772	 0            	 35.167397
9395.158641       	 -16.577838 	 18.499677  	 0            	 35.077515
9410.24937        	 -149.049708	 -114.091478	 0            	 34.95823
9410.25503        	 139.68193  	 174.647652 	 0            	 34.965722
9425.151637       	 168.685169 	 -156.483703	 0            	 -325.168872
9440.243744       	 28.926314  	 63.662098  	 0            	 34.735784
9440.241876       	 -95.705766 	 -60.953349 	 0            	 34.752417
9455.144504       	 -98.167939 	 -63.533352 	 0            	 34.634587
9455.138974       	 143.150907 	 177.78982  	 0            	 34.638913
9470.219083       	 167.897241 	 -157.576315	 0            	 -325.473556
9485.129453       	 153.809722 	 -171.755744	 0            	 -325.565466
9485.127512       	 -153.189634	 -118.771425	 0            	 34.418209
9500.215433       	 -87.952931 	 -53.630409 	 0            	 34.322522
9500.221967       	 -98.058947 	 -63.728278 	 0            	 34.330669
9515.125915       	 61.238256  	 95.474856  	 0            	 34.2366
9530.21227        	 -114.739437	 -80.615709 	 0            	 34.123728
9530.206218       	 175.062423 	 -150.815384	 0            	 -325.877807
9545.107767       	 34.3412    	 68.36688   	 0            	 34.02568
9545.107114       	 166.200716 	 -159.77351 	 0            	 -325.974226
9560.19282        	 -114.42812 	 -80.503746 	 0            	 33.924374
9575.09766        	 5.42801    	 39.252758  	 0            	 33.824748
9575.096256       	 92.545252  	 126.375991 	 0            	 33.830739
9590.181637       	 114.165083 	 147.881719 	 0            	 33.716636
9590.197174       	 -75.031389 	 -41.296464 	 0            	 33.734925
9605.099393       	 -48.212327 	 -14.566533 	 0            	 33.645794
9620.171552       	 72.282124  	 105.791969 	 0            	 33.509845
9620.17764        	 -7.047304  	 26.473088  	 0            	 33.520392
9635.256316       	 126.175769 	 159.606243 	 0            	 33.430474
9650.166022       	 144.369765 	 177.695681 	 0            	 33.325916
9650.167357       	 -66.125986 	 -32.787582 	 0            	 33.338404
9665.252061       	 -161.688671	 -128.451686	 0            	 33.236985
9665.249765       	 18.251274  	 51.488438  	 0            	 33.237164
9680.150467       	 -9.411058  	 23.733758  	 0            	 33.144816
9695.238698       	 121.668782 	 154.721394 	 0            	 33.052612
9695.238164       	 82.516194  	 115.560713 	 0            	 33.044519
9710.13639        	 -39.327026 	 -6.376489  	 0            	 32.950537
9710.134042       	 -102.689954	 -69.748348 	 0            	 32.941606
9725.233462       	 -28.073827 	 4.798974   	 0            	 32.872801
9740.128964       	 -151.030692	 -118.262456	 0            	 32.768236
9740.118256       	 -145.047138	 -112.278599	 0            	 32.768539
9755.212038       	 -149.481313	 -116.7992  	 0            	 32.682113
9770.123714       	 -117.666728	 -85.059758 	 0            	 32.60697
9770.117556       	 104.392779 	 136.990737 	 0            	 32.597958
9785.205178       	 -62.962438 	 -30.475151 	 0            	 32.487287
9787.410265       	 33.779186  	 66.331568  	 0            	 32.552382
9800.109917       	 -65.561817 	 -33.14826  	 0            	 32.413557
9815.196727       	 -40.642436 	 -8.321802  	 0            	 32.320634
9815.204911       	 29.567568  	 61.885138  	 0            	 32.31757
9830.089643       	 98.664012  	 130.895923 	 0            	 32.231911
9845.176847       	 22.091884  	 54.238622  	 0            	 32.146738
9845.184683       	 -110.759189	 -78.615607 	 0            	 32.143582
9860.088715       	 -62.520592 	 -30.460332 	 0            	 32.06026
9875.178652       	 33.630377  	 65.604288  	 0            	 31.973911
9890.255938       	 -112.824387	 -80.948672 	 0            	 31.875715
9905.165127       	 -97.581683 	 -65.766562 	 0            	 31.815121
9905.159259       	 -102.703986	 -70.897259 	 0            	 31.806727
9920.247249       	 112.778312 	 144.489179 	 0            	 31.710867
9935.142193       	 45.173375  	 76.814574  	 0            	 31.641199
9935.149955       	 -49.504395 	 -17.860951 	 0            	 31.643444
9950.252093       	 -175.19084 	 -143.618414	 0            	 31.572426
9965.148522       	 -49.904271 	 -18.414453 	 0            	 31.489818
9965.14723        	 -11.462082 	 20.023201  	 0            	 31.485283
9980.233531       	 -137.883044	 -106.472703	 0            	 31.410341
9995.115179       	 -100.680058	 -69.395462 	 0            	 31.284596
9995.11837        	 59.044821  	 90.354207  	 0            	 31.309386
10010.21465       	 -89.888772 	 -58.656874 	 0            	 31.231898
10025.11023       	 -171.947897	 -140.797171	 0            	 31.150726
10025.12134       	 84.37902   	 115.530383 	 0            	 31.151363
10040.2015        	 -136.22733 	 -105.166588	 0            	 31.060742
10055.1106        	 103.657096 	 134.663916 	 0            	 31.00682
10055.10101       	 -100.681731	 -69.675243 	 0            	 31.006488
10070.18824       	 -136.391802	 -105.475319	 0            	 30.916483
10074.39865       	 130.121399 	 161.128749 	 0            	 31.00735
10085.0997        	 69.225988  	 100.08671  	 0            	 30.860722
10100.18192       	 90.444148  	 121.216028 	 0            	 30.77188
10100.264         	 -3.166971  	 27.621036  	 0            	 30.788007
10115.0846        	 44.524248  	 75.21437   	 0            	 30.690122
10130.17471       	 98.629993  	 129.243804 	 0            	 30.613811
10145.25916       	 137.737848 	 168.275494 	 0            	 30.537646
10145.27125       	 -6.470008  	 24.080827  	 0            	 30.550835
10160.16318       	 26.379391  	 56.880484  	 0            	 30.501093
10175.24561       	 40.383775  	 70.78399   	 0            	 30.400215
10175.25313       	 -17.235088 	 13.170574  	 0            	 30.405662
10190.15166       	 -78.037015 	 -47.698421 	 0            	 30.338594
10205.24303       	 27.490879  	 57.757886  	 0            	 30.267007
10205.23943       	 133.047498 	 163.324745 	 0            	 30.277247
10220.14121       	 63.945234  	 94.142274  	 0            	 30.19704
10235.23237       	 178.90472  	 -150.968138	 0            	 -329.872858
10235.22105       	 -115.938442	 -85.810004 	 0            	 30.128438
10250.12836       	 -30.593976 	 -0.53399   	 0            	 30.059986
10265.21526       	 -158.67774 	 -128.679517	 0            	 29.998223
10265.21472       	 43.629296  	 73.621587  	 0            	 29.992291
10280.11894       	 -168.501852	 -138.573868	 0            	 29.927984
10295.20576       	 77.508971  	 107.368465 	 0            	 29.859494
10295.20219       	 154.553029 	 -175.581987	 0            	 -330.135016
10310.11249       	 -95.235274 	 -65.41487  	 0            	 29.820404
10325.19651       	 -31.173643 	 -1.445233  	 0            	 29.72841
10340.0997        	 -34.298086 	 -4.633422  	 0            	 29.664664
10340.09968       	 -121.956856	 -92.302242 	 0            	 29.654614
10355.18132       	 -69.292094 	 -39.695619 	 0            	 29.596475
10370.26546       	 40.32332   	 69.843545  	 0            	 29.520225
10370.2771        	 32.572018  	 62.118619  	 0            	 29.546601
10385.16391       	 -135.460981	 -106.002471	 0            	 29.45851
10400.26755       	 28.975938  	 58.374426  	 0            	 29.398488
10400.27467       	 109.450862 	 138.875409 	 0            	 29.424547
10415.17604       	 -31.502859 	 -2.151423  	 0            	 29.351436
10430.25915       	 -45.104389 	 -15.818807 	 0            	 29.285582
10430.25613       	 174.357483 	 -156.351479	 0            	 -330.708962
10445.14993       	 10.257378  	 39.478644  	 0            	 29.221266
10460.24853       	 -16.103194 	 13.071635  	 0            	 29.174829
10475.14341       	 16.001393  	 45.107562  	 0            	 29.106169
10475.13685       	 -56.694596 	 -27.58789  	 0            	 29.106706
10490.22472       	 130.512019 	 159.553575 	 0            	 29.041556
10505.13259       	 -129.441525	 -100.448203	 0            	 28.993322
10505.13148       	 134.00958  	 162.993412 	 0            	 28.983832
10520.21208       	 -43.797238 	 -14.8693   	 0            	 28.927938
10535.11838       	 100.748277 	 129.62172  	 0            	 28.873443
10535.1137        	 -42.397148 	 -13.530115 	 0            	 28.867033
10550.2152        	 -60.012857 	 -31.197027 	 0            	 28.81583
10565.10376       	 108.909325 	 137.66184  	 0            	 28.752515
10565.11659       	 -9.809629  	 18.947137  	 0            	 28.756766
10580.20359       	 109.526373 	 138.232565 	 0            	 28.706192
10595.09914       	 38.20033   	 66.850144  	 0            	 28.649814
10595.10079       	 -101.199567	 -72.556373 	 0            	 28.643194
10610.18575       	 -168.513654	 -139.920536	 0            	 28.593118
10625.2749        	 76.3241    	 104.849299 	 0            	 28.525199
10625.3209        	 -63.514806 	 -34.996484 	 0            	 28.518322
10640.16624       	 -161.415913	 -132.947788	 0            	 28.468125
10655.26285       	 100.217357 	 128.631524 	 0            	 28.414167
10670.16489       	 121.691645 	 150.054559 	 0            	 28.362914
10670.16171       	 124.316693 	 152.684798 	 0            	 28.368105
10685.25299       	 -173.311989	 -144.996406	 0            	 28.315583
10700.15891       	 -178.420857	 -150.15537 	 0            	 28.265487
10700.15471       	 -117.777178	 -89.519365 	 0            	 28.257813
10715.24657       	 51.641095  	 79.842474  	 0            	 28.201379
10730.14082       	 132.558997 	 160.717064 	 0            	 28.158067
10731.61222       	 129.788569 	 157.98226  	 0            	 28.193691
10745.22969       	 113.38066  	 141.496064 	 0            	 28.115404
10760.13232       	 -70.026535 	 -41.971186 	 0            	 28.055349
10775.21879       	 130.48817  	 158.489557 	 0            	 28.001387
10775.2189        	 -63.724523 	 -35.713878 	 0            	 28.010645
10790.13193       	 -56.154591 	 -28.199038 	 0            	 27.955553
10805.21063       	 161.820416 	 -170.281439	 0            	 -332.101855
10820.11168       	 66.044184  	 93.90288   	 0            	 27.858696
10820.11411       	 -80.182087 	 -52.317792 	 0            	 27.864295
10835.1969        	 -21.958244 	 5.842839   	 0            	 27.801083
10850.10053       	 -86.079712 	 -58.316788 	 0            	 27.762924
10850.10426       	 12.877815  	 40.63983   	 0            	 27.762015
10865.18517       	 -6.862531  	 20.842043  	 0            	 27.704574
10880.27475       	 80.601772  	 108.253613 	 0            	 27.651841
10880.28268       	 52.394448  	 80.053257  	 0            	 27.658809
10895.17221       	 157.831159 	 -174.561757	 0            	 -332.392916
10910.265         	 146.932034 	 174.496926 	 0            	 27.564892
10925.16444       	 77.024955  	 104.546055 	 0            	 27.5211
10925.1639        	 -5.886569  	 21.624129  	 0            	 27.510698
10940.2547        	 -42.58261  	 -15.105974 	 0            	 27.476636
10955.15508       	 159.967197 	 -172.602376	 0            	 -332.569573
10970.23997       	 135.021744 	 162.407474 	 0            	 27.38573
10970.24167       	 155.992539 	 -176.632506	 0            	 -332.625045
10985.13941       	 -3.789423  	 23.549358  	 0            	 27.338781
11000.22468       	 58.408081  	 85.694153  	 0            	 27.286072
11000.23124       	 -153.498395	 -126.203297	 0            	 27.295098
11015.13407       	 6.880554   	 34.130143  	 0            	 27.249589
11030.22509       	 52.976648  	 80.187264  	 0            	 27.210616
11030.46256       	 -121.595992	 -94.379691 	 0            	 27.216301
11045.12905       	 -154.776505	 -127.611823	 0            	 27.164682
11060.20838       	 43.760455  	 70.874533  	 0            	 27.114078
11075.1052        	 69.119929  	 96.188743  	 0            	 27.068814
11075.10759       	 -149.680942	 -122.60837 	 0            	 27.072572
11090.20429       	 -83.818094 	 -56.781514 	 0            	 27.03658
11105.28062       	 -51.168484 	 -24.188709 	 0            	 26.979775
11105.2711        	 173.372856 	 -159.658989	 0            	 -333.031845
11120.17502       	 4.878354   	 31.804402  	 0            	 26.926048
11135.27157       	 33.616434  	 60.516477  	 0            	 26.900043
11150.18064       	 -121.654367	 -94.779127 	 0            	 26.87524
11150.17881       	 -67.981386 	 -41.117896 	 0            	 26.86349
11165.27596       	 -167.556141	 -140.709947	 0            	 26.846194
11180.16707       	 -102.651272	 -75.846769 	 0            	 26.804503
11180.16507       	 -152.294572	 -125.506868	 0            	 26.787704
11195.24242       	 -86.54345  	 -59.807016 	 0            	 26.736434
11210.15241       	 85.498644  	 112.201345 	 0            	 26.702701
11225.24764       	 -115.361326	 -88.699539 	 0            	 26.661787
11225.24026       	 26.055449  	 52.718513  	 0            	 26.663064
11240.14188       	 165.002914 	 -168.366384	 0            	 -333.369298
11255.22852       	 54.588717  	 81.179436  	 0            	 26.590719
11255.23753       	 36.916927  	 63.516209  	 0            	 26.599282
11270.13594       	 -134.096099	 -107.540469	 0            	 26.55563
11285.22637       	 -18.872091 	 7.660096   	 0            	 26.532187
11300.07519       	 -27.479867 	 -0.98546   	 0            	 26.494407
11300.12284       	 -105.467714	 -78.984144 	 0            	 26.48357
11315.20575       	 137.111676 	 163.552832 	 0            	 26.441156
11330.11382       	 141.646784 	 168.050838 	 0            	 26.404054
11330.12145       	 -97.219629 	 -70.804796 	 0            	 26.414833
11345.20685       	 47.736203  	 74.122756  	 0            	 26.386553
11360.29698       	 -57.232239 	 -30.871677 	 0            	 26.360562
11375.18621       	 -9.89574   	 16.401533  	 0            	 26.297273
11375.19255       	 -15.386613 	 10.917954  	 0            	 26.304567
11390.27262       	 -60.752479 	 -34.497196 	 0            	 26.255283
11405.172         	 -142.291721	 -116.071926	 0            	 26.219795
11405.18259       	 79.121476  	 105.363337 	 0            	 26.241861
11420.26358       	 96.632663  	 122.828491 	 0            	 26.195828
11435.17089       	 -165.650369	 -139.48885 	 0            	 26.161519
11446.82089       	 28.59038   	 54.756429  	 0            	 26.166049
11450.2547        	 -109.744407	 -83.630479 	 0            	 26.113928
11465.15771       	 -15.302024 	 10.792056  	 0            	 26.09408
11480.24863       	 79.80261   	 105.863301 	 0            	 26.060691
11480.2423        	 -105.092228	 -79.037491 	 0            	 26.054737
11495.13565       	 -81.504027 	 -55.488613 	 0            	 26.015414
11510.23021       	 108.781322 	 134.776165 	 0            	 25.994843
11525.13713       	 97.58858   	 123.553227 	 0            	 25.964647
11525.13441       	 99.320119  	 125.281879 	 0            	 25.96176
11540.21464       	 69.497332  	 95.414457  	 0            	 25.917125
11555.12218       	 -144.439167	 -118.545828	 0            	 25.893339
11555.12599       	 147.279409 	 173.183662 	 0            	 25.904253
11570.20728       	 128.370076 	 154.223749 	 0            	 25.853673
11585.10757       	 22.098227  	 47.935219  	 0            	 25.836992
11600.19395       	 128.320502 	 154.116524 	 0            	 25.796022
11600.19875       	 -172.127911	 -146.327864	 0            	 25.800047
11615.28763       	 -109.930739	 -84.158101 	 0            	 25.772638
11630.18626       	 -145.204929	 -119.469566	 0            	 25.735363
11630.19185       	 99.91049   	 125.651695 	 0            	 25.741205
11645.27489       	 99.612705  	 125.316208 	 0            	 25.703503
11660.17618       	 -139.645341	 -113.962175	 0            	 25.683166
11675.2743        	 -161.156593	 -135.509688	 0            	 25.646905
11675.26409       	 30.502615  	 56.148582  	 0            	 25.645967
11690.16321       	 -117.219078	 -91.604597 	 0            	 25.614481
11705.26041       	 153.618292 	 179.213514 	 0            	 25.595222
11705.26385       	 -132.927251	 -107.338518	 0            	 25.588733
11720.15696       	 -150.271248	 -124.71352 	 0            	 25.557728
11735.24595       	 103.711114 	 129.243999 	 0            	 25.532885
11750.15309       	 -176.380995	 -150.87747 	 0            	 25.503525
11750.14977       	 162.984886 	 -171.511901	 0            	 -334.496787
11765.23123       	 -113.16779 	 -87.694702 	 0            	 25.473088
11780.12855       	 130.845765 	 156.289999 	 0            	 25.444234
11780.1339        	 26.205727  	 51.656137  	 0            	 25.45041
11795.22251       	 -15.063802 	 10.342699  	 0            	 25.406501
11810.12277       	 147.986423 	 173.3649   	 0            	 25.378477
11825.20883       	 -104.238859	 -78.880972 	 0            	 25.357887
11825.20789       	 -36.311356 	 -10.960756 	 0            	 25.3506
11840.29972       	 63.327679  	 88.655866  	 0            	 25.328187
11855.20884       	 166.688838 	 -168.004868	 0            	 -334.693706
11857.89333       	 157.72168  	 -176.952695	 0            	 -334.674375
11870.28581       	 5.374674   	 30.644466  	 0            	 25.269792
11885.19502       	 21.814274  	 47.066186  	 0            	 25.251912
11900.27484       	 50.628088  	 75.860816  	 0            	 25.232728
11900.27741       	 162.002606 	 -172.77795 	 0            	 -334.780556
11915.18074       	 -50.531759 	 -25.336096 	 0            	 25.195663
11930.26307       	 108.440949 	 133.61527  	 0            	 25.174321
11945.16399       	 -80.752785 	 -55.605329 	 0            	 25.147456
11945.16369       	 -154.754547	 -129.617229	 0            	 25.137318
11960.25914       	 -124.888817	 -99.759636 	 0            	 25.129181
11975.1572        	 -93.574386 	 -68.467562 	 0            	 25.106824
11990.24384       	 -54.543003 	 -29.473062 	 0            	 25.069941
11990.24746       	 -145.530099	 -120.458   	 0            	 25.072099
12005.14116       	 -155.623623	 -130.588108	 0            	 25.035515
12020.24004       	 -154.916557	 -129.888801	 0            	 25.027756
12020.22752       	 3.19494    	 28.204225  	 0            	 25.009285
12035.13391       	 -110.653881	 -85.651778 	 0            	 25.002103
12050.23656       	 147.30029  	 172.279884 	 0            	 24.979594
12065.12453       	 112.037864 	 136.98546  	 0            	 24.947596
12065.12299       	 43.57795   	 68.524449  	 0            	 24.946499
12080.2146        	 -159.317602	 -134.398734	 0            	 24.918868
12095.30871       	 -130.162924	 -105.246909	 0            	 24.916015
12110.1981        	 6.882944   	 31.756981  	 0            	 24.874037
12110.19871       	 -17.61696  	 7.258201   	 0            	 24.875161
12125.288         	 72.842891  	 97.696747  	 0            	 24.853856
12140.18451       	 45.040602  	 69.865393  	 0            	 24.824791
12141.60357       	 114.861429 	 139.708617 	 0            	 24.847188
12155.28081       	 36.888048  	 61.700035  	 0            	 24.811987
12170.18874       	 -28.967458 	 -4.168908  	 0            	 24.79855
12185.26941       	 5.601247   	 30.36583   	 0            	 24.764583
12185.25842       	 -54.261971 	 -29.503971 	 0            	 24.758
12200.17795       	 157.537997 	 -177.703752	 0            	 -335.241749
12215.25661       	 31.368013  	 56.091702  	 0            	 24.723689
12230.16805       	 -130.25797 	 -105.558901	 0            	 24.699069
12230.15227       	 20.285748  	 44.980511  	 0            	 24.694763
12245.24267       	 -167.21875 	 -142.537023	 0            	 24.681727
12260.14757       	 37.795215  	 62.441869  	 0            	 24.646654
12260.14471       	 -130.585217	 -105.934551	 0            	 24.650666
12275.23771       	 -111.022109	 -86.383224 	 0            	 24.638885
12290.13753       	 98.671323  	 123.284797 	 0            	 24.613474
12305.21916       	 55.263333  	 79.860937  	 0            	 24.597604
12305.23386       	 -36.271789 	 -11.668464 	 0            	 24.603325
12320.12561       	 -91.943958 	 -67.370386 	 0            	 24.573572
12335.21245       	 -150.35087 	 -125.807096	 0            	 24.543774
12350.29684       	 -27.945251 	 -3.425351  	 0            	 24.5199
12350.30495       	 19.828771  	 44.369059  	 0            	 24.540288
12365.20611       	 -0.021702  	 24.498207  	 0            	 24.519909
12380.28953       	 -168.69616 	 -144.209235	 0            	 24.486925
12395.19073       	 -165.231922	 -140.762903	 0            	 24.469019
12395.20109       	 -2.681515  	 21.798533  	 0            	 24.480048
12410.27981       	 76.367455  	 100.805367 	 0            	 24.437912
12425.17372       	 -16.14585  	 8.27495    	 0            	 24.4208
12425.17885       	 -4.108705  	 20.319645  	 0            	 24.42835
12440.26019       	 -8.248122  	 16.153506  	 0            	 24.401628
12455.16088       	 75.18011   	 99.568726  	 0            	 24.388616
12470.26369       	 91.300586  	 115.676644 	 0            	 24.376058
12470.26031       	 -67.446117 	 -43.06844  	 0            	 24.377677
12485.17279       	 -167.287828	 -142.906704	 0            	 24.381124
12500.2483        	 -47.847333 	 -23.521238 	 0            	 24.326095
12515.15601       	 42.688518  	 67.013095  	 0            	 24.324577
12515.14315       	 -81.363979 	 -57.044739 	 0            	 24.31924
12530.2356        	 -91.660695 	 -67.369962 	 0            	 24.290733
12545.13268       	 -169.548465	 -145.278547	 0            	 24.269918
12560.23182       	 141.457846 	 165.730092 	 0            	 24.272246
12560.22649       	 51.495195  	 75.746927  	 0            	 24.251732
12575.31733       	 82.565343  	 106.814557 	 0            	 24.249214
12590.21663       	 144.602589 	 168.828292 	 0            	 24.225703
12605.30319       	 -150.420735	 -126.219467	 0            	 24.201268
12605.29908       	 -114.68293 	 -90.477312 	 0            	 24.205618
12620.20253       	 125.054406 	 149.2333   	 0            	 24.178894
12635.29568       	 165.691875 	 -170.140252	 0            	 -335.832127
12635.29118       	 113.585318 	 137.752779 	 0            	 24.167461
12650.19255       	 -41.103949 	 -16.953791 	 0            	 24.150158
12665.27928       	 -130.84062 	 -106.701091	 0            	 24.139529
12680.1801        	 -60.36105  	 -36.253309 	 0            	 24.107741
12680.17599       	 -139.736556	 -115.62062 	 0            	 24.115936
12695.2701        	 76.365656  	 100.463151 	 0            	 24.097495
12710.16702       	 108.263258 	 132.342953 	 0            	 24.079695
12725.25429       	 163.134313 	 -172.80149 	 0            	 -335.935803
12725.26006       	 -34.45534  	 -10.389278 	 0            	 24.066062
12740.15664       	 -45.08408  	 -21.039017 	 0            	 24.045063
12755.24954       	 -24.589369 	 -0.54451   	 0            	 24.044859
12770.16104       	 -13.813359 	 10.202929  	 0            	 24.016288
12770.14591       	 13.986924  	 38.011847  	 0            	 24.024923
12785.23619       	 -36.600571 	 -12.604233 	 0            	 23.996338
12800.14075       	 -113.369557	 -89.376335 	 0            	 23.993222
12815.23161       	 56.303425  	 80.278356  	 0            	 23.974931
12815.22829       	 -119.31048 	 -95.335294 	 0            	 23.975186
12830.32244       	 -147.132954	 -123.170589	 0            	 23.962365
12845.21903       	 115.50533  	 139.460236 	 0            	 23.954906
12860.30211       	 -141.001137	 -117.078698	 0            	 23.922439
12860.30684       	 -171.445568	 -147.515269	 0            	 23.930299
12875.20003       	 -19.86704  	 4.039112   	 0            	 23.906152
12890.29656       	 84.474979  	 108.367037 	 0            	 23.892058
12905.19583       	 -148.84177 	 -124.965952	 0            	 23.875818
12905.20031       	 -14.903161 	 8.973535   	 0            	 23.876696
12920.27632       	 -103.802194	 -79.947483 	 0            	 23.854711
12935.18249       	 13.97968   	 37.836199  	 0            	 23.856519
12950.26664       	 99.320932  	 123.155759 	 0            	 23.834827
12950.26268       	 -59.287567 	 -35.455535 	 0            	 23.832032
12965.1648        	 157.813799 	 -178.360833	 0            	 -336.174632
12980.25983       	 -56.031386 	 -32.21277  	 0            	 23.818616
12995.16101       	 121.102441 	 144.907319 	 0            	 23.804878
12995.1548        	 150.653386 	 174.440926 	 0            	 23.78754
13010.23567       	 -27.079679 	 -3.305205  	 0            	 23.774474
13025.14549       	 -95.004447 	 -71.238992 	 0            	 23.765455
13040.23797       	 -1.732088  	 22.027829  	 0            	 23.759917
13040.24596       	 -17.104945 	 6.667391   	 0            	 23.772336
13055.1367        	 126.686022 	 150.431424 	 0            	 23.745402
13070.22513       	 179.946926 	 -156.321679	 0            	 -336.268605
13085.31155       	 -172.90671 	 -149.198851	 0            	 23.707859
13085.31058       	 -132.817231	 -109.104843	 0            	 23.712388
13100.2123        	 21.997473  	 45.696264  	 0            	 23.698791
13115.30589       	 36.969325  	 60.661774  	 0            	 23.692449
13130.21005       	 141.875059 	 165.561606 	 0            	 23.686547
13130.2041        	 49.543362  	 73.214462  	 0            	 23.6711
13145.27561       	 -62.490585 	 -38.842264 	 0            	 23.648321
13160.18778       	 -124.077279	 -100.433006	 0            	 23.644273
13175.28378       	 -142.090321	 -118.453099	 0            	 23.637222
13175.28391       	 57.483312  	 81.118464  	 0            	 23.635152
13190.18268       	 -53.847137 	 -30.225288 	 0            	 23.621849
13205.26907       	 -109.224516	 -85.621016 	 0            	 23.6035
13220.16903       	 -36.303554 	 -12.701727 	 0            	 23.601827
13220.16708       	 163.959292 	 -172.442377	 0            	 -336.401669
13235.25778       	 -166.441791	 -142.841084	 0            	 23.600707
13250.1634        	 -67.209794 	 -43.618124 	 0            	 23.59167
13265.25134       	 78.551497  	 102.128632 	 0            	 23.577135
13265.25174       	 -14.878227 	 8.692445   	 0            	 23.570672
13280.15148       	 113.671543 	 137.227984 	 0            	 23.556441
13295.23751       	 -74.226657 	 -50.681546 	 0            	 23.545111
13310.32511       	 -6.965815  	 16.568064  	 0            	 23.533879
13310.33          	 42.080867  	 65.617607  	 0            	 23.53674
13325.2199        	 29.397342  	 52.92323   	 0            	 23.525888
13340.31555       	 48.666584  	 72.173494  	 0            	 23.50691
13355.22062       	 55.595872  	 79.094464  	 0            	 23.498592
13355.21419       	 -126.473466	 -102.979461	 0            	 23.494005
13370.30727       	 121.909293 	 145.397097 	 0            	 23.487804
13385.20885       	 -165.665209	 -142.1786  	 0            	 23.486609
13400.29154       	 -84.257298 	 -60.790252 	 0            	 23.467046
13415.19631       	 74.859485  	 98.321195  	 0            	 23.46171
13415.2034        	 155.997552 	 179.46569  	 0            	 23.468138
13430.28687       	 168.357387 	 -168.188298	 0            	 -336.545685
13445.17857       	 53.095574  	 76.530038  	 0            	 23.434464
13460.265         	 58.523584  	 81.941829  	 0            	 23.418245
13460.26313       	 -124.912589	 -101.499938	 0            	 23.412651
13475.16802       	 29.227999  	 52.640314  	 0            	 23.412315
13490.25154       	 -6.705611  	 16.691654  	 0            	 23.397265
13505.16471       	 83.040948  	 106.438616 	 0            	 23.397668
13505.1632        	 68.428522  	 91.82973   	 0            	 23.401208
13520.25362       	 -141.413596	 -118.017443	 0            	 23.396153
13535.15164       	 -165.277839	 -141.894159	 0            	 23.38368
13550.23972       	 85.734475  	 109.104898 	 0            	 23.370423
13565.32622       	 -166.198566	 -142.848039	 0            	 23.350527
13565.32775       	 29.885149  	 53.243831  	 0            	 23.358682
13580.22957       	 -11.883203 	 11.462422  	 0            	 23.345625
13595.30712       	 -179.95407 	 -156.629179	 0            	 23.324891
13610.21566       	 10.759272  	 34.08744   	 0            	 23.328168
13610.22302       	 168.091333 	 -168.577706	 0            	 -336.669039
13625.30203       	 16.968166  	 40.289264  	 0            	 23.321098
13640.20735       	 -6.981531  	 16.333394  	 0            	 23.314925
13655.29764       	 -133.858237	 -110.55727 	 0            	 23.300967
13655.29763       	 -19.893746 	 3.407296   	 0            	 23.301042
13670.19297       	 11.562507  	 34.853442  	 0            	 23.290935
13685.2782        	 85.243803  	 108.524421 	 0            	 23.280618
13700.19351       	 36.516879  	 59.798608  	 0            	 23.281729
13715.26869       	 39.949182  	 63.212667  	 0            	 23.263485
13715.27093       	 -21.613924 	 1.644736   	 0            	 23.25866
13730.17113       	 70.121273  	 93.381141  	 0            	 23.259868
13745.2607        	 -28.88856  	 -5.63946   	 0            	 23.2491
13760.16421       	 -160.833258	 -137.587165	 0            	 23.246093
13760.16373       	 73.498368  	 96.743426  	 0            	 23.245058
13775.24055       	 -24.466365 	 -1.239619  	 0            	 23.226746
13790.15582       	 -145.636806	 -122.412419	 0            	 23.224387
13805.23763       	 -0.102014  	 23.119741  	 0            	 23.221755
13820.33089       	 44.24001   	 67.451769  	 0            	 23.211759