 2210.059663	 1.665117	 1.623199	 0.0001
 2224.974295	 1.665133	 1.622977	 0.0001
 2224.964996	 1.665167	 1.623101	 0.0001
 2240.058812	 1.665285	 1.623058	 0.0001
 2240.071005	 1.66531 	 1.623052	 0.0001
 2254.954568	 1.665268	 1.622839	 0.0001
 2254.962979	 1.665186	 1.622778	 0.0001
 2254.96468 	 1.665275	 1.622861	 0.0001
 2270.044957	 1.665419	 1.622815	 0.0001
 2270.052033	 1.665389	 1.622839	 0.0001
 2285.135409	 1.665436	 1.62264 	 0.0001
 2285.12961 	 1.665486	 1.622573	 0.0001
 2300.034444	 1.665684	 1.622684	 0.0001
 2300.029601	 1.665471	 1.622559	 0.0001
 2300.031104	 1.665549	 1.622735	 0.0001
 2315.120723	 1.665677	 1.622503	 0.0001
 2315.117167	 1.665656	 1.622479	 0.0001
 2330.027316	 1.665544	 1.622335	 0.0001
 2330.025982	 1.665662	 1.622502	 0.0001
 2345.116159	 1.665688	 1.622181	 0.0001
 2345.117531	 1.665699	 1.622379	 0.0001
 2360.013756	 1.665858	 1.62233 	 0.0001
 2360.014081	 1.66575 	 1.622122	 0.0001
 2375.104023	 1.665802	 1.621919	 0.0001
 2375.095352	 1.665913	 1.622067	 0.0001
 2389.999191	 1.665761	 1.621888	 0.0001
 2390.018665	 1.665857	 1.621948	 0.0001
 2405.086491	 1.665939	 1.621913	 0.0001
 2405.093854	 1.666035	 1.621886	 0.0001
 2419.99418 	 1.666076	 1.621801	 0.0001
 2419.983364	 1.666061	 1.621848	 0.0001
 2419.983626	 1.666095	 1.621726	 0.0001
 2435.07818 	 1.666043	 1.621769	 0.0001
 2435.087465	 1.666052	 1.62174 	 0.0001
 2449.985945	 1.666189	 1.621499	 0.0001
 2449.979853	 1.6662  	 1.621449	 0.0001
 2465.070887	 1.666205	 1.621366	 0.0001
 2465.069694	 1.666233	 1.62144 	 0.0001
 2479.97179 	 1.666333	 1.621463	 0.0001
 2479.972488	 1.666347	 1.621391	 0.0001
 2495.061532	 1.666352	 1.62123 	 0.0001
 2495.064281	 1.666309	 1.621205	 0.0001
 2509.95798 	 1.666434	 1.620999	 0.0001
 2509.957894	 1.666332	 1.621109	 0.0001
 2515.681034	 1.666246	 1.620769	 0.0001
 2525.044049	 1.666429	 1.62097 	 0.0001
 2525.040651	 1.666407	 1.621   	 0.0001
 2540.138933	 1.66651 	 1.620912	 0.0001
 2540.138178	 1.666604	 1.620902	 0.0001
 2555.036564	 1.666591	 1.620788	 0.0001
 2555.042875	 1.66665 	 1.620812	 0.0001
 2570.117037	 1.666733	 1.620659	 0.0001
 2570.119753	 1.666741	 1.620753	 0.0001
 2570.126495	 1.666847	 1.620669	 0.0001
 2585.016546	 1.666911	 1.620583	 0.0001
 2585.020594	 1.666859	 1.620629	 0.0001
 2600.109972	 1.66698 	 1.620448	 0.0001
 2600.103677	 1.666872	 1.620455	 0.0001
 2615.018324	 1.667017	 1.620408	 0.0001
 2615.018038	 1.666962	 1.620311	 0.0001
 2630.095857	 1.666922	 1.620153	 0.0001
 2630.107814	 1.66709 	 1.620191	 0.0001
 2630.105528	 1.667094	 1.62025 	 0.0001
 2644.987121	 1.667211	 1.620178	 0.0001
 2645.000844	 1.667237	 1.620042	 0.0001
 2660.085877	 1.667216	 1.619957	 0.0001
 2660.091418	 1.667133	 1.619884	 0.0001
 2674.985508	 1.667333	 1.61967 	 0.0001
 2674.997231	 1.667359	 1.619772	 0.0001
 2690.086944	 1.667356	 1.619609	 0.0001
 2690.082144	 1.667346	 1.619575	 0.0001
 2704.987523	 1.667437	 1.619566	 0.0001
 2704.986924	 1.667521	 1.619492	 0.0001
 2720.065829	 1.667673	 1.619519	 0.0001
 2720.078876	 1.667542	 1.619402	 0.0001
 2725.704093	 1.667296	 1.619228	 0.0001
 2734.974038	 1.667734	 1.619299	 0.0001
 2734.962361	 1.667646	 1.619259	 0.0001
 2750.061196	 1.667663	 1.619058	 0.0001
 2750.055914	 1.667647	 1.619045	 0.0001
 2764.959277	 1.667747	 1.618881	 0.0001
 2764.962538	 1.667892	 1.619013	 0.0001
 2780.037295	 1.667902	 1.618769	 0.0001
 2780.047865	 1.667827	 1.618851	 0.0001
 2795.138605	 1.66799 	 1.618747	 0.0001
 2795.125884	 1.668029	 1.618746	 0.0001
 2802.762936	 1.667509	 1.618167	 0.0001
 2810.037159	 1.66815 	 1.618562	 0.0001
 2810.030992	 1.668028	 1.618635	 0.0001
 2825.122286	 1.668241	 1.61847 	 0.0001
 2825.117489	 1.668163	 1.618442	 0.0001
 2840.026352	 1.668319	 1.618288	 0.0001
 2840.018008	 1.668423	 1.618348	 0.0001
 2855.114459	 1.668382	 1.618099	 0.0001
 2855.110747	 1.668328	 1.618081	 0.0001
 2870.010091	 1.668464	 1.617925	 0.0001
 2870.012426	 1.66845 	 1.61797 	 0.0001
 2885.102753	 1.668573	 1.617977	 0.0001
 2885.097237	 1.668438	 1.617859	 0.0001
 2900.007509	 1.668627	 1.617662	 0.0001
 2900.00338 	 1.668407	 1.617592	 0.0001
 2900.010691	 1.66868 	 1.617807	 0.0001
 2915.085779	 1.668745	 1.617573	 0.0001
 2915.082717	 1.668807	 1.617507	 0.0001
 2929.996728	 1.668794	 1.617476	 0.0001
 2929.993185	 1.668862	 1.61744 	 0.0001
 2945.072641	 1.668926	 1.617291	 0.0001
 2945.071953	 1.668959	 1.617283	 0.0001
 2959.976565	 1.669132	 1.617142	 0.0001
 2959.987709	 1.669015	 1.617209	 0.0001
 2975.065729	 1.669171	 1.616983	 0.0001
 2975.074192	 1.669173	 1.616961	 0.0001
 2989.975997	 1.669301	 1.616757	 0.0001
 2989.980868	 1.669326	 1.616783	 0.0001
 3005.060519	 1.669354	 1.616636	 0.0001
 3005.054476	 1.669521	 1.616725	 0.0001
 3005.215286	 1.669261	 1.616583	 0.0001
 3020.15175 	 1.669519	 1.616225	 0.0001
 3020.141114	 1.669517	 1.616518	 0.0001
 3035.047225	 1.66953 	 1.616314	 0.0001
 3035.044852	 1.669652	 1.616264	 0.0001
 3050.133478	 1.669609	 1.616089	 0.0001
 3050.145947	 1.669578	 1.616127	 0.0001
 3065.034714	 1.669746	 1.61586 	 0.0001
 3065.035744	 1.669765	 1.615977	 0.0001
 3080.134417	 1.669989	 1.615914	 0.0001
 3080.128669	 1.669953	 1.61584 	 0.0001
 3095.026911	 1.669831	 1.615652	 0.0001
 3095.027546	 1.670137	 1.615748	 0.0001
 3110.11157 	 1.670175	 1.615659	 0.0001
 3110.113026	 1.670236	 1.61551 	 0.0001
 3125.011386	 1.670406	 1.615211	 0.0001
 3125.006278	 1.670491	 1.615219	 0.0001
 3140.107116	 1.67048 	 1.61525 	 0.0001
 3140.109902	 1.67037 	 1.615151	 0.0001
 3155.004771	 1.670514	 1.615021	 0.0001
 3155.006209	 1.670575	 1.61506 	 0.0001
 3170.093501	 1.670603	 1.614827	 0.0001
 3170.08776 	 1.670709	 1.61479 	 0.0001
 3184.985807	 1.670764	 1.614628	 0.0001
 3184.993027	 1.670766	 1.614643	 0.0001
 3200.077456	 1.670813	 1.614366	 0.0001
 3200.081349	 1.670921	 1.614519	 0.0001
 3214.981625	 1.671117	 1.614299	 0.0001
 3214.982854	 1.670919	 1.614356	 0.0001
 3230.081223	 1.671028	 1.61397 	 0.0001
 3230.070579	 1.671119	 1.614172	 0.0001
 3244.965737	 1.671198	 1.613928	 0.0001
 3244.974306	 1.671217	 1.613986	 0.0001
 3244.978235	 1.671283	 1.613893	 0.0001
 3260.057328	 1.671441	 1.613709	 0.0001
 3260.06677 	 1.671562	 1.613789	 0.0001
 3275.144855	 1.671516	 1.613441	 0.0001
 3275.147412	 1.671545	 1.613501	 0.0001
 3290.05088 	 1.67165 	 1.613249	 0.0001
 3290.048932	 1.671627	 1.61337 	 0.0001
 3305.137865	 1.671872	 1.613269	 0.0001
 3305.140355	 1.671732	 1.613205	 0.0001
 3320.034541	 1.67208 	 1.613017	 0.0001
 3320.038902	 1.6719  	 1.613039	 0.0001
 3335.119035	 1.67211 	 1.612702	 0.0001
 3335.125847	 1.671942	 1.612796	 0.0001
 3350.032271	 1.672176	 1.612529	 0.0001
 3350.025689	 1.672103	 1.612553	 0.0001
 3365.121456	 1.672261	 1.612426	 0.0001
 3365.114618	 1.672319	 1.612464	 0.0001
 3380.005663	 1.672601	 1.612157	 0.0001
 3380.014439	 1.67246 	 1.612282	 0.0001
 3395.105984	 1.672778	 1.611968	 0.0001
 3395.100127	 1.672684	 1.611969	 0.0001
 3409.99914 	 1.672765	 1.611765	 0.0001
 3410.011244	 1.672791	 1.611633	 0.0001
 3425.093924	 1.672836	 1.611402	 0.0001
 3425.091658	 1.672936	 1.611483	 0.0001
 3439.992389	 1.673123	 1.611322	 0.0001
 3439.989067	 1.673099	 1.611357	 0.0001
 3455.086085	 1.673348	 1.611177	 0.0001
 3455.08076 	 1.673265	 1.611154	 0.0001
 3469.980217	 1.673459	 1.610891	 0.0001
 3469.97692 	 1.673461	 1.610804	 0.0001
 3485.070306	 1.673373	 1.610567	 0.0001
 3485.073967	 1.673415	 1.61062 	 0.0001
 3499.979207	 1.673612	 1.610416	 0.0001
 3499.967452	 1.673737	 1.610487	 0.0001
 3515.053163	 1.673891	 1.610207	 0.0001
 3515.06324 	 1.67386 	 1.610168	 0.0001
 3517.751714	 1.674028	 1.610206	 0.0001
 3530.148537	 1.673893	 1.609948	 0.0001
 3545.050519	 1.67421 	 1.609833	 0.0001
 3545.052794	 1.674242	 1.609899	 0.0001
 3560.140232	 1.674329	 1.609343	 0.0001
 3560.139466	 1.674265	 1.609486	 0.0001
 3560.365023	 1.67438 	 1.609515	 0.0001
 3575.038145	 1.674455	 1.609243	 0.0001
 3575.049943	 1.674502	 1.609247	 0.0001
 3590.121033	 1.674632	 1.608974	 0.0001
 3590.125441	 1.674537	 1.608944	 0.0001
 3605.03447 	 1.674965	 1.608812	 0.0001
 3605.032913	 1.674901	 1.608772	 0.0001
 3620.114921	 1.674876	 1.608366	 0.0001
 3620.119722	 1.674946	 1.608482	 0.0001
 3635.01953 	 1.675114	 1.608175	 0.0001
 3635.014502	 1.675261	 1.608305	 0.0001
 3650.104075	 1.675294	 1.608005	 0.0001
 3650.10506 	 1.675373	 1.607998	 0.0001
 3665.000676	 1.675621	 1.607919	 0.0001
 3665.006111	 1.675433	 1.607716	 0.0001
 3680.081506	 1.675762	 1.607496	 0.0001
 3680.094918	 1.675699	 1.607522	 0.0001
 3694.990415	 1.675929	 1.607265	 0.0001
 3695.001526	 1.675963	 1.607203	 0.0001
 3710.086873	 1.676143	 1.607057	 0.0001
 3710.074818	 1.676112	 1.607169	 0.0001
 3724.97875 	 1.676235	 1.606722	 0.0001
 3724.986083	 1.676272	 1.606673	 0.0001
 3740.075524	 1.676503	 1.60647 	 0.0001
 3740.065588	 1.676449	 1.606423	 0.0001
 3755.165389	 1.676613	 1.606082	 0.0001
 3755.16207 	 1.676718	 1.60634 	 0.0001
 3770.05531 	 1.676945	 1.606082	 0.0001
 3770.050979	 1.676814	 1.605999	 0.0001
 3785.143042	 1.677152	 1.605699	 0.0001
 3785.145033	 1.67708 	 1.605626	 0.0001
 3800.045602	 1.677349	 1.605394	 0.0001
 3800.041031	 1.677289	 1.605446	 0.0001
 3815.135728	 1.677376	 1.604949	 0.0001
 3815.144276	 1.677426	 1.605115	 0.0001
 3830.039814	 1.677687	 1.604757	 0.0001
 3830.043228	 1.677706	 1.604854	 0.0001
 3845.14207 	 1.678063	 1.604632	 0.0001
 3845.129845	 1.677868	 1.604461	 0.0001
 3860.040033	 1.678081	 1.604189	 0.0001
 3860.033631	 1.678081	 1.604155	 0.0001
 3875.123715	 1.678201	 1.603824	 0.0001
 3875.114218	 1.678394	 1.603912	 0.0001
 3890.01551 	 1.67855 	 1.603558	 0.0001
 3890.010326	 1.678502	 1.603566	 0.0001
 3905.10608 	 1.678685	 1.603269	 0.0001
 3905.098977	 1.678747	 1.603266	 0.0001
 3920.005273	 1.679059	 1.603037	 0.0001
 3920.00807 	 1.678876	 1.602989	 0.0001
 3935.087475	 1.679192	 1.602736	 0.0001
 3935.094996	 1.679156	 1.602655	 0.0001
 3950.002563	 1.679476	 1.602461	 0.0001
 3949.996981	 1.679539	 1.602412	 0.0001
 3965.08073 	 1.679646	 1.60211 	 0.0001
 3965.079452	 1.679707	 1.602132	 0.0001
 3979.98096 	 1.679904	 1.60184 	 0.0001
 3979.975944	 1.679916	 1.60175 	 0.0001
 3995.060204	 1.680232	 1.60152 	 0.0001
 3995.076651	 1.680148	 1.601353	 0.0001
 4010.161565	 1.680406	 1.601135	 0.0001
 4010.157064	 1.680391	 1.601069	 0.0001
 4025.062013	 1.680606	 1.600765	 0.0001
 4025.056691	 1.680694	 1.600767	 0.0001
 4040.155568	 1.680904	 1.600474	 0.0001
 4040.155235	 1.680905	 1.600464	 0.0001
 4055.049476	 1.681163	 1.600208	 0.0001
 4055.039913	 1.681023	 1.600124	 0.0001
 4070.138985	 1.681375	 1.599932	 0.0001
 4070.137484	 1.68146 	 1.599657	 0.0001
 4085.045014	 1.681575	 1.599276	 0.0001
 4085.038751	 1.68172 	 1.599469	 0.0001
 4100.130539	 1.681902	 1.599068	 0.0001
 4100.133244	 1.681893	 1.599149	 0.0001
 4115.033961	 1.682161	 1.598609	 0.0001
 4115.022838	 1.682211	 1.598721	 0.0001
 4130.124032	 1.682395	 1.598355	 0.0001
 4130.126017	 1.682362	 1.598275	 0.0001
 4145.013611	 1.682773	 1.598023	 0.0001
 4145.020557	 1.682587	 1.597826	 0.0001
 4160.095068	 1.68289 	 1.597566	 0.0001
 4160.111195	 1.682841	 1.597685	 0.0001
 4175.011364	 1.683314	 1.597377	 0.0001
 4175.014807	 1.683189	 1.59725 	 0.0001
 4190.086862	 1.683519	 1.596888	 0.0001
 4190.089921	 1.683562	 1.596861	 0.0001
 4204.991845	 1.683808	 1.596619	 0.0001
 4205.007265	 1.683864	 1.596477	 0.0001
 4220.076063	 1.684115	 1.596051	 0.0001
 4220.081122	 1.684124	 1.59612 	 0.0001
 4234.976673	 1.684254	 1.595624	 0.0001
 4234.987351	 1.684419	 1.595591	 0.0001
 4250.072454	 1.684662	 1.595247	 0.0001
 4265.161776	 1.684935	 1.594971	 0.0001
 4265.164943	 1.684943	 1.594858	 0.0001
 4280.060873	 1.685285	 1.594467	 0.0001
 4280.058282	 1.685381	 1.594744	 0.0001
 4295.146772	 1.685601	 1.594106	 0.0001
 4295.157536	 1.685652	 1.5942  	 0.0001
 4310.046976	 1.685887	 1.593629	 0.0001
 4310.047645	 1.685866	 1.593532	 0.0001
 4325.138716	 1.686108	 1.593263	 0.0001
 4325.139785	 1.686223	 1.593169	 0.0001
 4340.04837 	 1.686582	 1.593064	 0.0001
 4340.045131	 1.686536	 1.592859	 0.0001
 4355.133102	 1.686912	 1.592374	 0.0001
 4355.122149	 1.686893	 1.592395	 0.0001
 4370.030694	 1.687247	 1.59196 	 0.0001
 4370.028994	 1.687201	 1.592061	 0.0001
 4374.022665	 1.687274	 1.591818	 0.0001
 4385.122787	 1.687555	 1.591464	 0.0001
 4400.027607	 1.687817	 1.590891	 0.0001
 4400.019878	 1.687854	 1.590996	 0.0001
 4415.109225	 1.688228	 1.590613	 0.0001
 4415.110213	 1.688146	 1.590633	 0.0001
 4430.001395	 1.688409	 1.590026	 0.0001
 4430.01182 	 1.688543	 1.590075	 0.0001
 4445.096887	 1.688992	 1.589614	 0.0001
 4445.087012	 1.688841	 1.589694	 0.0001
 4459.994568	 1.689324	 1.5892  	 0.0001
 4459.997207	 1.689336	 1.589242	 0.0001
 4475.086225	 1.68967 	 1.588702	 0.0001
 4475.083224	 1.689653	 1.588664	 0.0001
 4490.176163	 1.689927	 1.58814 	 0.0001
 4490.168236	 1.690012	 1.588128	 0.0001
 4505.079227	 1.690417	 1.587701	 0.0001
 4505.06601 	 1.690394	 1.587725	 0.0001
 4520.158407	 1.690686	 1.587142	 0.0001
 4520.162524	 1.690843	 1.587369	 0.0001
 4535.06039 	 1.691116	 1.586629	 0.0001
 4535.067097	 1.690927	 1.586564	 0.0001
 4550.14951 	 1.691575	 1.586089	 0.0001
 4550.15275 	 1.691494	 1.586084	 0.0001
 4565.04154 	 1.691927	 1.585643	 0.0001
 4565.058267	 1.691852	 1.585626	 0.0001
 4580.132504	 1.692343	 1.585087	 0.0001
 4580.150068	 1.692203	 1.585066	 0.0001
 4595.036432	 1.692671	 1.584636	 0.0001
 4595.036153	 1.692706	 1.584461	 0.0001
 4610.121402	 1.693093	 1.583989	 0.0001
 4610.134551	 1.693154	 1.583918	 0.0001
 4625.029256	 1.693449	 1.583492	 0.0001
 4625.043677	 1.693636	 1.58353 	 0.0001
 4640.113596	 1.693962	 1.582885	 0.0001
 4640.123892	 1.693774	 1.582694	 0.0001
 4655.019562	 1.694278	 1.582313	 0.0001
 4655.022078	 1.69431 	 1.582243	 0.0001
 4670.10163 	 1.694723	 1.581701	 0.0001
 4670.109205	 1.694662	 1.581734	 0.0001
 4685.007515	 1.695271	 1.581239	 0.0001
 4685.010393	 1.695348	 1.5812  	 0.0001
 4700.090795	 1.695699	 1.580701	 0.0001
 4700.091302	 1.695638	 1.580457	 0.0001
 4714.993688	 1.69616 	 1.579966	 0.0001
 4715.002655	 1.696115	 1.579919	 0.0001
 4730.088818	 1.69651 	 1.579277	 0.0001
 4730.095528	 1.696575	 1.579201	 0.0001
 4745.169312	 1.697012	 1.578581	 0.0001
 4745.172971	 1.697277	 1.578777	 0.0001
 4760.075582	 1.697582	 1.577994	 0.0001
 4760.083192	 1.697422	 1.577906	 0.0001
 4775.155126	 1.698028	 1.577347	 0.0001
 4775.155684	 1.698168	 1.577478	 0.0001
 4790.065877	 1.698423	 1.576752	 0.0001
 4790.059565	 1.698386	 1.576614	 0.0001
 4805.14836 	 1.699057	 1.576136	 0.0001
 4805.154854	 1.698882	 1.576106	 0.0001
 4820.044539	 1.699581	 1.57545 	 0.0001
 4820.066301	 1.699531	 1.575426	 0.0001
 4835.137564	 1.699985	 1.57473 	 0.0001
 4835.131439	 1.700003	 1.57473 	 0.0001
 4850.04045 	 1.700455	 1.574055	 0.0001
 4850.044912	 1.700518	 1.574043	 0.0001
 4865.122585	 1.701037	 1.5733  	 0.0001
 4880.029491	 1.70158 	 1.572642	 0.0001
 4880.028653	 1.701731	 1.57272 	 0.0001
 4895.11547 	 1.70215 	 1.571868	 0.0001
 4895.120214	 1.702134	 1.571868	 0.0001
 4910.019987	 1.702614	 1.571089	 0.0001
 4910.019253	 1.702539	 1.571105	 0.0001
 4925.113172	 1.703175	 1.570453	 0.0001
 4925.105168	 1.703159	 1.570443	 0.0001
 4940.007645	 1.703742	 1.569606	 0.0001
 4940.006567	 1.70375 	 1.569603	 0.0001
 4955.097697	 1.704338	 1.56896 	 0.0001
 4955.095635	 1.704379	 1.568863	 0.0001
 4969.9919  	 1.70494 	 1.567959	 0.0001
 4969.991119	 1.704981	 1.568048	 0.0001
 4985.088831	 1.705473	 1.56733 	 0.0001
 4985.077367	 1.705644	 1.5674  	 0.0001
 5000.183383	 1.706184	 1.566764	 0.0001
 5000.179392	 1.706206	 1.566327	 0.0001
 5015.075595	 1.706638	 1.565627	 0.0001
 5015.082442	 1.706659	 1.565658	 0.0001
 5030.158799	 1.707291	 1.564821	 0.0001
 5030.159582	 1.707417	 1.564906	 0.0001
 5045.060393	 1.708006	 1.563958	 0.0001
 5045.064399	 1.708053	 1.563999	 0.0001
 5060.149273	 1.708678	 1.563187	 0.0001
 5060.151163	 1.708656	 1.563119	 0.0001
 5075.053685	 1.70925 	 1.562294	 0.0001
 5090.142162	 1.709963	 1.561395	 0.0001
 5090.138479	 1.710029	 1.561302	 0.0001
 5105.043249	 1.710481	 1.560495	 0.0001
 5105.039855	 1.710616	 1.560536	 0.0001
 5120.131087	 1.711243	 1.559485	 0.0001
 5120.130161	 1.711293	 1.559509	 0.0001
 5135.032227	 1.711943	 1.558623	 0.0001
 5135.034959	 1.711993	 1.558528	 0.0001
 5150.114091	 1.712718	 1.557601	 0.0001
 5150.129195	 1.712763	 1.557691	 0.0001
 5165.024562	 1.713466	 1.55684 	 0.0001
 5165.02098 	 1.713355	 1.556713	 0.0001
 5180.111419	 1.714072	 1.55569 	 0.0001
 5180.101567	 1.714111	 1.555806	 0.0001
 5195.008142	 1.714936	 1.554772	 0.0001
 5195.003141	 1.71484 	 1.55465 	 0.0001
 5210.095162	 1.715774	 1.553726	 0.0001
 5210.099446	 1.715768	 1.55378 	 0.0001
 5225.187299	 1.716498	 1.552801	 0.0001
 5240.08453 	 1.717152	 1.551635	 0.0001
 5240.092473	 1.717157	 1.551634	 0.0001
 5255.161757	 1.717902	 1.55065 	 0.0001
 5255.169285	 1.718081	 1.550594	 0.0001
 5270.079188	 1.71895 	 1.549482	 0.0001
 5270.076382	 1.71877 	 1.549507	 0.0001
 5285.16179 	 1.719562	 1.548368	 0.0001
 5285.166954	 1.719701	 1.548395	 0.0001
 5300.060643	 1.720503	 1.547283	 0.0001
 5300.064503	 1.720358	 1.547149	 0.0001
 5315.154833	 1.721342	 1.546195	 0.0001
 5315.158917	 1.721358	 1.5461  	 0.0001
 5330.058092	 1.722182	 1.545008	 0.0001
 5330.046724	 1.722182	 1.544968	 0.0001
 5345.141532	 1.723102	 1.543856	 0.0001
 5347.699645	 1.723491	 1.543825	 0.0001
 5360.044654	 1.723997	 1.542658	 0.0001
 5375.136519	 1.724851	 1.541384	 0.0001
 5375.12636 	 1.724968	 1.541376	 0.0001
 5390.028826	 1.725718	 1.540119	 0.0001
 5390.019923	 1.7259  	 1.540152	 0.0001
 5405.107189	 1.726731	 1.53893 	 0.0001
 5405.118644	 1.726856	 1.538861	 0.0001
 5420.019538	 1.727702	 1.537654	 0.0001
 5420.014337	 1.727713	 1.537698	 0.0001
 5435.109486	 1.728544	 1.536121	 0.0001
 5435.110483	 1.728502	 1.536268	 0.0001
 5450.015813	 1.729442	 1.534822	 0.0001
 5450.008392	 1.729725	 1.53493 	 0.0001
 5465.102664	 1.730563	 1.533602	 0.0001
 5465.098863	 1.730409	 1.533359	 0.0001
 5480.178552	 1.731768	 1.532254	 0.0001
 5495.088434	 1.732661	 1.530705	 0.0001
 5495.085335	 1.732667	 1.530844	 0.0001
 5510.179504	 1.733817	 1.529296	 0.0001
 5510.171705	 1.733769	 1.529285	 0.0001
 5525.075536	 1.734809	 1.527894	 0.0001
 5525.072666	 1.73478 	 1.527787	 0.0001
 5540.174775	 1.735766	 1.526274	 0.0001
 5540.169072	 1.735695	 1.526189	 0.0001
 5555.058874	 1.737081	 1.52484 	 0.0001
 5555.07404 	 1.736814	 1.52487 	 0.0001
 5570.144226	 1.737993	 1.52316 	 0.0001
 5570.15514 	 1.738123	 1.523232	 0.0001
 5585.050881	 1.739211	 1.52159 	 0.0001
 5600.14386 	 1.740405	 1.520102	 0.0001
 5600.142072	 1.740391	 1.520054	 0.0001
 5615.043634	 1.741735	 1.518489	 0.0001
 5615.047256	 1.741629	 1.518457	 0.0001
 5630.126142	 1.742767	 1.516778	 0.0001
 5630.142147	 1.742787	 1.516556	 0.0001
 5645.029021	 1.744051	 1.515094	 0.0001
 5645.029465	 1.744058	 1.515   	 0.0001
 5660.121815	 1.745218	 1.513306	 0.0001
 5660.118159	 1.745345	 1.513266	 0.0001
 5675.022001	 1.746497	 1.511524	 0.0001
 5675.02973 	 1.746539	 1.511469	 0.0001
 5690.110787	 1.747885	 1.509615	 0.0001
 5705.009343	 1.749194	 1.507994	 0.0001
 5705.008444	 1.74914 	 1.507712	 0.0001
 5720.092227	 1.7505  	 1.506069	 0.0001
 5720.104121	 1.750543	 1.505906	 0.0001
 5735.18028 	 1.751856	 1.503999	 0.0001
 5735.184666	 1.751925	 1.50405 	 0.0001
 5750.092383	 1.753109	 1.502033	 0.0001
 5750.089281	 1.753347	 1.502053	 0.0001
 5765.174031	 1.754772	 1.50008 	 0.0001
 5765.172083	 1.754672	 1.50002 	 0.0001
 5780.080045	 1.756077	 1.497963	 0.0001
 5795.168109	 1.757576	 1.495855	 0.0001
 5795.168992	 1.757723	 1.495923	 0.0001
 5810.073048	 1.759116	 1.493805	 0.0001
 5810.072523	 1.759223	 1.493815	 0.0001
 5825.145518	 1.760701	 1.491576	 0.0001
 5825.149903	 1.760713	 1.491534	 0.0001
 5840.058235	 1.762285	 1.489451	 0.0001
 5840.051229	 1.762228	 1.489352	 0.0001
 5855.143477	 1.763887	 1.487236	 0.0001
 5862.735404	 1.764305	 1.485681	 0.0001
 5870.035581	 1.765403	 1.484891	 0.0001
 5885.142411	 1.767146	 1.482472	 0.0001
 5885.13487 	 1.767076	 1.482444	 0.0001
 5900.034262	 1.768814	 1.480017	 0.0001
 5900.034436	 1.768816	 1.480084	 0.0001
 5915.121286	 1.770505	 1.477652	 0.0001
 5915.124879	 1.770545	 1.477656	 0.0001
 5930.020944	 1.772392	 1.475215	 0.0001
 5930.023443	 1.772401	 1.47511 	 0.0001
 5945.111485	 1.77415 	 1.472537	 0.0001
 5945.104412	 1.774216	 1.472562	 0.0001
 5960.201864	 1.775872	 1.469878	 0.0001
 5975.097607	 1.777727	 1.467377	 0.0001
 5975.093111	 1.777794	 1.467285	 0.0001
 5990.187761	 1.779647	 1.464584	 0.0001
 5990.185928	 1.779654	 1.464557	 0.0001
 6005.088607	 1.78161 	 1.46181 	 0.0001
 6005.083155	 1.781574	 1.461792	 0.0001
 6020.172409	 1.783677	 1.459037	 0.0001
 6020.175032	 1.78354 	 1.45876 	 0.0001
 6035.069568	 1.78553 	 1.456106	 0.0001
 6035.085386	 1.785643	 1.456008	 0.0001
 6050.165492	 1.787692	 1.453059	 0.0001
 6050.162921	 1.787616	 1.452948	 0.0001
 6065.063234	 1.789685	 1.450064	 0.0001
 6080.151433	 1.79171 	 1.446952	 0.0001
 6080.1572  	 1.79186 	 1.446903	 0.0001
 6095.057966	 1.794022	 1.44383 	 0.0001
 6095.053492	 1.794159	 1.44377 	 0.0001
 6110.145136	 1.796253	 1.440546	 0.0001
 6110.144157	 1.796246	 1.440499	 0.0001
 6125.036491	 1.798553	 1.437081	 0.0001
 6140.131531	 1.800714	 1.433819	 0.0001
 6140.127194	 1.801006	 1.433759	 0.0001
 6155.02481 	 1.803103	 1.430356	 0.0001
 6155.035397	 1.803233	 1.43039 	 0.0001
 6170.122156	 1.805366	 1.426769	 0.0001
 6170.121331	 1.805651	 1.42679 	 0.0001
 6185.023585	 1.807977	 1.423057	 0.0001
 6200.109293	 1.810306	 1.419443	 0.0001
 6200.109812	 1.810435	 1.419354	 0.0001
 6215.202822	 1.813042	 1.415719	 0.0001
 6215.206918	 1.813045	 1.415538	 0.0001
 6230.098378	 1.815482	 1.411736	 0.0001
 6230.103424	 1.815522	 1.411646	 0.0001
 6245.184917	 1.818146	 1.40775 	 0.0001
 6245.184765	 1.818277	 1.40758 	 0.0001
 6260.090341	 1.820813	 1.403613	 0.0001
 6260.087043	 1.820664	 1.403436	 0.0001
 6275.181703	 1.823473	 1.399316	 0.0001
 6290.076483	 1.826215	 1.395283	 0.0001
 6290.079833	 1.826369	 1.395338	 0.0001
 6305.163273	 1.829135	 1.390932	 0.0001
 6305.163378	 1.82927 	 1.390794	 0.0001
 6320.067691	 1.831981	 1.386314	 0.0001
 6320.064507	 1.832211	 1.386405	 0.0001
 6335.148442	 1.835111	 1.381894	 0.0001
 6335.152793	 1.834969	 1.381663	 0.0001
 6350.05875 	 1.838102	 1.377064	 0.0001
 6365.138638	 1.840982	 1.372258	 0.0001
 6365.149397	 1.841069	 1.372166	 0.0001
 6380.047527	 1.844162	 1.367444	 0.0001
 6380.048835	 1.844151	 1.367358	 0.0001
 6395.135342	 1.847307	 1.362321	 0.0001
 6395.131372	 1.847338	 1.362343	 0.0001
 6410.044327	 1.850574	 1.357227	 0.0001
 6410.031928	 1.850713	 1.357129	 0.0001
 6425.116283	 1.853958	 1.351797	 0.0001
 6440.02652 	 1.857084	 1.346589	 0.0001
 6440.021472	 1.857239	 1.34646 	 0.0001
 6455.109443	 1.860553	 1.340902	 0.0001
 6455.108415	 1.860702	 1.340836	 0.0001
 6470.201444	 1.864177	 1.335024	 0.0001
 6470.200097	 1.864075	 1.334999	 0.0001
 6485.094222	 1.867663	 1.32944 	 0.0001
 6485.105154	 1.867806	 1.329326	 0.0001
 6500.186113	 1.871289	 1.323382	 0.0001
 6515.088896	 1.874828	 1.317564	 0.0001
 6515.0835  	 1.875054	 1.317272	 0.0001
 6530.180713	 1.878726	 1.311248	 0.0001
 6530.168688	 1.878838	 1.310983	 0.0001
 6545.080452	 1.882654	 1.304727	 0.0001
 6545.083724	 1.882608	 1.304521	 0.0001
 6560.162854	 1.886474	 1.297986	 0.0001
 6560.164921	 1.886423	 1.29785 	 0.0001
 6575.072004	 1.890262	 1.29116 	 0.0001
 6590.157868	 1.894534	 1.284553	 0.0001
 6590.151119	 1.894639	 1.284316	 0.0001
 6605.064838	 1.898799	 1.277496	 0.0001
 6605.068953	 1.898725	 1.277299	 0.0001
 6620.143644	 1.902755	 1.270045	 0.0001
 6620.14526 	 1.902981	 1.26992 	 0.0001
 6635.050056	 1.907122	 1.262747	 0.0001
 6650.13845 	 1.911348	 1.255227	 0.0001
 6650.129441	 1.911227	 1.254997	 0.0001
 6665.031285	 1.915717	 1.247509	 0.0001
 6665.034403	 1.915752	 1.247215	 0.0001
 6680.121075	 1.920001	 1.239477	 0.0001
 6680.119045	 1.920119	 1.23919 	 0.0001
 6695.205106	 1.924769	 1.231284	 0.0001
 6695.209977	 1.924753	 1.231132	 0.0001
 6710.109458	 1.929416	 1.22298 	 0.0001
 6725.201927	 1.933747	 1.214454	 0.0001
 6725.197003	 1.933826	 1.214287	 0.0001
 6740.10087 	 1.938506	 1.205887	 0.0001
 6740.10237 	 1.938656	 1.205658	 0.0001
 6755.185954	 1.943403	 1.196899	 0.0001
 6755.185086	 1.943429	 1.196642	 0.0001
 6770.085208	 1.948094	 1.187692	 0.0001
 6770.673406	 1.948695	 1.187154	 0.0001
 6785.181545	 1.953058	 1.178305	 0.0001
 6800.082883	 1.957912	 1.169208	 0.0001
 6800.082775	 1.95804 	 1.168904	 0.0001
 6815.170819	 1.962901	 1.159203	 0.0001
 6815.165522	 1.963045	 1.159055	 0.0001
 6830.069536	 1.968058	 1.149425	 0.0001
 6830.06422 	 1.968065	 1.149156	 0.0001
 6845.159805	 1.973192	 1.13917 	 0.0001
 6845.160458	 1.973349	 1.139137	 0.0001
 6860.061713	 1.978348	 1.128945	 0.0001
 6875.149233	 1.983473	 1.118589	 0.0001
 6875.14511 	 1.98353 	 1.118107	 0.0001
 6890.043296	 1.988716	 1.107776	 0.0001
 6890.049774	 1.98885 	 1.107427	 0.0001
 6905.138054	 1.993917	 1.096618	 0.0001
 6905.131976	 1.994143	 1.096541	 0.0001
 6920.040542	 1.999267	 1.085557	 0.0001
 6935.120115	 2.004499	 1.074398	 0.0001
 6935.123365	 2.004723	 1.074168	 0.0001
 6950.210015	 2.009958	 1.062701	 0.0001
 6950.213383	 2.010116	 1.062511	 0.0001
 6965.110339	 2.015269	 1.051   	 0.0001
 6965.113734	 2.015391	 1.050776	 0.0001
 6980.201141	 2.020689	 1.039052	 0.0001
 6995.102721	 2.026066	 1.02729 	 0.0001
 6995.100542	 2.026108	 1.027068	 0.0001
 7010.190398	 2.031608	 1.014949	 0.0001
 7010.192744	 2.031739	 1.01476 	 0.0001
 7025.093266	 2.036875	 1.002478	 0.0001
 7025.087781	 2.037097	 1.002311	 0.0001
 7040.178036	 2.042419	 0.98989 	 0.0001
 7055.084872	 2.047627	 0.977468	 0.0001
 7055.082132	 2.047611	 0.977163	 0.0001
 7070.176513	 2.053107	 0.964486	 0.0001
 7070.169401	 2.053128	 0.964257	 0.0001
 7085.068316	 2.058415	 0.951618	 0.0001
 7085.067469	 2.058465	 0.951466	 0.0001
 7100.153264	 2.063613	 0.938388	 0.0001
 7115.057714	 2.068765	 0.925589	 0.0001
 7115.059401	 2.068908	 0.925282	 0.0001
 7130.152074	 2.074094	 0.912152	 0.0001
 7130.149975	 2.074207	 0.911954	 0.0001
 7145.049465	 2.079271	 0.899021	 0.0001
 7145.046081	 2.079175	 0.898772	 0.0001
 7160.136842	 2.084339	 0.885524	 0.0001
 7175.037885	 2.089165	 0.872716	 0.0001
 7175.035604	 2.089182	 0.872263	 0.0001
 7190.131692	 2.094085	 0.859199	 0.0001
 7190.11936 	 2.094099	 0.859021	 0.0001
 7205.211832	 2.098853	 0.845858	 0.0001
 7205.207358	 2.098688	 0.845659	 0.0001
 7220.110291	 2.103294	 0.832808	 0.0001
 7235.202279	 2.107926	 0.820036	 0.0001
 7235.208946	 2.107951	 0.819829	 0.0001
 7250.103802	 2.112442	 0.807248	 0.0001
 7250.102284	 2.112658	 0.807095	 0.0001
 7265.184939	 2.116941	 0.794486	 0.0001
 7265.187528	 2.116977	 0.794342	 0.0001
 7280.087912	 2.121075	 0.782049	 0.0001
 7280.09581 	 2.12101 	 0.781932	 0.0001
 7295.175841	 2.125229	 0.769836	 0.0001
 7310.084386	 2.128879	 0.758147	 0.0001
 7310.074412	 2.128932	 0.757953	 0.0001
 7325.165539	 2.132683	 0.746548	 0.0001
 7325.169327	 2.132641	 0.746454	 0.0001
 7340.074852	 2.136169	 0.735398	 0.0001
 7355.160691	 2.139378	 0.724754	 0.0001
 7355.164062	 2.13968 	 0.724749	 0.0001
 7370.053071	 2.142618	 0.714648	 0.0001
 7370.054178	 2.142778	 0.714594	 0.0001
 7385.148591	 2.145777	 0.704888	 0.0001
 7385.147747	 2.145557	 0.704973	 0.0001
 7400.045994	 2.148378	 0.695991	 0.0001
 7400.046176	 2.148541	 0.695877	 0.0001
 7415.131161	 2.151012	 0.687435	 0.0001
 7430.222178	 2.153607	 0.679701	 0.0001
 7430.217922	 2.153486	 0.679633	 0.0001
 7445.126943	 2.155614	 0.672604	 0.0001
 7445.126664	 2.155675	 0.67256 	 0.0001
 7460.216055	 2.15761 	 0.666074	 0.0001
 7475.110714	 2.159254	 0.660655	 0.0001
 7475.115567	 2.159373	 0.660664	 0.0001
 7490.204598	 2.160875	 0.655695	 0.0001
 7490.197661	 2.160813	 0.655746	 0.0001
 7505.105382	 2.16195 	 0.651763	 0.0001
 7505.100516	 2.162064	 0.651893	 0.0001
 7520.193136	 2.163118	 0.648628	 0.0001
 7535.090546	 2.16411 	 0.646418	 0.0001
 7535.088295	 2.163927	 0.646403	 0.0001
 7550.175881	 2.16453 	 0.644931	 0.0001
 7550.1724  	 2.164648	 0.644916	 0.0001
 7565.080963	 2.164836	 0.644451	 0.0001
 7580.167979	 2.165162	 0.644712	 0.0001
 7580.164266	 2.165126	 0.644844	 0.0001
 7595.064524	 2.164964	 0.645889	 0.0001
 7595.068904	 2.165133	 0.645898	 0.0001
 7610.157694	 2.164785	 0.648027	 0.0001
 7610.157953	 2.164661	 0.648018	 0.0001
 7625.053671	 2.164222	 0.650845	 0.0001
 7640.144711	 2.163592	 0.654571	 0.0001
 7640.151744	 2.163588	 0.654605	 0.0001
 7655.045254	 2.162765	 0.659007	 0.0001
 7655.049618	 2.162758	 0.659085	 0.0001
 7670.135067	 2.161444	 0.66424 	 0.0001
 7685.227104	 2.160209	 0.670213	 0.0001
 7685.222925	 2.16027 	 0.670042	 0.0001
 7700.126613	 2.158723	 0.676503	 0.0001
 7700.129565	 2.158689	 0.676561	 0.0001
 7715.210928	 2.157263	 0.683773	 0.0001
 7715.217039	 2.156976	 0.683796	 0.0001
 7730.110158	 2.155141	 0.691343	 0.0001
 7745.202449	 2.153125	 0.699836	 0.0001
 7745.201014	 2.15301 	 0.699672	 0.0001
 7760.097066	 2.150743	 0.708403	 0.0001
 7760.101913	 2.150789	 0.708593	 0.0001
 7775.191637	 2.148455	 0.717756	 0.0001
 7790.092042	 2.14574 	 0.72733 	 0.0001
 7790.094389	 2.145732	 0.72723 	 0.0001
 7805.189234	 2.142959	 0.737399	 0.0001
 7805.173439	 2.142996	 0.737419	 0.0001
 7820.078745	 2.140042	 0.747691	 0.0001
 7835.172145	 2.13691 	 0.758436	 0.0001
 7835.170907	 2.136985	 0.758326	 0.0001
 7850.064252	 2.133826	 0.769178	 0.0001
 7850.076483	 2.133974	 0.769093	 0.0001
 7865.158231	 2.130606	 0.780328	 0.0001
 7865.156389	 2.130589	 0.780171	 0.0001
 7880.061037	 2.127186	 0.791266	 0.0001
 7895.143154	 2.123778	 0.802808	 0.0001
 7895.146113	 2.123958	 0.802964	 0.0001
 7910.049694	 2.12025 	 0.81408 	 0.0001
 7910.046251	 2.1202  	 0.813999	 0.0001
 7925.140621	 2.116478	 0.825784	 0.0001
 7940.222618	 2.112691	 0.83759 	 0.0001
 7940.226351	 2.112868	 0.837522	 0.0001
 7955.126448	 2.108866	 0.849127	 0.0001
 7955.125746	 2.10885 	 0.849   	 0.0001
 7970.212104	 2.104872	 0.860813	 0.0001
 7985.116413	 2.100938	 0.872592	 0.0001
 7985.123369	 2.10081 	 0.872306	 0.0001
 8000.190996	 2.096978	 0.884269	 0.0001
 8000.196966	 2.096725	 0.884117	 0.0001
 8015.104674	 2.092649	 0.895631	 0.0001
 8030.187129	 2.08841 	 0.907595	 0.0001
 8030.191072	 2.088569	 0.907293	 0.0001
 8045.091936	 2.084295	 0.918845	 0.0001
 8045.096467	 2.08435 	 0.918575	 0.0001
 8060.176087	 2.080068	 0.930252	 0.0001
 8075.089216	 2.075775	 0.941729	 0.0001
 8075.083714	 2.07591 	 0.94144 	 0.0001
 8090.164389	 2.071452	 0.952886	 0.0001
 8090.171364	 2.071501	 0.952706	 0.0001
 8105.071687	 2.067025	 0.963767	 0.0001
 8120.162108	 2.06271 	 0.975234	 0.0001
 8120.161573	 2.062605	 0.974838	 0.0001
 8135.061834	 2.058453	 0.98598 	 0.0001
 8135.055649	 2.058301	 0.985755	 0.0001
 8150.146935	 2.054038	 0.996691	 0.0001
 8165.241814	 2.049416	 1.007549	 0.0001
 8165.229132	 2.049654	 1.007349	 0.0001
 8180.138355	 2.045118	 1.017859	 0.0001
 8180.127837	 2.045143	 1.017485	 0.0001
 8195.2172  	 2.040715	 1.02823 	 0.0001
 8210.124434	 2.036296	 1.038471	 0.0001
 8210.125854	 2.036537	 1.038297	 0.0001
 8225.209516	 2.031862	 1.048454	 0.0001
 8225.21067 	 2.032   	 1.048379	 0.0001
 8240.126677	 2.02771 	 1.058276	 0.0001
 8255.209292	 2.023214	 1.068216	 0.0001
 8255.199279	 2.02352 	 1.068102	 0.0001
 8270.10127 	 2.01921 	 1.07777 	 0.0001
 8270.110386	 2.019118	 1.077371	 0.0001
 8285.193185	 2.014618	 1.087074	 0.0001
 8286.663842	 2.014374	 1.087718	 0.0001
 8300.098816	 2.010597	 1.096412	 0.0001
 8315.178842	 2.006087	 1.105492	 0.0001
 8315.178836	 2.006233	 1.10541 	 0.0001
 8330.083377	 2.001727	 1.114305	 0.0001
 8330.093578	 2.002097	 1.114278	 0.0001
 8345.18005 	 1.99764 	 1.123304	 0.0001
 8360.071227	 1.993551	 1.132114	 0.0001
 8360.067024	 1.993691	 1.131802	 0.0001
 8375.156268	 1.989303	 1.140434	 0.0001
 8375.158448	 1.989467	 1.140326	 0.0001
 8390.064654	 1.985335	 1.148701	 0.0001
 8405.149479	 1.98102 	 1.156976	 0.0001
 8405.152699	 1.981282	 1.156922	 0.0001
 8420.236443	 1.977154	 1.164978	 0.0001
 8435.140654	 1.97315 	 1.173153	 0.0001
 8435.139114	 1.973263	 1.172733	 0.0001
 8450.231484	 1.969295	 1.180805	 0.0001
 8450.227826	 1.969334	 1.180588	 0.0001
 8465.130179	 1.965329	 1.188096	 0.0001
 8480.219406	 1.961334	 1.195678	 0.0001
 8480.219868	 1.961553	 1.195731	 0.0001
 8495.110871	 1.957654	 1.202959	 0.0001
 8495.115882	 1.957648	 1.202713	 0.0001
 8510.203031	 1.953873	 1.210109	 0.0001
 8525.098665	 1.949911	 1.21712 	 0.0001
 8525.10138 	 1.950171	 1.216962	 0.0001
 8540.192049	 1.946189	 1.224044	 0.0001
 8540.194369	 1.946443	 1.22395 	 0.0001
 8555.087992	 1.942817	 1.2307  	 0.0001
 8570.173972	 1.938983	 1.237499	 0.0001
 8570.174173	 1.939037	 1.237214	 0.0001
 8585.086611	 1.935449	 1.243919	 0.0001
 8585.078488	 1.935488	 1.24366 	 0.0001
 8600.173785	 1.931995	 1.250254	 0.0001
 8615.070437	 1.928447	 1.256702	 0.0001
 8615.078003	 1.928543	 1.256321	 0.0001
 8630.159413	 1.924787	 1.262477	 0.0001
 8645.05952 	 1.921417	 1.268575	 0.0001
 8645.062167	 1.921386	 1.268556	 0.0001
 8660.151738	 1.918009	 1.274566	 0.0001
 8660.146933	 1.918316	 1.274534	 0.0001
 8675.238381	 1.914721	 1.280251	 0.0001
 8690.133363	 1.911423	 1.285956	 0.0001
 8690.144531	 1.911616	 1.285817	 0.0001
 8705.222837	 1.90821 	 1.291556	 0.0001
 8720.12234 	 1.904935	 1.29711 	 0.0001
 8720.126228	 1.904985	 1.296945	 0.0001
 8735.209563	 1.901728	 1.302261	 0.0001
 8735.221614	 1.901846	 1.302184	 0.0001
 8750.120833	 1.898525	 1.307477	 0.0001
 8765.206236	 1.895542	 1.312784	 0.0001
 8765.211007	 1.895781	 1.312801	 0.0001
 8780.099873	 1.89266 	 1.317733	 0.0001
 8795.190906	 1.889469	 1.322849	 0.0001
 8795.190497	 1.889587	 1.322739	 0.0001
 8810.091995	 1.886648	 1.327596	 0.0001
 8810.104195	 1.88668 	 1.32747 	 0.0001
 8825.175709	 1.883766	 1.332255	 0.0001
 8840.089863	 1.880914	 1.336959	 0.0001
 8840.086169	 1.880819	 1.336902	 0.0001
 8855.17287 	 1.878165	 1.341585	 0.0001
 8870.076691	 1.875191	 1.346059	 0.0001
 8870.073645	 1.875196	 1.345896	 0.0001
 8885.161216	 1.872472	 1.350545	 0.0001
 8885.163366	 1.872627	 1.350469	 0.0001
 8900.245319	 1.869623	 1.3546  	 0.0001
 8915.155437	 1.867119	 1.359091	 0.0001
 8915.148816	 1.867124	 1.358916	 0.0001
 8930.237688	 1.864354	 1.363124	 0.0001
 8945.137238	 1.861813	 1.367228	 0.0001
 8945.139252	 1.861829	 1.367104	 0.0001
 8960.227242	 1.859206	 1.371171	 0.0001
 8975.125488	 1.856524	 1.37509 	 0.0001
 8975.124395	 1.856608	 1.374985	 0.0001
 8990.223401	 1.854083	 1.378864	 0.0001
 8990.223072	 1.854207	 1.378736	 0.0001
 9005.112919	 1.851754	 1.382568	 0.0001
 9020.204605	 1.849188	 1.386474	 0.0001
 9020.204268	 1.8493  	 1.386349	 0.0001
 9035.099465	 1.847006	 1.390059	 0.0001
 9050.197067	 1.844568	 1.393569	 0.0001
 9050.192807	 1.844644	 1.393577	 0.0001
 9065.091241	 1.842232	 1.397074	 0.0001
 9080.183443	 1.839781	 1.400425	 0.0001
 9080.173544	 1.839951	 1.400484	 0.0001
 9095.086981	 1.837761	 1.403779	 0.0001
 9095.088499	 1.837735	 1.403622	 0.0001
 9110.175133	 1.835385	 1.407124	 0.0001
 9125.079638	 1.833222	 1.410487	 0.0001
 9125.0761  	 1.833072	 1.410239	 0.0001
 9140.165849	 1.831154	 1.413696	 0.0001
 9155.2457  	 1.828863	 1.416732	 0.0001
 9155.240225	 1.828989	 1.416721	 0.0001
 9170.146901	 1.826861	 1.419846	 0.0001
 9185.247802	 1.824763	 1.422897	 0.0001
 9185.242952	 1.824807	 1.422765	 0.0001
 9200.14219 	 1.822695	 1.425713	 0.0001
 9200.138189	 1.822611	 1.425658	 0.0001
 9215.224754	 1.82078 	 1.428624	 0.0001
 9230.128444	 1.818735	 1.431524	 0.0001
 9230.119308	 1.818751	 1.43131 	 0.0001
 9245.220253	 1.816689	 1.434347	 0.0001
 9260.119714	 1.814915	 1.437086	 0.0001
 9260.126198	 1.815002	 1.436858	 0.0001
 9275.207498	 1.813063	 1.439681	 0.0001
 9290.110536	 1.811144	 1.442368	 0.0001
 9290.110485	 1.811174	 1.442296	 0.0001
 9305.194678	 1.809271	 1.444791	 0.0001
 9320.094667	 1.807563	 1.447547	 0.0001
 9320.092914	 1.807472	 1.447372	 0.0001
 9335.182809	 1.805693	 1.449942	 0.0001
 9335.189922	 1.805791	 1.449908	 0.0001
 9350.085829	 1.804081	 1.452392	 0.0001
 9365.174101	 1.802259	 1.4549  	 0.0001
 9365.179402	 1.802296	 1.454658	 0.0001
 9380.081829	 1.800681	 1.457237	 0.0001
 9395.16092 	 1.79884 	 1.459515	 0.0001
 9395.167487	 1.798963	 1.459584	 0.0001
 9410.249932	 1.797316	 1.461841	 0.0001
 9425.155445	 1.795737	 1.46421 	 0.0001
 9425.156056	 1.795716	 1.464138	 0.0001
 9440.234904	 1.794025	 1.46638 	 0.0001
 9440.24264 	 1.794049	 1.466275	 0.0001
 9455.137272	 1.792371	 1.468514	 0.0001
 9470.233693	 1.790693	 1.470603	 0.0001
 9470.232838	 1.790836	 1.470634	 0.0001
 9485.132918	 1.789186	 1.47264 	 0.0001
 9500.217326	 1.78769 	 1.474801	 0.0001
 9500.217782	 1.787829	 1.474728	 0.0001
 9515.116444	 1.786275	 1.476831	 0.0001
 9530.207093	 1.784757	 1.478816	 0.0001
 9530.211088	 1.784862	 1.478689	 0.0001
 9545.10592 	 1.783355	 1.480748	 0.0001
 9560.198914	 1.781891	 1.482683	 0.0001
 9560.205416	 1.781774	 1.482604	 0.0001
 9575.098963	 1.780462	 1.484484	 0.0001
 9590.186152	 1.779045	 1.486373	 0.0001
 9590.187601	 1.779167	 1.486397	 0.0001
 9605.085672	 1.777692	 1.488228	 0.0001
 9605.085642	 1.777804	 1.488168	 0.0001
 9620.175671	 1.776372	 1.489963	 0.0001
 9635.269712	 1.775071	 1.491922	 0.0001
 9635.259868	 1.775104	 1.491864	 0.0001
 9650.166663	 1.773793	 1.493512	 0.0001
 9665.252519	 1.772454	 1.495222	 0.0001
 9665.250244	 1.772422	 1.495311	 0.0001
 9680.148413	 1.771165	 1.496822	 0.0001
 9695.239926	 1.769842	 1.498531	 0.0001
 9695.239226	 1.770034	 1.498601	 0.0001
 9710.141933	 1.768788	 1.500068	 0.0001
 9725.229139	 1.767387	 1.501807	 0.0001
 9725.224922	 1.767468	 1.501793	 0.0001
 9740.135236	 1.766224	 1.503381	 0.0001
 9755.214821	 1.765073	 1.504896	 0.0001
 9755.212966	 1.765082	 1.504971	 0.0001
 9770.120591	 1.763822	 1.506453	 0.0001
 9775.640297	 1.763169	 1.506873	 0.0001
 9785.200204	 1.762706	 1.50803 	 0.0001
 9800.107741	 1.761537	 1.509496	 0.0001
 9800.099678	 1.761385	 1.50939 	 0.0001
 9815.186773	 1.760469	 1.51088 	 0.0001
 9830.09672 	 1.75931 	 1.512356	 0.0001
 9830.097837	 1.759265	 1.512365	 0.0001
 9845.179638	 1.758252	 1.51377 	 0.0001
 9860.090495	 1.757211	 1.515228	 0.0001
 9860.088483	 1.75722 	 1.515244	 0.0001
 9875.171857	 1.756104	 1.516562	 0.0001
 9890.25627 	 1.755023	 1.51782 	 0.0001
 9890.267933	 1.755098	 1.517831	 0.0001
 9905.160106	 1.754053	 1.519179	 0.0001
 9920.253576	 1.752923	 1.520449	 0.0001
 9920.24804 	 1.753028	 1.520488	 0.0001
 9935.153337	 1.752026	 1.521811	 0.0001
 9950.243695	 1.751002	 1.523091	 0.0001
 9950.245109	 1.751063	 1.523009	 0.0001
 9965.135518	 1.750004	 1.524335	 0.0001
 9980.2294  	 1.749017	 1.525426	 0.0001
 9980.222818	 1.749116	 1.525495	 0.0001
 9995.124767	 1.748073	 1.526598	 0.0001
10010.22811 	 1.747166	 1.528035	 0.0001
10010.20178 	 1.747268	 1.528059	 0.0001
10025.12029 	 1.746252	 1.529111	 0.0001
10040.20271 	 1.745223	 1.530068	 0.0001
10040.20973 	 1.745299	 1.530211	 0.0001
10055.10243 	 1.744375	 1.531452	 0.0001
10070.20647 	 1.743552	 1.532539	 0.0001
10070.20208 	 1.743421	 1.532489	 0.0001
10085.10571 	 1.742664	 1.533526	 0.0001
10100.18545 	 1.741813	 1.534825	 0.0001
10100.18615 	 1.741855	 1.534547	 0.0001
10115.08833 	 1.740914	 1.535661	 0.0001
10130.17346 	 1.740101	 1.536732	 0.0001
10130.16987 	 1.740147	 1.536814	 0.0001
10145.26384 	 1.739174	 1.537764	 0.0001
10160.1645  	 1.738377	 1.538823	 0.0001
10160.16576 	 1.738394	 1.538802	 0.0001
10175.26268 	 1.73757 	 1.539889	 0.0001
10190.15502 	 1.736927	 1.540864	 0.0001
10190.15849 	 1.736849	 1.540815	 0.0001
10205.23994 	 1.735962	 1.541884	 0.0001
10220.1345  	 1.735102	 1.542781	 0.0001
10220.14196 	 1.735195	 1.542735	 0.0001
10235.22739 	 1.734448	 1.543752	 0.0001
10250.13459 	 1.733648	 1.54468 	 0.0001
10250.13166 	 1.73372 	 1.544571	 0.0001
10265.22043 	 1.73283 	 1.545501	 0.0001
10280.11735 	 1.732152	 1.546503	 0.0001
10280.1194  	 1.732264	 1.546477	 0.0001
10295.21207 	 1.731385	 1.547283	 0.0001
10310.11142 	 1.730666	 1.548208	 0.0001
10310.10709 	 1.730742	 1.548346	 0.0001
10325.19716 	 1.730099	 1.549311	 0.0001
10340.09937 	 1.72926 	 1.549953	 0.0001
10340.09665 	 1.729156	 1.549963	 0.0001
10355.18511 	 1.728627	 1.550834	 0.0001
10370.27322 	 1.727863	 1.551619	 0.0001
10370.28472 	 1.727858	 1.551831	 0.0001
10385.18333 	 1.7273  	 1.552541	 0.0001
10400.27287 	 1.726532	 1.553396	 0.0001
10415.16239 	 1.725898	 1.554086	 0.0001
10415.16044 	 1.725941	 1.554232	 0.0001
10430.25808 	 1.725228	 1.554975	 0.0001
10445.153   	 1.72467 	 1.555712	 0.0001
10445.15432 	 1.724564	 1.555764	 0.0001
10460.24466 	 1.724022	 1.556522	 0.0001
10475.13916 	 1.723185	 1.557272	 0.0001
10475.15059 	 1.723313	 1.557295	 0.0001
10490.2303  	 1.722807	 1.558144	 0.0001
10505.13525 	 1.722034	 1.558712	 0.0001
10505.12853 	 1.722125	 1.558704	 0.0001
10520.22956 	 1.721443	 1.559394	 0.0001
10535.1253  	 1.720866	 1.560242	 0.0001
10535.11731 	 1.720791	 1.560282	 0.0001
10550.20822 	 1.720052	 1.560773	 0.0001
10565.10982 	 1.719728	 1.561749	 0.0001
10565.11258 	 1.719728	 1.56175 	 0.0001
10580.19445 	 1.71899 	 1.562345	 0.0001
10595.09703 	 1.718532	 1.563095	 0.0001
10610.18428 	 1.717909	 1.563748	 0.0001
10610.18385 	 1.717899	 1.563671	 0.0001
10625.2783  	 1.717419	 1.564416	 0.0001
10640.17192 	 1.716854	 1.564989	 0.0001
10640.17492 	 1.716853	 1.565077	 0.0001
10655.26787 	 1.716147	 1.565704	 0.0001
10670.17046 	 1.71574 	 1.566271	 0.0001
10670.15958 	 1.715804	 1.566463	 0.0001
10685.25582 	 1.715177	 1.567027	 0.0001
10700.15967 	 1.714597	 1.567585	 0.0001
10700.16277 	 1.714745	 1.567601	 0.0001
10715.24112 	 1.714267	 1.568208	 0.0001
10730.1427  	 1.713635	 1.568762	 0.0001
10730.13859 	 1.713597	 1.568885	 0.0001
10745.22702 	 1.71313 	 1.569568	 0.0001
10760.13759 	 1.712677	 1.570069	 0.0001
10775.21376 	 1.712123	 1.570566	 0.0001
10775.22694 	 1.71211 	 1.57075 	 0.0001
10790.12695 	 1.711622	 1.571286	 0.0001
10805.21118 	 1.711105	 1.571824	 0.0001
10805.21192 	 1.711241	 1.571785	 0.0001
10820.11076 	 1.710769	 1.572412	 0.0001
10835.20367 	 1.710092	 1.573007	 0.0001
10835.20036 	 1.710002	 1.572979	 0.0001
10850.10155 	 1.709649	 1.573551	 0.0001
10865.19077 	 1.709157	 1.573997	 0.0001
10880.27535 	 1.708617	 1.574651	 0.0001
10880.28293 	 1.708727	 1.57458 	 0.0001
10895.17234 	 1.70836 	 1.575099	 0.0001
10910.26742 	 1.707864	 1.575674	 0.0001
10910.25743 	 1.707862	 1.575661	 0.0001
10925.1708  	 1.707414	 1.576227	 0.0001
10940.25571 	 1.706935	 1.57685 	 0.0001
10942.79538 	 1.70718 	 1.577242	 0.0001
10955.16414 	 1.706557	 1.577184	 0.0001
10970.24637 	 1.706111	 1.577739	 0.0001
10985.14714 	 1.705618	 1.578179	 0.0001
10985.16143 	 1.70566 	 1.57814 	 0.0001
11000.23343 	 1.705212	 1.578601	 0.0001
11015.12659 	 1.704725	 1.579153	 0.0001
11015.13595 	 1.704773	 1.579032	 0.0001
11030.22212 	 1.704388	 1.579659	 0.0001
11045.12363 	 1.70395 	 1.580152	 0.0001
11046.6125  	 1.70324 	 1.579448	 0.0001
11060.20662 	 1.70364 	 1.580585	 0.0001
11075.11351 	 1.703215	 1.581135	 0.0001
11090.19872 	 1.702888	 1.581666	 0.0001
11090.19614 	 1.702616	 1.581449	 0.0001
11105.28062 	 1.702311	 1.581896	 0.0001
11120.19565 	 1.701825	 1.582383	 0.0001
11120.17194 	 1.701901	 1.582388	 0.0001
11135.28159 	 1.701619	 1.58301 	 0.0001
11150.18119 	 1.701063	 1.58321 	 0.0001
11150.1847  	 1.701173	 1.583214	 0.0001
11165.26353 	 1.70072 	 1.583641	 0.0001
11180.16592 	 1.700404	 1.584052	 0.0001
11195.25869 	 1.699988	 1.58454 	 0.0001
11195.2619  	 1.70006 	 1.584523	 0.0001
11210.15571 	 1.699707	 1.585075	 0.0001
11225.24758 	 1.699482	 1.585493	 0.0001
11225.24146 	 1.699422	 1.5854  	 0.0001
11240.14944 	 1.699031	 1.585865	 0.0001
11255.23312 	 1.698696	 1.586228	 0.0001
11270.12874 	 1.698431	 1.58664 	 0.0001
11270.13629 	 1.698274	 1.586629	 0.0001
11285.21891 	 1.697803	 1.586961	 0.0001
11300.12461 	 1.697558	 1.587429	 0.0001
11300.13179 	 1.697616	 1.587355	 0.0001
11315.20325 	 1.697336	 1.587823	 0.0001
11330.11415 	 1.696901	 1.588108	 0.0001
11330.11454 	 1.696968	 1.588216	 0.0001
11345.20377 	 1.696634	 1.588574	 0.0001
11360.28879 	 1.696208	 1.588949	 0.0001
11375.19686 	 1.696007	 1.589308	 0.0001
11375.1962  	 1.695827	 1.589255	 0.0001
11390.28025 	 1.695466	 1.589619	 0.0001
11405.18486 	 1.695331	 1.590148	 0.0001
11405.18602 	 1.695323	 1.590007	 0.0001
11420.26712 	 1.694922	 1.59037 	 0.0001
11435.18332 	 1.69473 	 1.590769	 0.0001
11450.25575 	 1.694375	 1.59111 	 0.0001
11450.25875 	 1.694438	 1.591153	 0.0001
11465.16579 	 1.694129	 1.591551	 0.0001
11480.24363 	 1.693735	 1.591798	 0.0001
11480.24271 	 1.693761	 1.591861	 0.0001
11495.14698 	 1.693427	 1.592074	 0.0001
11510.23723 	 1.693063	 1.592556	 0.0001
11510.23349 	 1.693093	 1.592326	 0.0001
11525.13769 	 1.692722	 1.59283 	 0.0001
11540.21726 	 1.692561	 1.593094	 0.0001
11555.12672 	 1.692262	 1.593438	 0.0001
11555.1209  	 1.692187	 1.593415	 0.0001
11570.20859 	 1.692052	 1.593702	 0.0001
11585.11165 	 1.691614	 1.594059	 0.0001
11585.10864 	 1.691629	 1.594038	 0.0001
11600.20147 	 1.691237	 1.594332	 0.0001
11615.28908 	 1.691005	 1.594751	 0.0001
11630.19697 	 1.690825	 1.595255	 0.0001
11630.20018 	 1.690799	 1.595058	 0.0001
11645.27586 	 1.690592	 1.595402	 0.0001
11660.18513 	 1.690319	 1.595631	 0.0001
11675.26648 	 1.689918	 1.595837	 0.0001
11675.27293 	 1.690073	 1.596016	 0.0001
11690.16833 	 1.689722	 1.59609 	 0.0001
11705.25964 	 1.689508	 1.596459	 0.0001
11705.25757 	 1.689458	 1.596511	 0.0001
11720.1592  	 1.68925 	 1.596766	 0.0001
11735.24922 	 1.688911	 1.597108	 0.0001
11746.78243 	 1.68791 	 1.596521	 0.0001
11750.14302 	 1.688695	 1.597435	 0.0001
11765.2322  	 1.68833 	 1.597709	 0.0001
11780.13056 	 1.688383	 1.598003	 0.0001
11780.13725 	 1.688168	 1.59797 	 0.0001
11795.22732 	 1.687967	 1.598221	 0.0001
11810.12107 	 1.687665	 1.598651	 0.0001
11825.21637 	 1.687368	 1.598815	 0.0001
11825.21194 	 1.687508	 1.598713	 0.0001
11840.30395 	 1.687149	 1.599097	 0.0001
11855.20155 	 1.686973	 1.599277	 0.0001
11855.20705 	 1.686934	 1.599344	 0.0001
11870.29206 	 1.686707	 1.599625	 0.0001
11885.18074 	 1.686393	 1.599863	 0.0001
11900.27523 	 1.68633 	 1.600079	 0.0001
11900.26678 	 1.686238	 1.600078	 0.0001
11915.17335 	 1.686068	 1.600498	 0.0001
11930.26576 	 1.685583	 1.600557	 0.0001
11945.16606 	 1.685599	 1.600901	 0.0001
11945.17292 	 1.685547	 1.601083	 0.0001
11960.26293 	 1.685284	 1.60123 	 0.0001
11975.15816 	 1.685088	 1.601335	 0.0001
11990.24379 	 1.684835	 1.601617	 0.0001
11990.24979 	 1.684771	 1.601635	 0.0001
12005.14182 	 1.684728	 1.601925	 0.0001
12020.23932 	 1.684489	 1.602076	 0.0001
12020.22855 	 1.684439	 1.602123	 0.0001
12035.13627 	 1.684072	 1.602284	 0.0001
12050.22154 	 1.683971	 1.602599	 0.0001
12065.12932 	 1.683649	 1.602791	 0.0001
12065.12299 	 1.683599	 1.602627	 0.0001
12080.21435 	 1.683418	 1.602978	 0.0001
12095.30777 	 1.683373	 1.603262	 0.0001
12095.30663 	 1.683353	 1.603272	 0.0001
12110.20086 	 1.683087	 1.603431	 0.0001
12125.28959 	 1.682968	 1.60367 	 0.0001
12140.19402 	 1.682694	 1.603897	 0.0001
12140.18909 	 1.682665	 1.603875	 0.0001
12155.27777 	 1.682551	 1.604263	 0.0001
12170.17219 	 1.682258	 1.604273	 0.0001
12185.28192 	 1.682071	 1.604584	 0.0001
12185.26849 	 1.682152	 1.604547	 0.0001
12200.17346 	 1.681863	 1.604745	 0.0001
12215.25376 	 1.681688	 1.605029	 0.0001
12230.16668 	 1.681466	 1.605194	 0.0001
12230.15454 	 1.681478	 1.605297	 0.0001
12245.248   	 1.681384	 1.605363	 0.0001
12260.15025 	 1.681076	 1.605511	 0.0001
12275.23356 	 1.680987	 1.605962	 0.0001
12275.23982 	 1.680988	 1.605871	 0.0001
12290.1376  	 1.680637	 1.605995	 0.0001
12305.22681 	 1.680451	 1.606134	 0.0001
12320.12778 	 1.680335	 1.606393	 0.0001
12320.11717 	 1.680353	 1.606409	 0.0001
12335.20739 	 1.680209	 1.606731	 0.0001
12350.30292 	 1.679966	 1.606746	 0.0001
12365.21062 	 1.679706	 1.607051	 0.0001
12365.20554 	 1.679868	 1.606912	 0.0001
12380.29052 	 1.679554	 1.607118	 0.0001
12395.19017 	 1.679605	 1.607493	 0.0001
12395.19172 	 1.679468	 1.607371	 0.0001
12410.28558 	 1.679234	 1.607459	 0.0001
12425.18603 	 1.679148	 1.607737	 0.0001
12440.26773 	 1.678973	 1.60789 	 0.0001
12440.27276 	 1.678951	 1.608067	 0.0001
12455.17071 	 1.678768	 1.608205	 0.0001
12470.25694 	 1.678628	 1.608434	 0.0001
12470.26569 	 1.678563	 1.608315	 0.0001
12485.15934 	 1.678385	 1.608404	 0.0001
12500.2277  	 1.678234	 1.608521	 0.0001
12515.13914 	 1.678034	 1.608762	 0.0001
12515.15819 	 1.678056	 1.60877 	 0.0001
12530.24089 	 1.677918	 1.609154	 0.0001
12545.14103 	 1.677736	 1.609169	 0.0001
12560.22658 	 1.677475	 1.609304	 0.0001
12560.22887 	 1.677475	 1.609336	 0.0001
12575.30682 	 1.677497	 1.609632	 0.0001
12590.20616 	 1.677249	 1.609667	 0.0001
12605.29977 	 1.677103	 1.609708	 0.0001
12605.29522 	 1.67703 	 1.609897	 0.0001
12620.1974  	 1.676929	 1.60997 	 0.0001
12635.28837 	 1.676852	 1.610363	 0.0001
12650.19715 	 1.676682	 1.610405	 0.0001
12650.1963  	 1.676643	 1.610446	 0.0001
12665.28041 	 1.676512	 1.610576	 0.0001
12680.1881  	 1.676325	 1.610674	 0.0001
12680.17235 	 1.676462	 1.610772	 0.0001
12695.2689  	 1.676169	 1.610826	 0.0001
12710.17321 	 1.675987	 1.611089	 0.0001
12725.25701 	 1.67588 	 1.611151	 0.0001
12725.26615 	 1.675794	 1.611118	 0.0001
12740.15534 	 1.675828	 1.611361	 0.0001
12755.24022 	 1.675717	 1.611481	 0.0001
12770.15477 	 1.675551	 1.611798	 0.0001
12770.14488 	 1.675502	 1.611659	 0.0001
12785.22884 	 1.675459	 1.611763	 0.0001
12800.14434 	 1.675139	 1.611938	 0.0001
12815.22589 	 1.674936	 1.612011	 0.0001
12815.23004 	 1.675011	 1.612047	 0.0001
12830.31244 	 1.67483 	 1.612272	 0.0001
12845.21958 	 1.674689	 1.612229	 0.0001
12860.30496 	 1.674526	 1.612446	 0.0001
12875.1941  	 1.674409	 1.6126  	 0.0001
12875.20206 	 1.674574	 1.612708	 0.0001
12890.29609 	 1.674328	 1.612805	 0.0001
12905.18638 	 1.674181	 1.612968	 0.0001
12920.27918 	 1.674156	 1.61307 	 0.0001
12920.27916 	 1.674148	 1.613177	 0.0001
12935.17617 	 1.67387 	 1.61325 	 0.0001
12950.26555 	 1.67398 	 1.613506	 0.0001
12965.17495 	 1.673617	 1.61357 	 0.0001
12965.17226 	 1.673605	 1.613514	 0.0001
12980.25787 	 1.673588	 1.613621	 0.0001
12995.15657 	 1.673479	 1.613722	 0.0001
13010.24979 	 1.673236	 1.613943	 0.0001
13010.25516 	 1.673217	 1.613921	 0.0001
13025.15086 	 1.673126	 1.614068	 0.0001
13040.24247 	 1.673021	 1.614195	 0.0001
13055.14693 	 1.672946	 1.61425 	 0.0001
13055.13741 	 1.672896	 1.614342	 0.0001
13070.22312 	 1.672732	 1.614461	 0.0001
13085.31032 	 1.67262 	 1.614566	 0.0001
13100.21533 	 1.672534	 1.61471 	 0.0001
13100.21888 	 1.672495	 1.614753	 0.0001
13115.30298 	 1.672276	 1.614766	 0.0001
13130.2089  	 1.672274	 1.615069	 0.0001
13145.29693 	 1.672139	 1.615193	 0.0001
13145.2867  	 1.672189	 1.615075	 0.0001
13160.19306 	 1.67211 	 1.615252	 0.0001
13175.28307 	 1.671883	 1.615219	 0.0001
13190.17567 	 1.671624	 1.61541 	 0.0001
13190.1862  	 1.671812	 1.615509	 0.0001
13205.27401 	 1.671574	 1.615565	 0.0001
13220.17211 	 1.671634	 1.615746	 0.0001
13235.26395 	 1.671366	 1.615848	 0.0001
13235.25411 	 1.671466	 1.615929	 0.0001
13250.16031 	 1.671289	 1.615941	 0.0001
13265.25442 	 1.67128 	 1.61619 	 0.0001
13280.14963 	 1.671041	 1.616134	 0.0001
13280.15744 	 1.671022	 1.61624 	 0.0001
13295.23773 	 1.671005	 1.616384	 0.0001
13310.32449 	 1.670853	 1.616466	 0.0001
13325.22414 	 1.670652	 1.616492	 0.0001
13325.21765 	 1.670733	 1.616529	 0.0001
13340.32097 	 1.670722	 1.616823	 0.0001
13355.21608 	 1.670648	 1.616923	 0.0001
13370.30092 	 1.670478	 1.616896	 0.0001
13370.29263 	 1.670366	 1.616858	 0.0001
13385.20025 	 1.670263	 1.616906	 0.0001
13400.29389 	 1.670136	 1.61698 	 0.0001
13415.19215 	 1.670037	 1.617037	 0.0001
13419.30607 	 1.669101	 1.61632 	 0.0001
13430.27627 	 1.669754	 1.61721 	 0.0001
13445.1822  	 1.669792	 1.617373	 0.0001
13460.27777 	 1.669798	 1.617611	 0.0001
13475.17223 	 1.669492	 1.617519	 0.0001
13475.17031 	 1.669537	 1.617513	 0.0001
13490.25441 	 1.669558	 1.617621	 0.0001
13505.16614 	 1.669468	 1.617828	 0.0001
13505.16947 	 1.669364	 1.61777 	 0.0001
13520.24994 	 1.669403	 1.617913	 0.0001
13535.15173 	 1.669104	 1.618026	 0.0001
13550.23436 	 1.669091	 1.618056	 0.0001
13565.3291  	 1.66899 	 1.618253	 0.0001
13565.33501 	 1.668989	 1.618214	 0.0001
13580.23066 	 1.668962	 1.618278	 0.0001
13595.32092 	 1.668794	 1.618492	 0.0001
13610.21609 	 1.668744	 1.61857 	 0.0001
13610.20879 	 1.668657	 1.618438	 0.0001
13625.30937 	 1.668685	 1.61862 	 0.0001
13640.21291 	 1.668523	 1.618696	 0.0001
13655.28936 	 1.668392	 1.618703	 0.0001
13655.29988 	 1.668472	 1.618863	 0.0001
13670.1934  	 1.668323	 1.61887 	 0.0001
            	         	         	  
            	         	         	  
            	         	         	  
            	         	         	  
            	         	         	  
            	         	         	  
            	         	         	  
            	         	         	  
            	         	         	  
            	         	         	  
            	         	         	  
            	         	         	  
            	         	         	  
            	         	         	  
            	         	         	  
            	         	         	  
            	         	         	  
            	         	         	  
            	         	         	  
            	         	         	  
            	         	         	  
            	         	         	  
            	         	         	  
            	         	         	  
            	         	         	  
            	         	         	  
            	         	         	  
            	         	         	  