0       	 0.747911 	 1.237399 	 
0.000005	 1.299229 	 1.55621  	 
0.00001 	 1.61482  	 1.593244 	 
0.000015	 1.634142 	 1.335618 	 
0.00002 	 1.356228 	 0.837758 	 
0.000025	 0.832283 	 0.185968 	 
0.00003 	 0.155697 	 -0.496092	 
0.000035	 -0.549871	 -1.094745	 
0.00004 	 -1.159473	 -1.495671	 
0.000045	 -1.554925	 -1.625771	 
0.00005 	 -1.672788	 -1.457994	 
0.000055	 -1.4844  	 -1.029051	 
0.00006 	 -1.029373	 -0.413652	 
0.000065	 -0.387568	 0.279678 	 
0.00007 	 0.322509 	 0.914401 	 
0.000075	 0.973655 	 1.386499 	 
0.00008 	 1.446075 	 1.604193 	 
0.000085	 1.657328 	 1.530769 	 
0.00009 	 1.564905 	 1.175568 	 
0.000095	 1.186195 	 0.61137  	 
0.0001  	 0.593658 	 -0.070368	 
0.000105	 -0.10869 	 -0.735038	 
0.00011 	 -0.789783	 -1.269607	 
0.000115	 -1.334335	 -1.576823	 
0.00012 	 -1.636076	 -1.595823	 
0.000125	 -1.639941	 -1.325962	 
0.00013 	 -1.34625 	 -0.818444	 
0.000135	 -0.808783	 -0.159893	 
0.00014 	 -0.125758	 0.525066 	 
0.000145	 0.576913 	 1.11406  	 
0.00015 	 1.175246 	 1.498566 	 
0.000155	 1.560074 	 1.610955 	 
0.00016 	 1.657006 	 1.429973 	 
0.000165	 1.455414 	 0.987824 	 
0.00017 	 0.98718  	 0.365983 	 
0.000175	 0.338932 	 -0.321552	 
0.00018 	 -0.371144	 -0.954662	 
0.000185	 -1.015204	 -1.413876	 
0.00019 	 -1.476672	 -1.619009	 
0.000195	 -1.67311 	 -1.531417	 
0.0002  	 -1.562976	 -1.164625	 
0.000205	 -1.169134	 -0.585938	 
0.00021 	 -0.566938	 0.097087 	 
0.000215	 0.136053 	 0.759826 	 
0.00022 	 0.816182 	 1.284415 	 
0.000225	 1.346567 	 1.573922 	 
0.00023 	 1.632854 	 1.578108 	 
0.000235	 1.619328 	 1.293754 	 
0.00024 	 1.311144 	 0.774962 	 
0.000245	 0.763691 	 0.111257 	 
0.00025 	 0.076477 	 -0.570159	 
0.000255	 -0.622328	 -1.151422	 
0.00026 	 -1.213574	 -1.519824	 
0.000265	 -1.583263	 -1.619331	 
0.00027 	 -1.666347	 -1.424825	 
0.000275	 -1.449299	 -0.970119	 
0.00028 	 -0.964967	 -0.338297	 
0.000285	 -0.310281	 0.350847 	 
0.00029 	 0.397864 	 0.976231 	 
0.000295	 1.034841 	 1.421923 	 
0.0003  	 1.483431 	 1.609989 	 
0.000305	 1.661837 	 1.504685 	 
0.00031 	 1.53721  	 1.125332 	 
0.000315	 1.132094 	 0.538913 	 
0.00032 	 0.518303 	 -0.144113	 
0.000325	 -0.185655	 -0.802986	 
0.00033 	 -0.859663	 -1.317589	 
0.000335	 -1.380063	 -1.592924	 
0.00034 	 -1.649601	 -1.582297	 
0.000345	 -1.620619	 -1.282166	 
0.00035 	 -1.296979	 -0.751461	 
0.000355	 -0.740834	 -0.083572	 
0.00036 	 -0.050402	 0.594624 	 
0.000365	 0.650014 	 1.167196 	 
0.00037 	 1.22806  	 1.523363 	 
0.000375	 1.582295 	 1.605481 	 
0.00038 	 1.651209 	 1.393584 	 
0.000385	 1.417414 	 0.928248 	 
0.00039 	 0.924384 	 0.292882 	 
0.000395	 0.261001 	 -0.396263	 
0.0004  	 -0.445855	 -1.01456 	 
0.000405	 -1.075101	 -1.450587	 
0.00041 	 -1.514671	 -1.624161	 
0.000415	 -1.674076	 -1.502112	 
0.00042 	 -1.532705	 -1.108592	 
0.000425	 -1.113101	 -0.514126	 
0.00043 	 -0.493516	 0.173086 	 
0.000435	 0.213984 	 0.826809 	 
0.00044 	 0.883486 	 1.328211 	 
0.000445	 1.390042 	 1.588091 	 
0.00045 	 1.643159 	 1.560396 	 
0.000455	 1.597108 	 1.246737 	 
0.00046 	 1.260907 	 0.705725 	 
0.000465	 0.692844 	 0.036868 	 
0.00047 	 0.000478 	 -0.638751	 
0.000475	 -0.694784	 -1.201659	 
0.00048 	 -1.265742	 -1.548806	 
0.000485	 -1.607094	 -1.613856	 
0.00049 	 -1.657008	 -1.386826	 
0.000495	 -1.407757	 -0.90668 	 
0.0005  	 -0.901849	 -0.263908	 
0.000505	 -0.23396 	 0.423948 	 
0.00051 	 0.474507 	 1.034197 	 
0.000515	 1.094739 	 1.455736 	 
0.00052 	 1.516922 	 1.6116   	 
0.000525	 1.662481 	 1.475702 	 
0.00053 	 1.505007 	 1.068332 	 
0.000535	 1.073162 	 0.468066 	 
0.00054 	 0.444558 	 -0.222367	 
0.000545	 -0.263264	 -0.868036	 
0.00055 	 -0.928256	 -1.359775	 
0.000555	 -1.421283	 -1.605805	 
0.00056 	 -1.661839	 -1.564264	 
0.000565	 -1.597433	 -1.23515 	 
0.00057 	 -1.245133	 -0.681903	 
0.000575	 -0.66709 	 -0.006928	 
0.00058 	 0.027207 	 0.664827 	 
0.000585	 0.719894 	 1.216788 	 
0.00059 	 1.280229 	 1.546871 	 
0.000595	 1.603871 	 1.597108 	 
0.0006  	 1.63865  	 1.35494  	 
0.000605	 1.373618 	 0.864486 	 
0.00061 	 0.85869  	 0.216883 	 
0.000615	 0.184358 	 -0.468075	 
0.00062 	 -0.520888	 -1.072525	 
0.000625	 -1.134354	 -1.4844  	 
0.00063 	 -1.543976	 -1.624483	 
0.000635	 -1.673754	 -1.470875	 
0.00064 	 -1.499858	 -1.053203	 
0.000645	 -1.051915	 -0.442313	 
0.00065 	 -0.415906	 0.245221 	 
0.000655	 0.291272 	 0.889605 	 
0.00066 	 0.94918  	 1.369754 	 
0.000665	 1.429651 	 1.600328 	 
0.00067 	 1.653142 	 1.539786 	 
0.000675	 1.572956 	 1.197145 	 
0.00068 	 1.209704 	 0.638099 	 
0.000685	 0.622641 	 -0.039453	 
0.00069 	 -0.077453	 -0.707987	 
0.000695	 -0.765631	 -1.251895	 
0.0007  	 -1.314691	 -1.569094	 
0.000705	 -1.625771	 -1.603551	 
0.00071 	 -1.645415	 -1.34464 	 
0.000715	 -1.364605	 -0.84163 	 
0.00072 	 -0.834223	 -0.188553	 
0.000725	 -0.156994	 0.495439 	 
0.00073 	 0.547286 	 1.092484 	 
0.000735	 1.152704 	 1.488583 	 
0.00074 	 1.547837 	 1.61321  	 
0.000745	 1.66087  	 1.441567 	 
0.00075 	 1.470872 	 1.011654 	 
0.000755	 1.012299 	 0.394321 	 
0.00076 	 0.369847 	 -0.293213	 
0.000765	 -0.339263	 -0.93051 	 
0.00077 	 -0.986865	 -1.400673	 
0.000775	 -1.463146	 -1.617399	 
0.00078 	 -1.669567	 -1.542044	 
0.000785	 -1.573603	 -1.183625	 
0.00079 	 -1.19232 	 -0.612989	 
0.000795	 -0.595921	 0.067139 	 
0.0008  	 0.107392 	 0.733098 	 
0.000805	 0.789775 	 1.266703 	 
0.00081 	 1.327567 	 1.567159 	 
0.000815	 1.623515 	 1.583583 	 
0.00082 	 1.622549 	 1.311788 	 
0.000825	 1.328855 	 0.801368 	 
0.00083 	 0.790097 	 0.142816 	 
0.000835	 0.109002 	 -0.542142	 
0.00084 	 -0.593989	 -1.129524	 
0.000845	 -1.189422	 -1.511129	 
0.00085 	 -1.574247	 -1.622873	 
0.000855	 -1.669889	 -1.438028	 
0.00086 	 -1.465401	 -0.993306	 
0.000865	 -0.992339	 -0.36889 	 
0.00087 	 -0.340874	 0.318644 	 
0.000875	 0.368559 	 0.952079 	 
0.00088 	 1.012621 	 1.409041 	 
0.000885	 1.469583 	 1.608379 	 
0.00089 	 1.659582 	 1.515312 	 
0.000895	 1.548803 	 1.145942 	 
0.0009  	 1.15206  	 0.56854  	 
0.000905	 0.548574 	 -0.113842	 
0.00091 	 -0.154096	 -0.775614	 
0.000915	 -0.832613	 -1.298911	 
0.00092 	 -1.361707	 -1.59067 	 
0.000925	 -1.643805	 -1.588416	 
0.00093 	 -1.628992	 -1.30342 	 
0.000935	 -1.317267	 -0.777868	 
0.00094 	 -0.766919	 -0.114486	 
0.000945	 -0.080995	 0.567252 	 
0.00095 	 0.620387 	 1.146264 	 
0.000955	 1.208416 	 1.514668 	 
0.00096 	 1.57521  	 1.607413 	 
0.000965	 1.654752 	 1.408075 	 
0.00097 	 1.433838 	 0.952401 	 
0.000975	 0.949825 	 0.320576 	 
0.00098 	 0.293848 	 -0.365992	 
0.000985	 -0.416873	 -0.992017	 
0.00099 	 -1.052559	 -1.437062	 
0.000995	 -1.497604	 -1.620941	 
0.001   	 -1.67633 	 -1.515959	 
0.001005	 -1.545264	 -1.131134	 
0.00101 	 -1.137253	 -0.543752	 
0.001015	 -0.520566	 0.143782 	 
0.00102 	 0.18468  	 0.799758 	 
0.001025	 0.857724 	 1.310822 	 
0.00103 	 1.372974 	 1.582939 	 
0.001035	 1.639294 	 1.568769 	 
0.00104 	 1.606125 	 1.266703 	 
0.001045	 1.280873 	 0.734064 	 
0.00105 	 0.721505 	 0.066172 	 
0.001055	 0.033325 	 -0.610734	 
0.00106 	 -0.666124	 -1.181693	 
0.001065	 -1.244811	 -1.540756	 
0.00107 	 -1.598399	 -1.616754	 
0.001075	 -1.662483	 -1.400995	 
0.00108 	 -1.424825	 -0.93212 	 
0.001085	 -0.930188	 -0.293535	 
0.00109 	 -0.265196	 0.393999 	 
0.001095	 0.44327  	 1.011977 	 
0.0011  	 1.071552 	 1.442533 	 
0.001105	 1.504685 	 1.612244 	 
0.00111 	 1.661192 	 1.487617 	 
0.001115	 1.518532 	 1.091196 	 
0.00112 	 1.095383 	 0.495439 	 
0.001125	 0.475151 	 -0.190164	 
0.00113 	 -0.233316	 -0.842274	 
0.001135	 -0.899917	 -1.342063	 
0.00114 	 -1.405503	 -1.602907	 
0.001145	 -1.658618	 -1.571992	 
0.00115 	 -1.60806 	 -1.255116	 
0.001155	 -1.26542 	 -0.710242	 
0.00116 	 -0.696716	 -0.038809	 
0.001165	 -0.001132	 0.638743 	 
0.00117 	 0.691556 	 1.197467 	 
0.001175	 1.260907 	 1.539786 	 
0.00118 	 1.596464 	 1.600006 	 
0.001185	 1.644125 	 1.368465 	 
0.00119 	 1.391652 	 0.889605 	 
0.001195	 0.88413  	 0.246831 	 
0.0012  	 0.216561 	 -0.440059	 
0.001205	 -0.490939	 -1.050627	 
0.00121 	 -1.110524	 -1.470231	 
0.001215	 -1.530773	 -1.625771	 
0.00122 	 -1.67633 	 -1.483434	 
0.001225	 -1.513061	 -1.075423	 
0.00123 	 -1.078321	 -0.469685	 
0.001235	 -0.446821	 0.217205 	 
0.00124 	 0.261323 	 0.863842 	 
0.001245	 0.924706 	 1.353974 	 
0.00125 	 1.415804 	 1.596786 	 
0.001255	 1.650243 	 1.548159 	 
0.00126 	 1.583583 	 1.217433 	 
0.001265	 1.229992 	 0.664827 	 
0.00127 	 0.649048 	 -0.009827	 
0.001275	 -0.046216	 -0.681581	 
0.00128 	 -0.738258	 -1.232895	 
0.001285	 -1.294081	 -1.561687	 
0.00129 	 -1.618687	 -1.607738	 
0.001295	 -1.648957	 -1.360741	 
0.0013  	 -1.377487	 -0.869324	 
0.001305	 -0.861596	 -0.21818 	 
0.00131 	 -0.185655	 0.466134 	 
0.001315	 0.518947 	 1.068976 	 
0.00132 	 1.130162 	 1.475702 	 
0.001325	 1.535922 	 1.613854 	 
0.00133 	 1.66087  	 1.45638  	 
0.001335	 1.483431 	 1.034841 	 
0.00134 	 1.036773 	 0.423948 	 
0.001345	 0.399796 	 -0.264552	 
0.00135 	 -0.310603	 -0.906036	 
0.001355	 -0.965289	 -1.384249	 
0.00136 	 -1.447367	 -1.612568	 
0.001365	 -1.668923	 -1.549772	 
0.00137 	 -1.584552	 -1.205845	 
0.001375	 -1.214218	 -0.639717	 
0.00138 	 -0.623616	 0.036224 	 
0.001385	 0.076477 	 0.705725 	 
0.00139 	 0.762402 	 1.246737 	 
0.001395	 1.309856 	 1.561685 	 
0.0014  	 1.617396 	 1.588735 	 
0.001405	 1.631243 	 1.327889 	 
0.00141 	 1.347855 	 0.824554 	 
0.001415	 0.816826 	 0.172442 	 
0.00142 	 0.138951 	 -0.513159	 
0.001425	 -0.564362	 -1.107304	 
0.00143 	 -1.167524	 -1.501146	 
0.001435	 -1.562331	 -1.625127	 
0.00144 	 -1.674076	 -1.449621	 
0.001445	 -1.478926	 -1.016492	 
0.00145 	 -1.015204	 -0.397873	 
0.001455	 -0.372432	 0.292238 	 
0.00146 	 0.339254 	 0.925994 	 
0.001465	 0.987502 	 1.39294  	 
0.00147 	 1.455414 	 1.607413 	 
0.001475	 1.658938 	 1.526583 	 
0.00148 	 1.557498 	 1.166874 	 
0.001485	 1.17428  	 0.596235 	 
0.00149 	 0.578845 	 -0.08486 	 
0.001495	 -0.124469	 -0.748563	 
0.0015  	 -0.806206	 -1.2812  	 
0.001505	 -1.34464 	 -1.580365	 
0.00151 	 -1.638652	 -1.593246	 
0.001515	 -1.635432	 -1.318555	 
0.00152 	 -1.334335	 -0.802986	 
0.001525	 -0.795579	 -0.144435	 
0.00153 	 -0.111266	 0.539879 	 
0.001535	 0.591082 	 1.12501  	 
0.00154 	 1.186195 	 1.504041 	 
0.001545	 1.564261 	 1.609667 	 
0.00155 	 1.657006 	 1.422245 	 
0.001555	 1.447041 	 0.974621 	 
0.00156 	 0.973977 	 0.350203 	 
0.001565	 0.323153 	 -0.338297	 
0.00157 	 -0.385958	 -0.967865	 
0.001575	 -1.028085	 -1.423215	 
0.00158 	 -1.484078	 -1.620619	 
0.001585	 -1.673432	 -1.523366	 
0.00159 	 -1.558467	 -1.152066	 
0.001595	 -1.158829	 -0.571447	 
0.0016  	 -0.551481	 0.113511 	 
0.001605	 0.153443 	 0.772063 	 
0.00161 	 0.830351 	 1.293754 	 
0.001615	 1.355584 	 1.57682  	 
0.00162 	 1.634464 	 1.573922 	 
0.001625	 1.612244 	 1.283771 	 
0.00163 	 1.299551 	 0.757894 	 
0.001635	 0.748877 	 0.096121 	 
0.00164 	 0.062308 	 -0.584006	 
0.001645	 -0.636819	 -1.161083	 
0.00165 	 -1.225167	 -1.530129	 
0.001655	 -1.587772	 -1.618687	 
0.00166 	 -1.665381	 -1.416452	 
0.001665	 -1.439316	 -0.956272	 
0.00167 	 -0.95273 	 -0.323484	 
0.001675	 -0.294501	 0.366949 	 
0.00168 	 0.415253 	 0.98879  	 
0.001685	 1.048366 	 1.429973 	 
0.00169 	 1.491804 	 1.611277 	 
0.001695	 1.662159 	 1.497922 	 
0.0017  	 1.527549 	 1.11245  	 
0.001705	 1.118247 	 0.524744 	 
0.00171 	 0.504456 	 -0.160859	 
0.001715	 -0.203045	 -0.817155	 
0.00172 	 -0.873189	 -1.32564 	 
0.001725	 -1.390368	 -1.596789	 
0.00173 	 -1.653466	 -1.579077	 
0.001735	 -1.615144	 -1.272183	 
0.00174 	 -1.286352	 -0.737292	 
0.001745	 -0.725699	 -0.068436	 
0.00175 	 -0.029149	 0.611048 	 
0.001755	 0.664183 	 1.176213 	 
0.00176 	 1.238365 	 1.531091 	 
0.001765	 1.587447 	 1.605159 	 
0.00177 	 1.647023 	 1.385211 	 
0.001775	 1.407109 	 0.913113 	 
0.00178 	 0.910215 	 0.275492 	 
0.001785	 0.246831 	 -0.410754	 
0.00179 	 -0.461313	 -1.026797	 
0.001795	 -1.088304	 -1.457028	 
0.0018  	 -1.518536	 -1.622873	 
0.001805	 -1.675686	 -1.498248	 
0.00181 	 -1.525298	 -1.095711	 
0.001815	 -1.102474	 -0.497702	 
0.00182 	 -0.476448	 0.187578 	 
0.001825	 0.232662 	 0.83969  	 
0.00183 	 0.896689 	 1.336906 	 
0.001835	 1.398414 	 1.591311 	 
0.00184 	 1.645735 	 1.555888 	 
0.001845	 1.592278 	 1.238043 	 
0.00185 	 1.249314 	 0.691556 	 
0.001855	 0.678674 	 0.020444 	 
0.00186 	 -0.017233	 -0.654208	 
0.001865	 -0.708953	 -1.213252	 
0.00187 	 -1.275081	 -1.552027	 
0.001875	 -1.610636	 -1.613534	 
0.00188 	 -1.656364	 -1.377487	 
0.001885	 -1.398097	 -0.89412 	 
0.00189 	 -0.887036	 -0.249095	 
0.001895	 -0.21818 	 0.438117 	 
0.0019  	 0.488032 	 1.046434 	 
0.001905	 1.106332 	 1.463465 	 
0.00191 	 1.523041 	 1.614176 	 
0.001915	 1.661514 	 1.468939 	 
0.00192 	 1.496956 	 1.057705 	 
0.001925	 1.060925 	 0.454541 	 
0.00193 	 0.428457 	 -0.235248	 
0.001935	 -0.280654	 -0.880273	 
0.00194 	 -0.939527	 -1.367504	 
0.001945	 -1.429977	 -1.610314	 
0.00195 	 -1.663449	 -1.558467	 
0.001955	 -1.593568	 -1.224523	 
0.00196 	 -1.235794	 -0.666768	 
0.001965	 -0.652276	 0.006597 	 
0.00197 	 0.045562 	 0.679318 	 
0.001975	 0.734386 	 1.228704 	 
0.00198 	 1.290856 	 1.552668 	 
0.001985	 1.609345 	 1.597108 	 
0.00199 	 1.636396 	 1.344957 	 
0.001995	 1.363635 	 0.850961 	 
0.002   	 0.84452  	 0.200459 	 
0.002005	 0.169222 	 -0.484499	 
0.00201 	 -0.534735	 -1.08605 	 
0.002015	 -1.146592	 -1.488587	 
0.00202 	 -1.550416	 -1.624161	 
0.002025	 -1.674398	 -1.464435	 
0.00203 	 -1.494383	 -1.039678	 
0.002035	 -1.040966	 -0.425889	 
0.00204 	 -0.400127	 0.262933 	 
0.002045	 0.307373 	 0.902164 	 
0.00205 	 0.962706 	 1.37877  	 
0.002055	 1.439634 	 1.602583 	 
0.00206 	 1.655396 	 1.5356   	 
0.002065	 1.568125 	 1.185873 	 
0.00207 	 1.197145 	 0.624251 	 
0.002075	 0.605573 	 -0.053623	 
0.00208 	 -0.093877	 -0.722157	 
0.002085	 -0.778834	 -1.263166	 
0.00209 	 -1.324996	 -1.572958	 
0.002095	 -1.630924	 -1.602263	 
0.0021  	 -1.639941	 -1.334335	 
0.002105	 -1.353012	 -0.830681	 
0.00211 	 -0.821986	 -0.173418	 
0.002115	 -0.140893	 0.51154  	 
0.00212 	 0.563065 	 1.103755 	 
0.002125	 1.165908 	 1.493736 	 
0.00213 	 1.553634 	 1.610633 	 
0.002135	 1.658616 	 1.436736 	 
0.00214 	 1.462177 	 0.999095 	 
0.002145	 1.000061 	 0.377898 	 
0.00215 	 0.353101 	 -0.308993	 
0.002155	 -0.355365	 -0.944035	 
0.00216 	 -1.003288	 -1.409046	 
0.002165	 -1.472163	 -1.617399	 
0.00217 	 -1.670211	 -1.535281	 
0.002175	 -1.568128	 -1.170744	 
0.00218 	 -1.180727	 -0.599141	 
0.002185	 -0.578854	 0.08324  	 
0.00219 	 0.12285  	 0.747589 	 
0.002195	 0.803944 	 1.275398 	 
0.0022  	 1.338838 	 1.571668 	 
0.002205	 1.626735 	 1.579718 	 
0.00221 	 1.620616 	 1.301805 	 
0.002215	 1.318228 	 0.786555 	 
0.00222 	 0.777216 	 0.12607  	 
0.002225	 0.088715 	 -0.557278	 
0.00223 	 -0.609446	 -1.139829	 
0.002235	 -1.201981	 -1.518858	 
0.00224 	 -1.579399	 -1.622873	 
0.002245	 -1.667957	 -1.430299	 
0.00225 	 -1.45574 	 -0.979458	 
0.002255	 -0.97817 	 -0.352145	 
0.00226 	 -0.323806	 0.336034 	 
0.002265	 0.384338 	 0.965282 	 
0.00227 	 1.02357  	 1.414838 	 
0.002275	 1.477956 	 1.608701 	 
0.00228 	 1.663125 	 1.509193 	 
0.002285	 1.542041 	 1.135637 	 
0.00229 	 1.143043 	 0.552116 	 
0.002295	 0.532794 	 -0.13091 	 
0.0023  	 -0.171164	 -0.789461	 
0.002305	 -0.845816	 -1.307284	 
0.00231 	 -1.37169 	 -1.588094	 
0.002315	 -1.649601	 -1.584229	 
0.00232 	 -1.625771	 -1.291183	 
0.002325	 -1.305674	 -0.763699	 
0.00233 	 -0.751461	 -0.096453	 
0.002335	 -0.063606	 0.582387 	 
0.00234 	 0.636488 	 1.158179 	 
0.002345	 1.218399 	 1.520464 	 
0.00235 	 1.579718 	 1.607413 	 
0.002355	 1.653142 	 1.400025 	 
0.00236 	 1.424499 	 0.937265 	 
0.002365	 0.934367 	 0.304475 	 
0.00237 	 0.27839  	 -0.383381	 
0.002375	 -0.432652	 -1.002644	 
0.00238 	 -1.064474	 -1.444147	 
0.002385	 -1.506942	 -1.622873	 
0.00239 	 -1.674398	 -1.508231	 
0.002395	 -1.539145	 -1.119863	 
0.0024  	 -1.124694	 -0.527973	 
0.002405	 -0.507041	 0.158917 	 
0.00241 	 0.201103 	 0.812961 	 
0.002415	 0.871893 	 1.321771 	 
0.00242 	 1.383601 	 1.586159 	 
0.002425	 1.642193 	 1.564905 	 
0.00243 	 1.602261 	 1.255432 	 
0.002435	 1.269602 	 0.717962 	 
0.00244 	 0.706047 	 0.050715 	 
0.002445	 0.015936 	 -0.626192	 
0.00245 	 -0.680937	 -1.192642	 
0.002455	 -1.256726	 -1.543976	 
0.00246 	 -1.604517	 -1.615788	 
0.002465	 -1.659584	 -1.3923  	 
0.00247 	 -1.414198	 -0.916985	 
0.002475	 -0.914086	 -0.278722	 
0.00248 	 -0.247485	 0.410423 	 
0.002485	 0.46066  	 1.023892 	 
0.00249 	 1.085078 	 1.45155  	 
0.002495	 1.511448 	 1.612566 	 
0.0025  	 1.663125 	 1.480532 	 
0.002505	 1.511448 	 1.079281 	 
0.00251 	 1.082501 	 0.481592 	 
0.002515	 0.457761 	 -0.204977	 
0.00252 	 -0.249095	 -0.855477	 
0.002525	 -0.914408	 -1.350436	 
0.00253 	 -1.41452 	 -1.603873	 
0.002535	 -1.66055 	 -1.568128	 
0.00254 	 -1.601941	 -1.243844	 
0.002545	 -1.256082	 -0.694462	 
0.00255 	 -0.680937	 -0.02303 	 
0.002555	 0.013681 	 0.651946 	 
0.00256 	 0.707013 	 1.208416 	 
0.002565	 1.27089  	 1.545261 	 
0.00257 	 1.603227 	 1.59904  	 
0.002575	 1.640582 	 1.360415 	 
0.00258 	 1.381025 	 0.875435 	 
0.002585	 0.870605 	 0.229442 	 
0.00259 	 0.200781 	 -0.456482	 
0.002595	 -0.507685	 -1.062864	 
0.0026  	 -1.123405	 -1.476994	 
0.002605	 -1.539145	 -1.624161	 
0.00261 	 -1.674398	 -1.478926	 
0.002615	 -1.507264	 -1.061576	 
0.00262 	 -1.064796	 -0.454228	 
0.002625	 -0.431686	 0.232018 	 
0.00263 	 0.278068 	 0.878334 	 
0.002635	 0.936621 	 1.362991 	 
0.00264 	 1.423533 	 1.600972 	 
0.002645	 1.650565 	 1.543973 	 
0.00265 	 1.577786 	 1.206483 	 
0.002655	 1.219365 	 0.649692 	 
0.00266 	 0.635844 	 -0.025606	 
0.002665	 -0.061674	 -0.695106	 
0.00267 	 -0.751139	 -1.242878	 
0.002675	 -1.30664 	 -1.566196	 
0.00268 	 -1.623517	 -1.607094	 
0.002685	 -1.646703	 -1.352368	 
0.00269 	 -1.369114	 -0.853545	 
0.002695	 -0.846782	 -0.204011	 
0.0027  	 -0.171808	 0.48288  	 
0.002705	 0.534405 	 1.079603 	 
0.00271 	 1.141755 	 1.481177 	 
0.002715	 1.541074 	 1.613532 	 
0.00272 	 1.661837 	 1.448329 	 
0.002725	 1.476024 	 1.023248 	 
0.00273 	 1.022926 	 0.407203 	 
0.002735	 0.384338 	 -0.279688	 
0.00274 	 -0.325738	 -0.919883	 
0.002745	 -0.977526	 -1.391978	 
0.00275 	 -1.454774	 -1.616754	 
0.002755	 -1.668279	 -1.543976	 
0.00276 	 -1.578755	 -1.193286	 
0.002765	 -1.201981	 -0.626192	 
0.00277 	 -0.609446	 0.053613 	 
0.002775	 0.092579 	 0.720538 	 
0.00278 	 0.775928 	 1.258009 	 
0.002785	 1.320161 	 1.564583 	 
0.00279 	 1.622549 	 1.586159 	 
0.002795	 1.628023 	 1.318873 	 
0.0028  	 1.33594  	 0.811995 	 
0.002805	 0.803622 	 0.155697 	 
0.00281 	 0.120596 	 -0.528295	 
0.002815	 -0.580464	 -1.118575	 
0.00282 	 -1.179439	 -1.509197	 
0.002825	 -1.569416	 -1.623195	 
0.00283 	 -1.669567	 -1.444147	 
0.002835	 -1.471519	 -1.001678	 
0.00284 	 -1.002966	 -0.380805	 
0.002845	 -0.355043	 0.306729 	 
0.00285 	 0.35439  	 0.941774 	 
0.002855	 1.000705 	 1.401957 	 
0.00286 	 1.462821 	 1.607735 	 
0.002865	 1.65926  	 1.518854 	 
0.00287 	 1.551702 	 1.154958 	 
0.002875	 1.163331 	 0.581421 	 
0.00288 	 0.562099 	 -0.102249	 
0.002885	 -0.140893	 -0.764021	 
0.00289 	 -0.820376	 -1.292471	 
0.002895	 -1.353656	 -1.583907	 
0.0029  	 -1.641551	 -1.59067 	 
0.002905	 -1.632856	 -1.307928	 
0.00291 	 -1.322098	 -0.790105	 
0.002915	 -0.779156	 -0.128012	 
0.00292 	 -0.095165	 0.553726 	 
0.002925	 0.608472 	 1.137891 	 
0.00293 	 1.197467 	 1.510481 	 
0.002935	 1.571023 	 1.608379 	 
0.00294 	 1.655074 	 1.413872 	 
0.002945	 1.438346 	 0.961418 	 
0.00295 	 0.960774 	 0.335068 	 
0.002955	 0.308661 	 -0.355043	 
0.00296 	 -0.401415	 -0.980424	 
0.002965	 -1.039034	 -1.429333	 
0.00297 	 -1.492773	 -1.620297	 
0.002975	 -1.673432	 -1.517569	 
0.00298 	 -1.54945 	 -1.139829	 
0.002985	 -1.145626	 -0.554379	 
0.00299 	 -0.536024	 0.130256 	 
0.002995	 0.170188 	 0.788487 	 
0.003   	 0.845486 	 1.303415 	 
0.003005	 1.365889 	 1.581651 	 
0.00301 	 1.637684 	 1.571023 	 
0.003015	 1.608057 	 1.274754 	 
0.00302 	 1.290534 	 0.745657 	 
0.003025	 0.73342  	 0.079376 	 
0.00303 	 0.045885 	 -0.598819	 
0.003035	 -0.65292 	 -1.172998	 
0.00304 	 -1.234506	 -1.534959	 
0.003045	 -1.594856	 -1.619975	 
0.00305 	 -1.663127	 -1.408724	 
0.003055	 -1.432232	 -0.943391	 
0.00306 	 -0.939849	 -0.30706 	 
0.003065	 -0.277756	 0.37983  	 
0.00307 	 0.429745 	 0.999739 	 
0.003075	 1.060281 	 1.43738  	 
0.00308 	 1.498888 	 1.610633 	 
0.003085	 1.661514 	 1.493092 	 
0.00309 	 1.521753 	 1.101501 	 
0.003095	 1.105688 	 0.507998 	 
0.0031  	 0.488998 	 -0.178248	 
0.003105	 -0.217858	 -0.828749	 
0.00311 	 -0.888968	 -1.335623	 
0.003115	 -1.398741	 -1.599687	 
0.00312 	 -1.655398	 -1.574569	 
0.003125	 -1.611602	 -1.263166	 
0.00313 	 -1.274115	 -0.722157	 
0.003135	 -0.708953	 -0.051691	 
0.00314 	 -0.014335	 0.623929 	 
0.003145	 0.679641 	 1.18845  	 
0.00315 	 1.250602 	 1.536244 	 
0.003155	 1.593888 	 1.601617 	 
0.00316 	 1.646701 	 1.376194 	 
0.003165	 1.398736 	 0.901198 	 
0.00317 	 0.895723 	 0.260035 	 
0.003175	 0.23073  	 -0.427822	 
0.00318 	 -0.47677 	 -1.039678	 
0.003185	 -1.099575	 -1.465079	 
0.00319 	 -1.52562 	 -1.625449	 
0.003195	 -1.676008	 -1.489875	 
0.0032  	 -1.520146	 -1.08444 	 
0.003205	 -1.088948	 -0.484177	 
0.00321 	 -0.460347	 0.202069 	 
0.003215	 0.247475 	 0.853537 	 
0.00322 	 0.910537 	 1.345601 	 
0.003225	 1.406465 	 1.594532 	 
0.00323 	 1.649921 	 1.550091 	 
0.003235	 1.589057 	 1.226771 	 
0.00324 	 1.238365 	 0.677386 	 
0.003245	 0.664183 	 0.004665 	 
0.00325 	 -0.032047	 -0.670632	 
0.003255	 -0.726343	 -1.223557	 
0.00326 	 -1.287318	 -1.557179	 
0.003265	 -1.617399	 -1.609026	 
0.00327 	 -1.6525  	 -1.368792	 
0.003275	 -1.38908 	 -0.880917	 
0.00328 	 -0.873833	 -0.234926	 
0.003285	 -0.202401	 0.453575 	 
0.00329 	 0.505744 	 1.059959 	 
0.003295	 1.120179 	 1.468295 	 
0.0033  	 1.528837 	 1.61321  	 
0.003305	 1.661837 	 1.460889 	 
0.00331 	 1.49116  	 1.044824 	 
0.003315	 1.048044 	 0.437151 	 
0.00332 	 0.413321 	 -0.248773	 
0.003325	 -0.297077	 -0.89412 	 
0.00333 	 -0.95273 	 -1.375232	 
0.003335	 -1.439316	 -1.61289 	 
0.00334 	 -1.666025	 -1.554603	 
0.003345	 -1.589704	 -1.212608	 
0.00335 	 -1.224201	 -0.652276	 
0.003355	 -0.637463	 0.023664 	 
0.00336 	 0.061342 	 0.694132 	 
0.003365	 0.751131 	 1.239009 	 
0.00337 	 1.299229 	 1.556854 	 
0.003375	 1.613532 	 1.590989 	 
0.00338 	 1.63382  	 1.33594  	 
0.003385	 1.355584 	 0.837436 	 
0.00339 	 0.830029 	 0.185324 	 
0.003395	 0.152799 	 -0.499634	 
0.0034  	 -0.550837	 -1.097965	 
0.003405	 -1.159795	 -1.497604	 
0.00341 	 -1.557501	 -1.624161	 
0.003415	 -1.672143	 -1.457672	 
0.00342 	 -1.4844  	 -1.027441	 
0.003425	 -1.029695	 -0.412042	 
0.00343 	 -0.385958	 0.281611 	 
0.003435	 0.323797 	 0.916333 	 
0.00344 	 0.974621 	 1.384245 	 
0.003445	 1.447041 	 1.604193 	 
0.00345 	 1.65604  	 1.528193 	 
0.003455	 1.563617 	 1.17589  	 
0.00346 	 1.183619 	 0.607828 	 
0.003465	 0.591082 	 -0.071012	 
0.00347 	 -0.110944	 -0.737936	 
0.003475	 -0.793647	 -1.270573	 
0.00348 	 -1.335623	 -1.578111	 
0.003485	 -1.634144	 -1.596789	 
0.00349 	 -1.637364	 -1.326606	 
0.003495	 -1.342385	 -0.814257	 
0.0035  	 -0.80685 	 -0.157638	 
0.003505	 -0.124147	 0.526998 	 
0.00351 	 0.580133 	 1.11406  	 
0.003515	 1.176535 	 1.499532 	 
0.00352 	 1.559752 	 1.611277 	 
0.003525	 1.659582 	 1.429007 	 
0.00353 	 1.45316  	 0.986536 	 
0.003535	 0.98557  	 0.363406 	 
0.00354 	 0.336678 	 -0.323162	 
0.003545	 -0.371144	 -0.956916	 
0.00355 	 -1.016814	 -1.415164	 
0.003555	 -1.479892	 -1.618365	 
0.00356 	 -1.671177	 -1.528196	 
0.003565	 -1.562331	 -1.159473	 
0.00357 	 -1.167846	 -0.582718	 
0.003575	 -0.564684	 0.099342 	 
0.00358 	 0.138951 	 0.760148 	 
0.003585	 0.818436 	 1.285703 	 
0.00359 	 1.347855 	 1.57521  	 
0.003595	 1.631243 	 1.578108 	 
0.0036  	 1.61643  	 1.292466 	 
0.003605	 1.310178 	 0.772385 	 
0.00361 	 0.761114 	 0.108358 	 
0.003615	 0.076477 	 -0.570481	 
0.00362 	 -0.622972	 -1.151422	 
0.003625	 -1.215506	 -1.524332	 
0.00363 	 -1.585196	 -1.620941	 
0.003635	 -1.667635	 -1.421927	 
0.00364 	 -1.449299	 -0.966899	 
0.003645	 -0.965289	 -0.338297	 
0.00365 	 -0.309637	 0.350525 	 
0.003655	 0.400762 	 0.977197 	 
0.00366 	 1.037417 	 1.423855 	 
0.003665	 1.484719 	 1.611277 	 
0.00367 	 1.662803 	 1.504041 	 
0.003675	 1.534956 	 1.121789 	 
0.00368 	 1.130484 	 0.538269 	 
0.003685	 0.516371 	 -0.146367	 
0.00369 	 -0.186943	 -0.805884	 
0.003695	 -0.861918	 -1.316301	 
0.0037  	 -1.381995	 -1.59228 	 
0.003705	 -1.649923	 -1.581975	 
0.00371 	 -1.619331	 -1.282488	 
0.003715	 -1.296335	 -0.748241	 
0.00372 	 -0.73697 	 -0.081961	 
0.003725	 -0.048148	 0.597845 	 
0.00373 	 0.651624 	 1.168162 	 
0.003735	 1.22806  	 1.525617 	 
0.00374 	 1.583905 	 1.606447 	 
0.003745	 1.650887 	 1.392296 	 
0.00375 	 1.415804 	 0.924384 	 
0.003755	 0.923096 	 0.289983 	 
0.00376 	 0.259069 	 -0.397873	 
0.003765	 -0.446177	 -1.01617 	 
0.00377 	 -1.077355	 -1.450909	 
0.003775	 -1.514027	 -1.622551	 
0.00378 	 -1.675686	 -1.5034  	 
0.003785	 -1.534315	 -1.108592	 
0.00379 	 -1.110846	 -0.511227	 
0.003795	 -0.489973	 0.174053 	 
0.0038  	 0.216883 	 0.827131 	 
0.003805	 0.886706 	 1.328533 	 
0.00381 	 1.391974 	 1.590345 	 
0.003815	 1.642837 	 1.55943  	 
0.00382 	 1.598396 	 1.245127 	 
0.003825	 1.259297 	 0.704759 	 
0.00383 	 0.6922   	 0.035258 	 
0.003835	 0.000478 	 -0.642293	 
0.00384 	 -0.697038	 -1.204235	 
0.003845	 -1.267031	 -1.548806	 
0.00385 	 -1.60645 	 -1.6145  	 
0.003855	 -1.65733 	 -1.383605	 
0.00386 	 -1.406791	 -0.904425	 
0.003865	 -0.900883	 -0.26262 	 
0.00387 	 -0.230739	 0.426202 	 
0.003875	 0.474829 	 1.036451 	 
0.00388 	 1.096349 	 1.456702 	 
0.003885	 1.517244 	 1.614176 	 
0.00389 	 1.661837 	 1.474736 	 
0.003895	 1.505329 	 1.067366 	 
0.0039  	 1.070586 	 0.466134 	 
0.003905	 0.443914 	 -0.222689	 
0.00391 	 -0.263908	 -0.869324	 
0.003915	 -0.9289  	 -1.362029	 
0.00392 	 -1.424503	 -1.607738	 
0.003925	 -1.661194	 -1.562009	 
0.00393 	 -1.598721	 -1.23354 	 
0.003935	 -1.246099	 -0.682869	 
0.00394 	 -0.667412	 -0.006284	 
0.003945	 0.030427 	 0.667081 	 
0.00395 	 0.722793 	 1.219043 	 
0.003955	 1.280229 	 1.549447 	 
0.00396 	 1.605803 	 1.59582  	 
0.003965	 1.638328 	 1.353652 	 
0.00397 	 1.37233  	 0.862554 	 
0.003975	 0.857402 	 0.215594 	 
0.00398 	 0.182747 	 -0.47033 	 
0.003985	 -0.521854	 -1.074135	 
0.00399 	 -1.136287	 -1.484078	 
0.003995	 -1.545908	 -1.626737	 
0.004   	 -1.673754	 -1.470553	 
0.004005	 -1.498892	 -1.049983	 
0.00401 	 -1.052237	 -0.440059	 
0.004015	 -0.415262	 0.248442 	 
0.00402 	 0.292882 	 0.891859 	 
0.004025	 0.950469 	 1.371364 	 
0.00403 	 1.432872 	 1.600972 	 
0.004035	 1.655396 	 1.53882  	 
0.00404 	 1.573278 	 1.197145 	 
0.004045	 1.205517 	 0.636166 	 
0.00405 	 0.619421 	 -0.04203 	 
0.004055	 -0.078419	 -0.710886	 
0.00406 	 -0.766275	 -1.254793	 
0.004065	 -1.316623	 -1.569416	 
0.00407 	 -1.627703	 -1.602907	 
0.004075	 -1.645415	 -1.342707	 
0.00408 	 -1.362351	 -0.84163 	 
0.004085	 -0.832935	 -0.186943	 
0.00409 	 -0.155384	 0.497693 	 
0.004095	 0.548896 	 1.092806 	 
0.0041  	 1.154314 	 1.489227 	 
0.004105	 1.547837 	 1.612888 	 
0.00411 	 1.65926  	 1.442855 	 
0.004115	 1.468939 	 1.010044 	 
0.00412 	 1.010688 	 0.393033 	 
0.004125	 0.367915 	 -0.295467	 
0.00413 	 -0.343128	 -0.932442	 
0.004135	 -0.992662	 -1.400995	 
0.00414 	 -1.463791	 -1.6145  	 
0.004145	 -1.669567	 -1.540111	 
0.00415 	 -1.571348	 -1.182337	 
0.004155	 -1.191354	 -0.611701	 
0.00416 	 -0.593667	 0.070681 	 
0.004165	 0.10868  	 0.735674 	 
0.00417 	 0.792351 	 1.266703 	 
0.004175	 1.330144 	 1.568447 	 
0.00418 	 1.627057 	 1.584871 	 
0.004185	 1.624159 	 1.309212 	 
0.00419 	 1.325957 	 0.797826 	 
0.004195	 0.788809 	 0.139273 	 
0.0042  	 0.107714 	 -0.542464	 
0.004205	 -0.595277	 -1.132744	 
0.00421 	 -1.19232 	 -1.513705	 
0.004215	 -1.573925	 -1.623517	 
0.00422 	 -1.669889	 -1.436418	 
0.004225	 -1.462502	 -0.991373	 
0.00423 	 -0.990085	 -0.367602	 
0.004235	 -0.340551	 0.323797 	 
0.00424 	 0.371135 	 0.952401 	 
0.004245	 1.012943 	 1.409363 	 
0.00425 	 1.469583 	 1.609345 	 
0.004255	 1.660548 	 1.514346 	 
0.00426 	 1.546871 	 1.144331 	 
0.004265	 1.151738 	 0.56532  	 
0.00427 	 0.546642 	 -0.117385	 
0.004275	 -0.156672	 -0.77819 	 
0.00428 	 -0.836155	 -1.300844	 
0.004285	 -1.362029	 -1.588416	 
0.00429 	 -1.644127	 -1.586484	 
0.004295	 -1.627703	 -1.299556	 
0.0043  	 -1.314691	 -0.777224	 
0.004305	 -0.764665	 -0.109656	 
0.00431 	 -0.078097	 0.569184 	 
0.004315	 0.622641 	 1.148196 	 
0.00432 	 1.21067  	 1.515312 	 
0.004325	 1.574566 	 1.606769 	 
0.00433 	 1.65282  	 1.407753 	 
0.004335	 1.429973 	 0.950469 	 
0.00434 	 0.948536 	 0.317678 	 
0.004345	 0.29095  	 -0.367924	 
0.00435 	 -0.419127	 -0.992017	 
0.004355	 -1.052881	 -1.437062	 
0.00436 	 -1.50018 	 -1.622229	 
0.004365	 -1.673754	 -1.512417	 
0.00437 	 -1.543976	 -1.129524	 
0.004375	 -1.134032	 -0.540532	 
0.00438 	 -0.519278	 0.145392 	 
0.004385	 0.187256 	 0.801046 	 
0.00439 	 0.859656 	 1.314364 	 
0.004395	 1.374584 	 1.583905 	 
0.0044  	 1.639938 	 1.567481 	 
0.004405	 1.605159 	 1.264449 	 
0.00441 	 1.278619 	 0.730843 	 
0.004415	 0.719572 	 0.062952 	 
0.00442 	 0.029461 	 -0.612989	 
0.004425	 -0.66709 	 -1.182015	 
0.00443 	 -1.245455	 -1.539467	 
0.004435	 -1.599043	 -1.618043	 
0.00444 	 -1.661839	 -1.400995	 
0.004445	 -1.423537	 -0.9289  	 
0.00445 	 -0.926001	 -0.291281	 
0.004455	 -0.261332	 0.396898 	 
0.00446 	 0.445202 	 1.011977 	 
0.004465	 1.074129 	 1.444787 	 
0.00447 	 1.504685 	 1.612566 	 
0.004475	 1.662159 	 1.486973 	 
0.00448 	 1.5166   	 1.089586 	 
0.004485	 1.094739 	 0.494795 	 
0.00449 	 0.472253 	 -0.191452	 
0.004495	 -0.234604	 -0.84324 	 
0.0045  	 -0.901527	 -1.343674	 
0.004505	 -1.406469	 -1.602263	 
0.00451 	 -1.658618	 -1.567806	 
0.004515	 -1.607738	 -1.252539	 
0.00452 	 -1.262844	 -0.707987	 
0.004525	 -0.69414 	 -0.036877	 
0.00453 	 0.000478 	 0.640031 	 
0.004535	 0.694132 	 1.199721 	 
0.00454 	 1.260907 	 1.539786 	 
0.004545	 1.598074 	 1.600328 	 
0.00455 	 1.645091 	 1.368465 	 
0.004555	 1.390686 	 0.886706 	 
0.00456 	 0.88252  	 0.244255 	 
0.004565	 0.213662 	 -0.442635	 
0.00457 	 -0.494482	 -1.051915	 
0.004575	 -1.113423	 -1.473773	 
0.00458 	 -1.533671	 -1.624805	 
0.004585	 -1.675364	 -1.485689	 
0.00459 	 -1.513061	 -1.074135	 
0.004595	 -1.077033	 -0.468075	 
0.0046  	 -0.445855	 0.217527 	 
0.004605	 0.263577 	 0.866096 	 
0.00461 	 0.925028 	 1.354618 	 
0.004615	 1.416126 	 1.596786 	 
0.00462 	 1.649921 	 1.547193 	 
0.004625	 1.583583 	 1.214534 	 
0.00463 	 1.226449 	 0.662573 	 
0.004635	 0.645505 	 -0.012403	 
0.00464 	 -0.047826	 -0.683191	 
0.004645	 -0.739868	 -1.234184	 
0.00465 	 -1.295691	 -1.562009	 
0.004655	 -1.621907	 -1.60806 	 
0.00466 	 -1.649601	 -1.359453	 
0.004665	 -1.380063	 -0.866104	 
0.00467 	 -0.859663	 -0.218502	 
0.004675	 -0.183723	 0.469032 	 
0.00468 	 0.520879 	 1.07123  	 
0.004685	 1.130162 	 1.475702 	 
0.00469 	 1.537854 	 1.612888 	 
0.004695	 1.66087  	 1.45477  	 
0.0047  	 1.482465 	 1.033231 	 
0.004705	 1.032264 	 0.422016 	 
0.00471 	 0.398186 	 -0.265519	 
0.004715	 -0.311569	 -0.907646	 
0.00472 	 -0.968187	 -1.384249	 
0.004725	 -1.448011	 -1.613534	 
0.00473 	 -1.669567	 -1.54784 	 
0.004735	 -1.582619	 -1.200693	 
0.00474 	 -1.210997	 -0.639395	 
0.004745	 -0.622972	 0.039444 	 
0.00475 	 0.078088 	 0.708623 	 
0.004755	 0.764335 	 1.248348 	 
0.00476 	 1.311466 	 1.560074 	 
0.004765	 1.61804  	 1.589379 	 
0.00477 	 1.629633 	 1.324347 	 
0.004775	 1.346889 	 0.821978 	 
0.00478 	 0.81586  	 0.169222 	 
0.004785	 0.136053 	 -0.513804	 
0.00479 	 -0.566616	 -1.107948	 
0.004795	 -1.170744	 -1.503722	 
0.0048  	 -1.566196	 -1.623517	 
0.004805	 -1.671821	 -1.451553	 
0.00481 	 -1.477316	 -1.012627	 
0.004815	 -1.014882	 -0.395619	 
0.00482 	 -0.370178	 0.294814 	 
0.004825	 0.339898 	 0.929215 	 
0.00483 	 0.987824 	 1.39455  	 
0.004835	 1.456702 	 1.606125 	 
0.00484 	 1.65765  	 1.524007 	 
0.004845	 1.558464 	 1.163975 	 
0.00485 	 1.17428  	 0.592692 	 
0.004855	 0.576269 	 -0.087758	 
0.00486 	 -0.126724	 -0.752105	 
0.004865	 -0.808139	 -1.283454	 
0.00487 	 -1.343352	 -1.581975	 
0.004875	 -1.637686	 -1.59389 	 
0.00488 	 -1.634466	 -1.317589	 
0.004885	 -1.334657	 -0.801376	 
0.00489 	 -0.792037	 -0.141537	 
0.004895	 -0.109012	 0.542777 	 
0.0049  	 0.594624 	 1.126298 	 
0.004905	 1.18845  	 1.505973 	 
0.00491 	 1.564261 	 1.611277 	 
0.004915	 1.65604  	 1.420957 	 
0.00492 	 1.446397 	 0.973977 	 
0.004925	 0.973333 	 0.347949 	 
0.00493 	 0.32122  	 -0.339907	 
0.004935	 -0.386602	 -0.969797	 
0.00494 	 -1.028085	 -1.423215	 
0.004945	 -1.486977	 -1.619975	 
0.00495 	 -1.674076	 -1.5224  	 
0.004955	 -1.556857	 -1.148202	 
0.00496 	 -1.156897	 -0.567905	 
0.004965	 -0.548261	 0.117053 	 
0.00497 	 0.154087 	 0.77625  	 
0.004975	 0.831961 	 1.294076 	 
0.00498 	 1.355262 	 1.577142 	 
0.004985	 1.632854 	 1.5736   	 
0.00499 	 1.61321  	 1.282161 	 
0.004995	 1.298907 	 0.759182 	 
0.005   	 0.746623 	 0.094833 	 
        	          	          	  
        	          	          	  
        	          	          	  
        	          	          	  
        	          	          	  
        	          	          	  
        	          	          	  
        	          	          	  
        	          	          	  
        	          	          	  
        	          	          	  
        	          	          	  
        	          	          	  
        	          	          	  
        	          	          	  
        	          	          	  
        	          	          	  
        	          	          	  
        	          	          	  
        	          	          	  
        	          	          	  
        	          	          	  
        	          	          	  
        	          	          	  
        	          	          	  
        	          	          	  
        	          	          	  
        	          	          	  
        	          	          	  
        	          	          	  
        	          	          	  
        	          	          	  
        	          	          	  
        	          	          	  
        	          	          	  
        	          	          	  
        	          	          	  
        	          	          	  
        	          	          	  
        	          	          	  
        	          	          	  
        	          	          	  
        	          	          	  
        	          	          	  
        	          	          	  
        	          	          	  
        	          	          	  
        	          	          	  
        	          	          	  
        	          	          	  
        	          	          	  
        	          	          	  
        	          	          	  
        	          	          	  
        	          	          	  
        	          	          	  
        	          	          	  
        	          	          	  
        	          	          	  
        	          	          	  
        	          	          	  
        	          	          	  
        	          	          	  
        	          	          	  
        	          	          	  
        	          	          	  
        	          	          	  
        	          	          	  
        	          	          	  
        	          	          	  
        	          	          	  
        	          	          	  
        	          	          	  
        	          	          	  
        	          	          	  
        	          	          	  
        	          	          	  
        	          	          	  
        	          	          	  
        	          	          	  
        	          	          	  
        	          	          	  
        	          	          	  
        	          	          	  
        	          	          	  
        	          	          	  
        	          	          	  
        	          	          	  
        	          	          	  
        	          	          	  
        	          	          	  
        	          	          	  
        	          	          	  
        	          	          	  
        	          	          	  
        	          	          	  
        	          	          	  
        	          	          	  
        	          	          	  
        	          	          	  
        	          	          	  
        	          	          	  
        	          	          	  
        	          	          	  
        	          	          	  
        	          	          	  
        	          	          	  
        	          	          	  
        	          	          	  
        	          	          	  
        	          	          	  
        	          	          	  
        	          	          	  
        	          	          	  
        	          	          	  
        	          	          	  
        	          	          	  
        	          	          	  
        	          	          	  
        	          	          	  
        	          	          	  
        	          	          	  
        	          	          	  
        	          	          	  
        	          	          	  
        	          	          	  
        	          	          	  
        	          	          	  
        	          	          	  
        	          	          	  
        	          	          	  
        	          	          	  
        	          	          	  
        	          	          	  
        	          	          	  
        	          	          	  
        	          	          	  
        	          	          	  
        	          	          	  
        	          	          	  
        	          	          	  
        	          	          	  
        	          	          	  
        	          	          	  
        	          	          	  
        	          	          	  
        	          	          	  
        	          	          	  
        	          	          	  
        	          	          	  
        	          	          	  
        	          	          	  
        	          	          	  
        	          	          	  
        	          	          	  
        	          	          	  
        	          	          	  
        	          	          	  
        	          	          	  
        	          	          	  
        	          	          	  
        	          	          	  
        	          	          	  
        	          	          	  
        	          	          	  
        	          	          	  
        	          	          	  
        	          	          	  
        	          	          	  
        	          	          	  
        	          	          	  
        	          	          	  
        	          	          	  
        	          	          	  
        	          	          	  
        	          	          	  
        	          	          	  
        	          	          	  
        	          	          	  
        	          	          	  
        	          	          	  
        	          	          	  
        	          	          	  
        	          	          	  
        	          	          	  
        	          	          	  
        	          	          	  
        	          	          	  
        	          	          	  
        	          	          	  
        	          	          	  
        	          	          	  
        	          	          	  
        	          	          	  
        	          	          	  
        	          	          	  
        	          	          	  
        	          	          	  
        	          	          	  
        	          	          	  
        	          	          	  
        	          	          	  
        	          	          	  
        	          	          	  
        	          	          	  
        	          	          	  
        	          	          	  
        	          	          	  
        	          	          	  
        	          	          	  
        	          	          	  
        	          	          	  
        	          	          	  
        	          	          	  
        	          	          	  
        	          	          	  
        	          	          	  
        	          	          	  
        	          	          	  
        	          	          	  
        	          	          	  
        	          	          	  
        	          	          	  
        	          	          	  
        	          	          	  
        	          	          	  
        	          	          	  
        	          	          	  
        	          	          	  
        	          	          	  
        	          	          	  
        	          	          	  
        	          	          	  
        	          	          	  
        	          	          	  
        	          	          	  
        	          	          	  
        	          	          	  
        	          	          	  
        	          	          	  
        	          	          	  
        	          	          	  
        	          	          	  
        	          	          	  
        	          	          	  
        	          	          	  
        	          	          	  
        	          	          	  
        	          	          	  
        	          	          	  
        	          	          	  
        	          	          	  
        	          	          	  
        	          	          	  
        	          	          	  
        	          	          	  
        	          	          	  
        	          	          	  
        	          	          	  
        	          	          	  
        	          	          	  
        	          	          	  
        	          	          	  
        	          	          	  
        	          	          	  
        	          	          	  
        	          	          	  
        	          	          	  
        	          	          	  
        	          	          	  
        	          	          	  
        	          	          	  
        	          	          	  
        	          	          	  
        	          	          	  
        	          	          	  
        	          	          	  
        	          	          	  
        	          	          	  
        	          	          	  
        	          	          	  
        	          	          	  
        	          	          	  
        	          	          	  
        	          	          	  
        	          	          	  
        	          	          	  
        	          	          	  
        	          	          	  
        	          	          	  
        	          	          	  
        	          	          	  
        	          	          	  
        	          	          	  
        	          	          	  
        	          	          	  
        	          	          	  
        	          	          	  
        	          	          	  
        	          	          	  
        	          	          	  
        	          	          	  
        	          	          	  
        	          	          	  
        	          	          	  
        	          	          	  
        	          	          	  
        	          	          	  
        	          	          	  
        	          	          	  
        	          	          	  
        	          	          	  
        	          	          	  
        	          	          	  
        	          	          	  
        	          	          	  
        	          	          	  
        	          	          	  
        	          	          	  
        	          	          	  
        	          	          	  