 2210.059663	 -174.143495	 -176.202294
 2224.974295	 49.149306  	 47.089900
 2224.964996	 -98.517342 	 -100.576693
 2240.058812	 -151.206599	 -153.292090
 2240.071005	 97.504379  	 95.428604
 2254.954568	 -120.653959	 -122.753851
 2254.962979	 -55.264434 	 -57.366553
 2254.964680	 -95.401853 	 -97.496578
 2270.044957	 -22.064563 	 -24.184298
 2270.052033	 167.761643 	 165.640987
 2285.135409	 -119.573921	 -121.705295
 2285.129610	 66.664860  	 64.532511
 2300.034444	 76.317919  	 74.157350
 2300.029601	 -94.557606 	 -96.717165
 2300.031104	 -144.137369	 -146.293842
 2315.120723	 42.811621  	 40.631033
 2315.117167	 -124.929383	 -127.110932
 2330.027316	 -137.178992	 -139.368414
 2330.025982	 -50.539675 	 -52.729978
 2345.116159	 -28.944349 	 -31.156757
 2345.117531	 -98.758698 	 -100.961599
 2360.013756	 -26.282088 	 -28.518155
 2360.014081	 -50.918754 	 -53.155537
 2375.104023	 56.959160  	 54.697208
 2375.095352	 14.241736  	 11.980618
 2389.999191	 -107.671489	 -109.942779
 2390.018665	 -114.413383	 -116.674379
 2405.086491	 -62.786966 	 -65.091391
 2405.093854	 -57.554711 	 -59.851756
 2419.994180	 11.844985  	 9.540324
 2419.983364	 -161.660275	 -163.983652
 2419.983626	 -26.002510 	 -28.318705
 2435.078180	 -14.370329 	 -16.709363
 2435.087465	 -82.145253 	 -84.470178
 2449.985945	 145.193264 	 142.847892
 2449.979853	 -42.957103 	 -45.313734
 2465.070887	 -48.171668 	 -50.539747
 2465.069694	 -8.337059  	 -10.699818
 2479.971790	 -166.573933	 -168.966152
 2479.972488	 -8.030061  	 -10.410812
 2495.061532	 92.132987  	 89.721243
 2495.064281	 -3.621413  	 -6.024269
 2509.957980	 -166.546134	 -168.982826
 2509.957894	 -51.393238 	 -53.820994
 2515.681034	 -85.546250 	 -87.972679
 2525.044049	 -123.331319	 -125.795697
 2525.040651	 20.250305  	 17.790644
 2540.138933	 177.118432 	 174.651672
 2540.138178	 114.890621 	 112.424881
 2555.036564	 73.060090  	 70.562771
 2555.042875	 83.331611  	 80.848012
 2570.117037	 -120.858604	 -123.382553
 2570.119753	 118.745226 	 116.225161
 2570.126495	 137.524006 	 135.013917
 2585.016546	 -80.162018 	 -82.718753
 2585.020594	 -96.082744 	 -98.617037
 2600.109972	 10.822803  	 8.265071
 2600.103677	 6.261737   	 3.692179
 2615.018324	 159.384490 	 156.807387
 2615.018038	 16.567349  	 13.975772
 2630.095857	 92.816159  	 90.212498
 2630.107814	 88.945024  	 86.345190
 2630.105528	 139.407559 	 136.818608
 2644.987121	 -7.094848  	 -9.732288
 2645.000844	 -12.208639 	 -14.829490
 2660.085877	 61.158729  	 58.511489
 2660.091418	 73.026538  	 70.372311
 2674.985508	 -147.130489	 -149.801191
 2674.997231	 175.616177 	 172.953215
 2690.086944	 174.849639 	 172.165895
 2690.082144	 77.059214  	 74.368250
 2704.987523	 116.209186 	 113.506691
 2704.986924	 -55.258442 	 -57.968004
 2720.065829	 73.425290  	 70.700101
 2720.078876	 91.125229  	 88.398052
 2725.704093	 47.489850  	 44.770284
 2734.974038	 -107.246466	 -109.997717
 2734.962361	 169.504502 	 166.729964
 2750.061196	 -106.253079	 -109.032229
 2750.055914	 116.365695 	 113.580877
 2764.959277	 -31.584793 	 -34.378194
 2764.962538	 -90.560603 	 -93.361343
 2780.037295	 30.489668  	 27.663099
 2780.047865	 -176.279576	 -179.101793
 2795.138605	 -178.392841	 178.756891
 2795.125884	 -97.841881 	 -100.688890
 2802.762936	 49.316282  	 46.492051
 2810.037159	 109.090025 	 106.240025
 2810.030992	 -23.971323 	 -26.851661
 2825.122286	 -156.149776	 -159.040181
 2825.117489	 -79.815318 	 -82.724029
 2840.026352	 52.559901  	 49.639177
 2840.018008	 145.559367 	 142.643849
 2855.114459	 171.099299 	 168.147781
 2855.110747	 133.877305 	 130.933370
 2870.010091	 -127.868285	 -130.831287
 2870.012426	 -130.759556	 -133.720238
 2885.102753	 -173.102016	 -176.097548
 2885.097237	 69.657937  	 66.666523
 2900.007509	 -147.912833	 -150.924746
 2900.003380	 66.988921  	 63.979877
 2900.010691	 -47.323426 	 -50.334715
 2915.085779	 -84.323102 	 -87.373945
 2915.082717	 -46.332109 	 -49.387615
 2929.996728	 -75.871373 	 -78.929474
 2929.993185	 -120.607783	 -123.670940
 2945.072641	 112.563054 	 109.464201
 2945.071953	 41.301199  	 38.206978
 2959.976565	 -132.978419	 -136.107960
 2959.987709	 -133.890700	 -136.999853
 2975.065729	 -150.067274	 -153.203092
 2975.074192	 -147.463766	 -150.607920
 2989.975997	 8.733143   	 5.579401
 2989.980868	 47.149009  	 43.985163
 3005.060519	 176.695444 	 173.519186
 3005.054476	 -169.339975	 -172.533944
 3005.215286	 -156.924332	 -160.127158
 3020.151750	 9.078983   	 5.874182
 3020.141114	 -44.808324 	 -48.030023
 3035.047225	 179.467201 	 176.225878
 3035.044852	 -139.010273	 -142.251063
 3050.133478	 80.567363  	 77.301865
 3050.145947	 94.451029  	 91.201127
 3065.034714	 -40.598952 	 -43.887786
 3065.035744	 -39.096951 	 -42.392583
 3080.134417	 -154.942653	 -158.251590
 3080.128669	 -105.679830	 -108.993641
 3095.026911	 -161.302110	 -164.647671
 3095.027546	 98.556402  	 95.209770
 3110.111570	 33.657932  	 30.289919
 3110.113026	 -74.548498 	 -77.914778
 3125.011386	 167.342034 	 163.939021
 3125.006278	 44.657440  	 41.253010
 3140.107116	 24.695080  	 21.277805
 3140.109902	 -59.551786 	 -62.972026
 3155.004771	 107.834872 	 104.384958
 3155.006209	 -136.498981	 -139.944239
 3170.093501	 76.722263  	 73.249418
 3170.087760	 87.193470  	 83.710080
 3184.985807	 96.838199  	 93.326282
 3184.993027	 -106.805151	 -110.309799
 3200.077456	 175.232768 	 171.693179
 3200.081349	 119.920726 	 116.399297
 3214.981625	 -95.698323 	 -99.256048
 3214.982854	 -34.941220 	 -38.501673
 3230.081223	 65.194842  	 61.614893
 3230.070579	 -159.854741	 -163.447912
 3244.965737	 -102.120732	 -105.741665
 3244.974306	 -31.722704 	 -35.345573
 3244.978235	 172.957453 	 169.353117
 3260.057328	 -15.372921 	 -19.022702
 3260.066770	 -39.797388 	 -43.431994
 3275.144855	 66.941992  	 63.266195
 3275.147412	 40.132928  	 36.457945
 3290.050880	 -41.455759 	 -45.160509
 3290.048932	 87.242985  	 83.538174
 3305.137865	 -154.921296	 -158.651986
 3305.140355	 41.093821  	 37.374094
 3320.034541	 175.963971 	 172.202608
 3320.038902	 60.389610  	 56.630575
 3335.119035	 -65.208406 	 -69.005047
 3335.125847	 118.553001 	 114.754223
 3350.032271	 -166.048435	 -169.861725
 3350.025689	 101.041757 	 97.218023
 3365.121456	 102.751459 	 98.901250
 3365.114618	 45.607005  	 41.762680
 3380.005663	 -60.758713 	 -64.651776
 3380.014439	 59.389862  	 55.505300
 3395.105984	 47.317170  	 43.414985
 3395.100127	 -52.924687 	 -56.847648
 3409.999140	 25.084270  	 21.139806
 3410.011244	 177.081753 	 173.134492
 3425.093924	 33.338739  	 29.356845
 3425.091658	 104.016218 	 100.047296
 3439.992389	 -140.397070	 -144.400917
 3439.989067	 -2.205455  	 -6.215226
 3455.086085	 -5.037149  	 -9.073281
 3455.080760	 -69.857382 	 -73.898479
 3469.980217	 15.611192  	 11.543969
 3469.976920	 -152.059037	 -156.126502
 3485.070306	 17.980786  	 13.876234
 3485.073967	 135.486065 	 131.388449
 3499.979207	 -33.002999 	 -37.136422
 3499.967452	 17.359196  	 13.214418
 3515.053163	 102.414433 	 98.242811
 3515.063240	 11.222917  	 7.056272
 3517.751714	 132.511121 	 128.366994
 3530.148537	 4.306963   	 0.116679
 3545.050519	 68.902061  	 64.677471
 3545.052794	 161.081102 	 156.858486
 3560.140232	 73.650645  	 69.376184
 3560.139466	 -40.441547 	 -44.704112
 3560.365023	 -94.163968 	 -98.418243
 3575.038145	 -41.963339 	 -46.249006
 3575.049943	 -159.024002	 -163.302997
 3590.121033	 -131.849275	 -136.178855
 3590.125441	 160.959644 	 156.616532
 3605.034470	 -16.074477 	 -20.440378
 3605.032913	 111.038905 	 106.681663
 3620.114921	 -129.830762	 -134.224057
 3620.119722	 -66.859707 	 -71.259545
 3635.019530	 -14.116464 	 -18.539237
 3635.014502	 -105.966838	 -110.400491
 3650.104075	 -40.543183 	 -45.012473
 3650.105060	 178.499558 	 174.036440
 3665.000676	 -73.342096 	 -77.835341
 3665.006111	 144.293983 	 139.786082
 3680.081506	 -80.249571 	 -84.786531
 3680.094918	 89.826215  	 85.293480
 3694.990415	 129.548571 	 124.979286
 3695.001526	 128.281245 	 123.709280
 3710.086873	 -168.936917	 -173.542658
 3710.074818	 156.254633 	 151.637367
 3724.978750	 -21.990809 	 -26.637158
 3724.986083	 166.035405 	 161.402521
 3740.075524	 41.738753  	 37.065240
 3740.065588	 -16.818345 	 -21.516197
 3755.165389	 -127.242301	 -131.958086
 3755.162070	 117.959343 	 113.246297
 3770.055310	 -46.759923 	 -51.510985
 3770.050979	 34.428748  	 29.668359
 3785.143042	 -11.993506 	 -16.789793
 3785.145033	 68.165016  	 63.361961
 3800.045602	 -59.772009 	 -64.599543
 3800.041031	 81.551689  	 76.720398
 3815.135728	 -45.675697 	 -50.542577
 3815.144276	 79.720001  	 74.855310
 3830.039814	 128.924724 	 124.019925
 3830.043228	 148.149024 	 143.247742
 3845.142070	 160.771541 	 155.858639
 3845.129845	 131.592186 	 126.642586
 3860.040033	 -164.128079	 -169.100165
 3860.033631	 -105.428871	 -110.400135
 3875.123715	 -112.831237	 -117.849123
 3875.114218	 -77.176154 	 -82.197062
 3890.015510	 -120.933343	 -125.989183
 3890.010326	 127.961824 	 122.894318
 3905.106080	 -42.687872 	 -47.780193
 3905.098977	 11.749470  	 6.645939
 3920.005273	 103.282470 	 98.143754
 3920.008070	 150.113007 	 144.971833
 3935.087475	 -75.216547 	 -80.397361
 3935.094996	 -11.772502 	 -16.944097
 3950.002563	 -87.516120 	 -92.719405
 3949.996981	 -101.093025	 -106.303395
 3965.080730	 103.920210 	 98.657736
 3965.079452	 -66.833546 	 -72.091663
 3979.980960	 -125.483542	 -130.788596
 3979.975944	 121.677981 	 116.372652
 3995.060204	 61.764244  	 56.407219
 3995.076651	 -92.800621 	 -98.134723
 4010.161565	 -106.542031	 -111.921205
 4010.157064	 -46.490963 	 -51.879433
 4025.062013	 -104.851480	 -110.278470
 4025.056691	 -133.372689	 -138.806456
 4040.155568	 169.339233 	 163.883871
 4040.155235	 -89.865768 	 -95.327265
 4055.049476	 -149.371561	 -154.888020
 4055.039913	 108.496681 	 102.967559
 4070.138985	 -42.733967 	 -48.296096
 4070.137484	 -149.028525	 -154.583129
 4085.045014	 -56.147783 	 -61.745974
 4085.038751	 -7.586989  	 -13.179621
 4100.130539	 48.215904  	 42.570999
 4100.133244	 128.348285 	 122.715035
 4115.033961	 112.169853 	 106.485736
 4115.022838	 -122.465524	 -128.160979
 4130.124032	 -144.777354	 -150.504628
 4130.126017	 -178.327557	 175.946623
 4145.013611	 -116.771227	 -122.541314
 4145.020557	 -158.835689	 -164.608701
 4160.095068	 4.571141   	 -1.258939
 4160.111195	 107.254902 	 101.439634
 4175.011364	 139.980149 	 134.125663
 4175.014807	 -179.976128	 174.163697
 4190.086862	 -62.643302 	 -68.556433
 4190.089921	 99.458867  	 93.540605
 4204.991845	 -148.438049	 -154.400431
 4205.007265	 90.602902  	 84.653595
 4220.076063	 77.100087  	 71.085690
 4220.081122	 -119.725991	 -125.746548
 4234.976673	 -37.505820 	 -43.565213
 4234.987351	 -145.821317	 -151.867448
 4250.072454	 91.673450  	 85.571817
 4265.161776	 146.334250 	 140.186259
 4265.164943	 -114.789189	 -120.931290
 4280.060873	 -149.820969	 -156.027515
 4280.058282	 -125.389458	 -131.597284
 4295.146772	 3.724456   	 -2.530480
 4295.157536	 -10.637368 	 -16.879034
 4310.046976	 112.638133 	 106.345403
 4310.047645	 -93.260261 	 -99.565948
 4325.138716	 -134.146232	 -140.493210
 4325.139785	 179.069227 	 172.721263
 4340.048370	 25.923430  	 19.542368
 4340.045131	 -147.668830	 -154.060702
 4355.133102	 165.694802 	 159.263271
 4355.122149	 -120.201260	 -126.660877
 4370.030694	 24.877763  	 18.381033
 4370.028994	 -78.518548 	 -85.013421
 4374.022665	 -141.189915	 -147.644461
 4385.122787	 106.063624 	 99.493467
 4400.027607	 53.260984  	 46.671690
 4400.019878	 -170.890014	 -177.493453
 4415.109225	 -113.039184	 -119.690193
 4415.110213	 76.331361  	 69.673528
 4430.001395	 -85.933132 	 -92.646463
 4430.011820	 -54.443703 	 -61.143990
 4445.096887	 -12.509069 	 -19.268694
 4445.087012	 31.148154  	 24.384065
 4459.994568	 31.584085  	 24.770762
 4459.997207	 -86.484269 	 -93.293727
 4475.086225	 175.647623 	 168.781830
 4475.083224	 -25.045970 	 -31.921169
 4490.176163	 -68.532185 	 -75.456905
 4490.168236	 33.935070  	 27.007106
 4505.079227	 -152.446774	 -159.422404
 4505.066010	 177.953965 	 170.972487
 4520.158407	 -78.546669 	 -85.570284
 4520.162524	 -76.820520 	 -83.860699
 4535.060390	 -139.313512	 -146.402010
 4535.067097	 -5.174054  	 -12.263425
 4550.149510	 166.797160 	 159.657360
 4550.152750	 -150.606855	 -157.750211
 4565.041540	 -62.276726 	 -69.493695
 4565.058267	 77.549796  	 70.346087
 4580.132504	 135.017458 	 127.755138
 4580.150068	 177.416644 	 170.147243
 4595.036432	 49.071092  	 41.746978
 4595.036153	 127.240938 	 119.905786
 4610.121402	 -145.095457	 -152.491395
 4610.134551	 -90.065958 	 -97.443420
 4625.029256	 28.137859  	 20.697180
 4625.043677	 -39.302560 	 -46.732587
 4640.113596	 141.894017 	 134.385139
 4640.123892	 3.754002   	 -3.737608
 4655.019562	 -18.783184 	 -26.344277
 4655.022078	 141.127893 	 133.573390
 4670.101630	 -86.971303 	 -94.603185
 4670.109205	 28.884352  	 21.256666
 4685.007515	 -178.343070	 173.976659
 4685.010393	 -112.357781	 -120.040284
 4700.090795	 -17.565976 	 -25.313128
 4700.091302	 173.806581 	 166.058129
 4714.993688	 -89.021589 	 -96.839276
 4715.002655	 -43.331451 	 -51.140317
 4730.088818	 5.607229   	 -2.266124
 4730.095528	 169.177791 	 161.320358
 4745.169312	 26.598317  	 18.656593
 4745.172971	 -164.487147	 -172.431980
 4760.075582	 18.031433  	 10.025730
 4760.083192	 -91.321918 	 -99.319043
 4775.155126	 101.087862 	 93.007660
 4775.155684	 -115.944778	 -124.035224
 4790.065877	 -134.518924	 -142.647479
 4790.059565	 -82.991349 	 -91.113598
 4805.148360	 98.986551  	 90.791750
 4805.154854	 -2.067835  	 -10.270263
 4820.044539	 -12.720225 	 -20.990851
 4820.066301	 46.734940  	 38.471343
 4835.137564	 -59.812583 	 -68.145447
 4835.131439	 -119.753129	 -128.096980
 4850.040450	 -142.540424	 -150.942113
 4850.044912	 -55.797684 	 -64.195657
 4865.122585	 168.960663 	 160.478345
 4880.029491	 156.914621 	 148.367830
 4880.028653	 15.582346  	 7.034737
 4895.115470	 164.197622 	 155.579923
 4895.120214	 20.220449  	 11.620743
 4910.019987	 -6.278022  	 -14.965322
 4910.019253	 -0.139871  	 -8.815776
 4925.113172	 23.780810  	 15.022312
 4925.105168	 -49.591987 	 -58.344700
 4940.007645	 139.931897 	 131.096256
 4940.006567	 -28.773069 	 -37.603728
 4955.097697	 171.252163 	 162.363784
 4955.095635	 7.291916   	 -1.608099
 4969.991900	 -15.298542 	 -24.268065
 4969.991119	 -37.800784 	 -46.776739
 4985.088831	 126.072370 	 117.022802
 4985.077367	 59.417994  	 50.379600
 5000.183383	 141.109484 	 132.003984
 5000.179392	 -174.717633	 176.174092
 5015.075595	 -117.967282	 -127.170415
 5015.082442	 80.727235  	 71.535934
 5030.158799	 98.482860  	 89.209697
 5030.159582	 6.161290   	 -3.125233
 5045.060393	 142.052309 	 132.700304
 5045.064399	 168.596376 	 159.252271
 5060.149273	 114.583200 	 105.152705
 5060.151163	 -139.331329	 -148.757028
 5075.053685	 -68.023839 	 -77.532310
 5090.142162	 147.054641 	 137.468480
 5090.138479	 20.121076  	 10.526352
 5105.043249	 -106.462160	 -116.116026
 5105.039855	 136.842368 	 127.168589
 5120.131087	 80.536982  	 70.787776
 5120.130161	 102.275190 	 92.514178
 5135.032227	 9.237249   	 -0.588401
 5135.034959	 -148.532556	 -158.359801
 5150.114091	 -138.514428	 -148.421622
 5150.129195	 -43.433897 	 -53.337728
 5165.024562	 15.318016  	 5.326889
 5165.020980	 102.248991 	 92.250998
 5180.111419	 -126.890607	 -136.969775
 5180.101567	 71.821506  	 61.735845
 5195.008142	 -48.392479 	 -58.546514
 5195.003141	 29.761638  	 19.576033
 5210.095162	 122.162012 	 111.907376
 5210.099446	 168.666064 	 158.399791
 5225.187299	 121.631698 	 111.303890
 5240.084530	 65.951403  	 55.519504
 5240.092473	 -146.209228	 -156.638109
 5255.161757	 159.811894 	 149.281054
 5255.169285	 -33.658950 	 -44.178304
 5270.079188	 -107.896288	 -118.506011
 5270.076382	 115.441255 	 104.838286
 5285.161790	 146.442262 	 135.741898
 5285.166954	 161.693899 	 150.992110
 5300.060643	 39.649378  	 28.854627
 5300.064503	 -43.907357 	 -54.696585
 5315.154833	 -12.799803 	 -23.681559
 5315.158917	 122.409692 	 111.530502
 5330.058092	 112.878066 	 101.907287
 5330.046724	 86.804842  	 75.821222
 5345.141532	 -44.011057 	 -55.079568
 5347.699645	 -144.476503	 -155.501706
 5360.044654	 -39.527253 	 -50.689447
 5375.136519	 41.602451  	 30.337212
 5375.126360	 82.150075  	 70.880569
 5390.028826	 164.733031 	 153.391214
 5390.019923	 116.845885 	 105.480902
 5405.107189	 -52.481282 	 -63.947412
 5405.118644	 1.605142   	 -9.851002
 5420.019538	 -56.058924 	 -67.613079
 5420.014337	 173.099244 	 161.525379
 5435.109486	 79.362638  	 67.709153
 5435.110483	 -136.952606	 -148.619438
 5450.015813	 -53.766996 	 -65.523092
 5450.008392	 -150.912692	 -162.679099
 5465.102664	 -98.458908 	 -110.322638
 5465.098863	 67.986385  	 56.129502
 5480.178552	 -65.758279 	 -77.722286
 5495.088434	 90.741980  	 78.677662
 5495.085335	 125.615775 	 113.542583
 5510.179504	 -107.609469	 -119.773495
 5510.171705	 -65.365631 	 -77.542007
 5525.075536	 26.196605  	 13.924438
 5525.072666	 -47.697001 	 -59.982866
 5540.174775	 -155.679621	 -168.058882
 5540.169072	 0.873035   	 -11.504786
 5555.058874	 33.329741  	 20.826179
 5555.074040	 -95.602874 	 -108.100302
 5570.144226	 -169.563681	 177.832621
 5570.155140	 -113.052714	 -125.654706
 5585.050881	 149.914715 	 137.205107
 5600.143860	 -28.378984 	 -41.197262
 5600.142072	 -167.130270	 -179.946392
 5615.043634	 144.489705 	 131.564038
 5615.047256	 -29.565014 	 -42.503199
 5630.126142	 -46.528392 	 -59.588333
 5630.142147	 -155.036728	 -168.070710
 5645.029021	 117.609837 	 104.452880
 5645.029465	 38.690518  	 25.527700
 5660.121815	 -72.999055 	 -86.281097
 5660.118159	 -123.179604	 -136.462109
 5675.022001	 176.074292 	 162.673244
 5675.029730	 -159.087634	 -172.473262
 5690.110787	 -109.502657	 -123.019796
 5705.009343	 -118.759518	 -132.394786
 5705.008444	 -81.673665 	 -95.312969
 5720.092227	 -144.117856	 -157.866473
 5720.104121	 -161.261783	 -175.014046
 5735.180280	 82.534069  	 68.651603
 5735.184666	 -156.271864	 -170.147940
 5750.092383	 163.844836 	 149.850968
 5750.089281	 42.399951  	 28.409873
 5765.174031	 -118.927352	 -133.045037
 5765.172083	 38.167898  	 24.040183
 5780.080045	 -150.211877	 -164.460923
 5795.168109	 33.358707  	 18.990722
 5795.168992	 -18.978293 	 -33.339636
 5810.073048	 -82.120389 	 -96.613492
 5810.072523	 -175.120187	 170.386423
 5825.145518	 62.511014  	 47.878754
 5825.149903	 -11.761018 	 -26.389252
 5840.058235	 -49.367511 	 -64.117487
 5840.051229	 80.108460  	 65.340917
 5855.143477	 -111.206802	 -126.100721
 5862.735404	 -119.899680	 -134.722382
 5870.035581	 137.927979 	 122.897747
 5885.142411	 74.427913  	 59.281299
 5885.134870	 63.832599  	 48.675558
 5900.034262	 148.074308 	 132.792144
 5900.034436	 -6.608319  	 -21.912720
 5915.121286	 -67.300573 	 -82.735498
 5915.124879	 -55.454011 	 -70.886573
 5930.020944	 -11.948832 	 -27.517885
 5930.023443	 -72.813148 	 -88.377755
 5945.111485	 110.407460 	 94.714922
 5945.104412	 139.296086 	 123.589983
 5960.201864	 -170.862299	 173.291472
 5975.097607	 -35.253376 	 -51.240041
 5975.093111	 -12.291327 	 -28.283213
 5990.187761	 -79.159904 	 -95.283795
 5990.185928	 157.658092 	 141.534301
 6005.088607	 -31.421018 	 -47.687802
 6005.083155	 147.889475 	 131.608920
 6020.172409	 -81.544103 	 -97.957960
 6020.175032	 -166.764383	 176.818729
 6035.069568	 -20.343109 	 -36.914053
 6035.085386	 78.309645  	 61.760258
 6050.165492	 7.455552   	 -9.245075
 6050.162921	 -117.766004	 -134.473610
 6065.063234	 -168.646500	 174.496435
 6080.151433	 18.330985  	 1.330724
 6080.157200	 18.709366  	 1.706820
 6095.057966	 -29.749289 	 -46.892103
 6095.053492	 -30.358535 	 -47.511547
 6110.145136	 76.634710  	 59.346243
 6110.144157	 147.814111 	 130.510030
 6125.036491	 -58.666016 	 -76.130596
 6140.131531	 73.631561  	 56.028742
 6140.127194	 -155.492746	 -173.100479
 6155.024810	 44.988513  	 27.223957
 6155.035397	 18.715024  	 0.950322
 6170.122156	 171.986478 	 154.076562
 6170.121331	 32.431754  	 14.520240
 6185.023585	 100.308633 	 82.240409
 6200.109293	 176.724060 	 158.501033
 6200.109812	 -132.919432	 -151.144806
 6215.202822	 109.673701 	 91.295547
 6215.206918	 -178.807642	 162.816732
 6230.098378	 99.177743  	 80.628631
 6230.103424	 -166.487351	 174.972647
 6245.184917	 176.643263 	 157.933161
 6245.184765	 -12.514495 	 -31.225201
 6260.090341	 -123.595018	 -142.458455
 6260.087043	 176.570875 	 157.706570
 6275.181703	 -76.813939 	 -95.833887
 6290.076483	 49.976832  	 30.790570
 6290.079833	 -109.944781	 -129.126844
 6305.163273	 121.056845 	 101.715238
 6305.163378	 2.012886   	 -17.339123
 6320.067691	 -178.854684	 161.634280
 6320.064507	 -154.582067	 -174.090739
 6335.148442	 63.269144  	 43.581266
 6335.152793	 -99.637153 	 -119.319481
 6350.058750	 162.987580 	 143.146821
 6365.138638	 69.115623  	 49.103875
 6365.149397	 60.731423  	 40.723516
 6380.047527	 -166.718493	 173.108977
 6380.048835	 -34.143713 	 -54.299898
 6395.135342	 136.753067 	 116.435933
 6395.131372	 37.897175  	 17.554450
 6410.044327	 110.732590 	 90.242912
 6410.031928	 114.413641 	 93.923113
 6425.116283	 81.994779  	 61.329873
 6440.026520	 163.444889 	 142.626669
 6440.021472	 -77.123241 	 -97.952884
 6455.109443	 -24.852268 	 -45.834912
 6455.108415	 -31.358144 	 -52.346009
 6470.201444	 -20.037154 	 -41.183604
 6470.200097	 90.843370  	 69.689331
 6485.094222	 -169.672752	 169.007661
 6485.105154	 -74.157261 	 -95.459437
 6500.186113	 161.122158 	 139.654301
 6515.088896	 89.680121  	 68.050559
 6515.083500	 11.206507  	 -10.433488
 6530.180713	 139.112685 	 117.326140
 6530.168688	 -119.876461	 -141.670432
 6545.080452	 -75.572343 	 -97.505820
 6545.083724	 -93.892863 	 -115.835789
 6560.162854	 -4.380568  	 -26.479409
 6560.164921	 31.375714  	 9.266377
 6575.072004	 71.972669  	 49.715364
 6590.157868	 142.817164 	 120.415198
 6590.151119	 -116.951050	 -139.354820
 6605.064838	 27.097802  	 4.549837
 6605.068953	 -130.937997	 -153.493231
 6620.143644	 166.395634 	 143.695253
 6620.145260	 58.207660  	 35.500836
 6635.050056	 -34.037200 	 -56.885290
 6650.138450	 36.477867  	 13.496580
 6650.129441	 119.194808 	 96.202738
 6665.031285	 -176.067424	 160.807137
 6665.034403	 -123.007171	 -146.139134
 6680.121075	 -10.673592 	 -33.925460
 6680.119045	 -112.336870	 -135.597454
 6695.205106	 109.101354 	 85.707422
 6695.209977	 176.461653 	 153.069515
 6710.109458	 101.479664 	 77.967098
 6725.201927	 42.872155  	 19.247303
 6725.197003	 -115.935139	 -139.567678
 6740.100870	 31.738387  	 8.003570
 6740.102370	 49.238202  	 25.507943
 6755.185954	 -22.204391 	 -46.061193
 6755.185086	 -130.878451	 -154.724492
 6770.085208	 136.097508 	 112.157700
 6770.673406	 -118.140461	 -142.019745
 6785.181545	 150.769950 	 126.746311
 6800.082883	 60.440216  	 36.317630
 6800.082775	 -12.170180 	 -36.284147
 6815.170819	 137.346143 	 113.151268
 6815.165522	 85.974143  	 61.770802
 6830.069536	 -39.891038 	 -64.154881
 6830.064220	 153.607143 	 129.340127
 6845.159805	 68.774884  	 44.456789
 6845.160458	 -169.513406	 166.192330
 6860.061713	 64.684118  	 40.325169
 6875.149233	 -31.951160 	 -56.334639
 6875.145110	 157.619982 	 133.219828
 6890.043296	 -83.760199 	 -108.180291
 6890.049774	 -64.301735 	 -88.708300
 6905.138054	 -41.312996 	 -65.740245
 6905.131976	 43.401200  	 18.967963
 6920.040542	 -179.519422	 156.067377
 6935.120115	 171.235299 	 146.840298
 6935.123365	 -125.454795	 -149.840837
 6950.210015	 -69.370357 	 -93.736017
 6950.213383	 -61.407141 	 -85.763116
 6965.110339	 -162.766544	 172.926989
 6965.113734	 125.957377 	 101.644467
 6980.201141	 146.767945 	 122.551918
 6995.102721	 74.381333  	 50.248178
 6995.100542	 23.913735  	 -0.210365
 7010.190398	 29.881583  	 5.862576
 7010.192744	 -42.679095 	 -66.698207
 7025.093266	 55.971979  	 32.082653
 7025.087781	 50.383873  	 26.494319
 7040.178036	 147.485620 	 123.754697
 7055.084872	 -136.093290	 -159.638831
 7055.082132	 -24.394977 	 -47.921599
 7070.176513	 119.282749 	 95.959057
 7070.169401	 -103.774000	 -127.088935
 7085.068316	 -99.053412 	 -122.136356
 7085.067469	 -60.263308 	 -83.338892
 7100.153264	 -87.706171 	 -110.515973
 7115.057714	 -31.805338 	 -54.313747
 7115.059401	 168.723539 	 146.208784
 7130.152074	 -69.377511 	 -91.540860
 7130.149975	 159.739233 	 137.601763
 7145.049465	 111.496718 	 89.742118
 7145.046081	 -168.097017	 170.100086
 7160.136842	 123.844599 	 102.489434
 7175.037885	 -101.933753	 -122.834077
 7175.035604	 162.675368 	 141.776973
 7190.131692	 170.852605 	 150.427895
 7190.119360	 90.915051  	 70.497715
 7205.211832	 16.935464  	 -2.926300
 7205.207358	 -131.853084	 -151.721123
 7220.110291	 2.033403   	 -17.273798
 7235.202279	 -23.229332 	 -41.904942
 7235.208946	 148.955803 	 130.303865
 7250.103802	 101.428682 	 83.445309
 7250.102284	 -62.794631 	 -80.746048
 7265.184939	 -170.376792	 172.379843
 7265.187528	 102.833787 	 85.615744
 7280.087912	 -88.606083 	 -105.047659
 7280.095810	 -13.570403 	 -29.994767
 7295.175841	 46.850302  	 31.263410
 7310.084386	 -169.006671	 176.291918
 7310.074412	 -17.524790 	 -32.215942
 7325.165539	 0.548521   	 -13.183838
 7325.169327	 90.274799  	 76.559749
 7340.074852	 91.672366  	 78.960235
 7355.160691	 -115.349897	 -126.994317
 7355.164062	 135.045200 	 123.445402
 7370.053071	 -167.836898	 -178.367624
 7370.054178	 111.264174 	 100.764752
 7385.148591	 -30.410140 	 -39.718642
 7385.147747	 -51.515430 	 -60.804988
 7400.045994	 127.525090 	 119.442745
 7400.046176	 92.837430  	 84.778137
 7415.131161	 105.106107 	 98.324733
 7430.222178	 -104.643834	 -110.075559
 7430.217922	 -30.042896 	 -35.456609
 7445.126943	 -177.433123	 178.559436
 7445.126664	 94.907909  	 90.909673
 7460.216055	 -95.833674 	 -98.374871
 7475.110714	 93.379872  	 92.301265
 7475.115567	 -130.765919	 -131.808275
 7490.204598	 98.270448  	 98.741970
 7490.197661	 64.890370  	 65.374409
 7505.105382	 -77.442127 	 -75.422181
 7505.100516	 -101.055545	 -99.021028
 7520.193136	 -151.181321	 -147.556094
 7535.090546	 31.327963  	 36.546801
 7535.088295	 -11.453075 	 -6.246480
 7550.175881	 115.874030 	 122.708687
 7550.172400	 -33.099355 	 -26.257774
 7565.080963	 32.254149  	 40.715740
 7580.167979	 -175.723671	 -165.632669
 7580.164266	 -56.629138 	 -46.551696
 7595.064524	 -50.203499 	 -38.504727
 7595.068904	 75.764297  	 87.453926
 7610.157694	 -108.380433	 -95.104075
 7610.157953	 -136.868677	 -123.593893
 7625.053671	 6.023190   	 20.836369
 7640.144711	 84.408930  	 100.795785
 7640.151744	 -58.987566 	 -42.625810
 7655.045254	 -176.182649	 -158.344792
 7655.049618	 -50.547138 	 -32.687052
 7670.135067	 -91.051679 	 -71.739521
 7685.227104	 -19.188824 	 1.573096
 7685.222925	 -33.526443 	 -12.786269
 7700.126613	 -85.685843 	 -63.549629
 7700.129565	 -15.082012 	 7.024950
 7715.210928	 -9.442233  	 13.981136
 7715.217039	 112.904942 	 136.354495
 7730.110158	 -6.387302  	 18.307640
 7745.202449	 58.666339  	 84.559030
 7745.201014	 -63.759825 	 -37.863034
 7760.097066	 160.981425 	 -171.967585
 7760.101913	 159.711989 	 -173.230147
 7775.191637	 -117.510979	 -89.378534
 7790.092042	 31.914921  	 61.119404
 7790.094389	 -22.036245 	 7.161735
 7805.189234	 59.258956  	 89.454726
 7805.173439	 31.450444  	 61.643136
 7820.078745	 8.244306   	 39.380947
 7835.172145	 78.110761  	 110.133795
 7835.170907	 -69.024968 	 -37.002327
 7850.064252	 120.882082 	 153.730186
 7850.076483	 -19.399638 	 13.476504
 7865.158231	 113.248042 	 146.894000
 7865.156389	 81.943891  	 115.586181
 7880.061037	 -133.595123	 -99.202389
 7895.143154	 80.781898  	 115.856619
 7895.146113	 -22.374231 	 12.694395
 7910.049694	 -89.253127 	 -53.545324
 7910.046251	 128.013422 	 163.718186
 7925.140621	 -3.325373  	 32.978696
 7940.222618	 -64.165301 	 -27.316881
 7940.226351	 -81.614346 	 -44.757156
 7955.126448	 -29.334102 	 8.046139
 7955.125746	 150.318322 	 -172.285678
 7970.212104	 159.774266 	 -162.369775
 7985.116413	 -32.655216 	 5.653205
 7985.123369	 -103.268806	 -64.962621
 8000.190996	 -176.927282	 -138.203337
 8000.196966	 134.614489 	 173.324946
 8015.104674	 147.403317 	 -173.504033
 8030.187129	 176.250287 	 -144.310924
 8030.191072	 59.524753  	 98.991050
 8045.091936	 11.940465  	 51.704016
 8045.096467	 -153.276205	 -113.487191
 8060.176087	 -92.127711 	 -52.064788
 8075.089216	 111.337105 	 151.688621
 8075.083714	 106.306359 	 146.633630
 8090.164389	 -101.495760	 -60.919067
 8090.171364	 147.602344 	 -171.837709
 8105.071687	 -62.404205 	 -21.616660
 8120.162108	 33.380422  	 74.363797
 8120.161573	 165.935760 	 -153.076394
 8135.061834	 -152.661492	 -111.487097
 8135.055649	 41.200347  	 82.354587
 8150.146935	 47.572940  	 88.899653
 8165.241814	 33.164962  	 74.630758
 8165.229132	 16.476734  	 57.961568
 8180.138355	 101.130975 	 142.729467
 8180.127837	 -26.639159 	 14.940292
 8195.217200	 31.207927  	 72.917516
 8210.124434	 172.732518 	 -145.483106
 8210.125854	 -57.750097 	 -15.953916
 8225.209516	 -109.798627	 -67.935654
 8225.210670	 -157.467787	 -115.594929
 8240.126677	 66.399816  	 108.334934
 8255.209292	 -30.550397 	 11.429837
 8255.199279	 -0.190281  	 41.788853
 8270.101270	 -131.884053	 -89.862517
 8270.110386	 129.937593 	 171.981810
 8285.193185	 -15.314650 	 26.735984
 8286.663842	 -111.770808	 -69.657635
 8300.098816	 167.807723 	 -150.125981
 8315.178842	 115.198265 	 157.265734
 8315.178836	 147.738308 	 -170.190277
 8330.083377	 -23.800319 	 18.280367
 8330.093578	 99.590446  	 141.672714
 8345.180050	 96.386466  	 138.470211
 8360.071227	 -119.354774	 -77.302783
 8360.067024	 52.402374  	 94.443359
 8375.156268	 154.398643 	 -163.573863
 8375.158448	 -143.639721	 -101.629943
 8390.064654	 -69.353199 	 -27.352675
 8405.149479	 167.709046 	 -150.333375
 8405.152699	 -34.140474 	 7.815837
 8420.236443	 -46.798823 	 -4.891959
 8435.140654	 137.412924 	 179.250438
 8435.139114	 -73.360501 	 -31.504747
 8450.231484	 177.349847 	 -140.843021
 8450.227826	 142.437223 	 -175.757163
 8465.130179	 -131.350582	 -89.603909
 8480.219406	 -77.208332 	 -35.534928
 8480.219868	 -7.245699  	 34.432199
 8495.110871	 -101.563580	 -59.972190
 8495.115882	 -52.143689 	 -10.549565
 8510.203031	 58.071610  	 99.601606
 8525.098665	 -58.317761 	 -16.887139
 8525.101380	 -102.912766	 -61.471187
 8540.192049	 -5.232566  	 36.137338
 8540.194369	 49.047554  	 90.409557
 8555.087992	 -125.971560	 -84.702035
 8570.173972	 -143.551009	 -102.366658
 8570.174173	 113.518333 	 154.698028
 8585.086611	 -7.294495  	 33.801637
 8585.078488	 -103.978013	 -62.875805
 8600.173785	 104.578488 	 145.577409
 8615.070437	 52.061863  	 92.952845
 8615.078003	 97.601511  	 138.503171
 8630.159413	 118.642103 	 159.443908
 8645.059520	 79.988879  	 120.682296
 8645.062167	 -95.454499 	 -54.758451
 8660.151738	 117.842878 	 158.439929
 8660.146933	 -81.256106 	 -40.663510
 8675.238381	 140.334612 	 -179.169574
 8690.133363	 -23.547261 	 16.822307
 8690.144531	 11.796230  	 52.185426
 8705.222837	 59.216272  	 99.486471
 8720.122340	 -111.381246	 -71.225196
 8720.126228	 13.906386  	 54.069368
 8735.209563	 110.559673 	 150.596207
 8735.221614	 18.315346  	 58.368253
 8750.120833	 48.310574  	 88.260415
 8765.206236	 69.683676  	 109.505908
 8765.211007	 -160.630097	 -120.807107
 8780.099873	 -111.097096	 -71.385671
 8795.190906	 -175.018093	 -135.437748
 8795.190497	 36.987203  	 76.582374
 8810.091995	 53.861648  	 93.342878
 8810.104195	 -131.324699	 -91.846072
 8825.175709	 -122.822992	 -83.476911
 8840.089863	 -150.371474	 -111.135198
 8840.086169	 162.630036 	 -158.129435
 8855.172870	 -54.815540 	 -15.697598
 8870.076691	 -8.411762  	 30.578450
 8870.073645	 -63.415341 	 -24.411568
 8885.161216	 -171.553914	 -132.673304
 8885.163366	 69.830877  	 108.717524
 8900.245319	 -81.167435 	 -42.417410
 8915.155437	 130.646376 	 169.285369
 8915.148816	 -167.689185	 -129.044772
 8930.237688	 28.358569  	 66.868371
 8945.137238	 118.533131 	 156.927809
 8945.139252	 46.186848  	 84.574359
 8960.227242	 -20.724548 	 17.542891
 8975.125488	 31.777798  	 69.920591
 8975.124395	 58.562291  	 96.722394
 8990.223401	 -157.689658	 -119.643445
 8990.223072	 -175.818675	 -137.782765
 9005.112919	 131.293530 	 169.206091
 9020.204605	 -86.011730 	 -48.211278
 9020.204268	 -131.958089	 -94.159636
 9035.099465	 89.106055  	 126.776230
 9050.197067	 132.286811 	 169.840382
 9050.192807	 129.475119 	 167.033781
 9065.091241	 83.109146  	 120.542541
 9080.183443	 78.202697  	 115.494746
 9080.173544	 -21.911508 	 15.386174
 9095.086981	 -121.569877	 -84.372690
 9095.088499	 143.241629 	 -179.539065
 9110.175133	 -64.672685 	 -27.586950
 9125.079638	 118.284365 	 155.246473
 9125.076100	 30.305062  	 67.266826
 9140.165849	 19.214585  	 56.062145
 9155.245700	 64.444795  	 101.144640
 9155.240225	 -58.193300 	 -21.477866
 9170.146901	 -11.463099 	 25.138898
 9185.247802	 113.992905 	 150.480707
 9185.242952	 101.143470 	 137.638127
 9200.142190	 107.482881 	 143.852218
 9200.138189	 -178.988949	 -142.618213
 9215.224754	 -121.325754	 -85.076338
 9230.128444	 67.025711  	 103.158203
 9230.119308	 120.948496 	 157.084626
 9245.220253	 16.058548  	 52.085918
 9260.119714	 64.686649  	 100.584578
 9260.126198	 46.013449  	 81.938290
 9275.207498	 -16.596057 	 19.201821
 9290.110536	 77.206898  	 112.896953
 9290.110485	 176.897213 	 -147.407534
 9305.194678	 -34.401858 	 1.171605
 9320.094667	 -31.645617 	 3.815404
 9320.092914	 164.381755 	 -160.155820
 9335.182809	 85.183193  	 120.539042
 9335.189922	 -171.249515	 -135.886810
 9350.085829	 -62.766671 	 -27.518886
 9365.174101	 128.867478 	 164.003856
 9365.179402	 -78.081705 	 -42.934574
 9380.081829	 12.525034  	 47.558386
 9395.160920	 -92.964076 	 -58.043255
 9395.167487	 -44.626691 	 -9.707083
 9410.249932	 -43.671531 	 -8.856034
 9425.155445	 149.219410 	 -176.083565
 9425.156056	 -78.586062 	 -43.860668
 9440.234904	 107.377812 	 141.979474
 9440.242640	 -74.397353 	 -39.788285
 9455.137272	 135.769174 	 170.264718
 9470.233693	 -16.399803 	 18.001342
 9470.232838	 136.625157 	 171.026382
 9485.132918	 -5.783135  	 28.510984
 9500.217326	 13.919670  	 48.107500
 9500.217782	 -99.467201 	 -65.277155
 9515.116444	 141.619928 	 175.702095
 9530.207093	 -16.390068 	 17.594543
 9530.211088	 38.119954  	 72.098609
 9545.105920	 171.323825 	 -154.792689
 9560.198914	 43.407222  	 77.205848
 9560.205416	 -107.724638	 -73.924319
 9575.098963	 -90.589977 	 -56.908017
 9590.186152	 -174.511263	 -140.919539
 9590.187601	 160.661333 	 -165.740721
 9605.085672	 -153.752046	 -120.269714
 9605.085642	 -165.789389	 -132.290555
 9620.175671	 146.640011 	 -179.973791
 9635.269712	 -52.412150 	 -19.119621
 9635.259868	 -105.142520	 -71.855356
 9650.166663	 -34.376346 	 -1.170631
 9665.252519	 64.849580  	 97.953164
 9665.250244	 100.633669 	 133.744013
 9680.148413	 -57.866472 	 -24.854815
 9695.239926	 -104.143516	 -71.230126
 9695.239226	 47.546864  	 80.471116
 9710.141933	 -169.723180	 -136.899206
 9725.229139	 110.667082 	 143.397915
 9725.224922	 -66.799165 	 -34.068242
 9740.135236	 17.791824  	 50.450408
 9755.214821	 74.048743  	 106.587452
 9755.212966	 4.364440   	 36.917659
 9770.120591	 147.225209 	 179.686711
 9775.640297	 27.350974  	 59.941594
 9785.200204	 123.039524 	 155.409240
 9800.107741	 -168.475936	 -136.182990
 9800.099678	 -36.589832 	 -4.307275
 9815.186773	 -4.582959  	 27.607457
 9830.096720	 -5.945344  	 26.170629
 9830.097837	 -60.424026 	 -28.313724
 9845.179638	 73.361218  	 105.388514
 9860.090495	 19.326112  	 51.277313
 9860.088483	 -1.379201  	 30.571516
 9875.171857	 67.989082  	 99.853312
 9890.256270	 173.841539 	 -154.387654
 9890.267933	 -172.477004	 -140.688462
 9905.160106	 15.942399  	 47.629104
 9920.253576	 -100.130854	 -68.531974
 9920.248040	 101.415217 	 133.024029
 9935.153337	 177.671384 	 -150.792442
 9950.243695	 -136.459550	 -105.003064
 9950.245109	 -49.699960 	 -18.249306
 9965.135518	 -42.992352 	 -11.636876
 9980.229400	 29.739180  	 61.041644
 9980.222818	 -5.833459  	 25.452312
 9995.124767	 65.487900  	 96.679878
10010.228114	 -97.669246 	 -66.535877
10010.201778	 -159.310497	 -128.201862
10025.120285	 -3.761288  	 27.295096
10040.202712	 -152.503611	 -121.531523
10040.209726	 -47.560644 	 -16.583059
10055.102428	 123.113230 	 154.009527
10070.206470	 -19.026316 	 11.806858
10070.202084	 -7.484120  	 23.341338
10085.105709	 158.336759 	 -170.898392
10100.185447	 22.165504  	 52.835404
10100.186151	 23.151981  	 53.833801
10115.088326	 101.537217 	 132.145753
10130.173463	 97.125701  	 127.658187
10130.169871	 126.009586 	 156.543220
10145.263837	 -3.607654  	 26.854321
10160.164496	 78.364258  	 108.757212
10160.165755	 -84.283909 	 -53.884257
10175.262684	 20.082587  	 50.428175
10190.155021	 -82.203648 	 -51.959456
10190.158490	 7.634779   	 37.899279
10205.239938	 -41.846169 	 -11.666693
10220.134498	 135.309619 	 165.405790
10220.141961	 -123.722355	 -93.612802
10235.227392	 17.394517  	 47.438343
10250.134592	 -44.972772 	 -14.989537
10250.131664	 98.949602  	 128.929995
10265.220426	 85.836670  	 115.744400
10280.117348	 -147.124111	 -117.288446
10280.119400	 103.678938 	 133.517045
10295.212067	 -16.189494 	 13.596732
10310.111415	 -159.154387	 -129.443697
10310.107094	 49.659331  	 79.371538
10325.197155	 156.150156 	 -174.199099
10340.099372	 -36.740584 	 -7.161526
10340.096652	 -49.470419 	 -19.885391
10355.185112	 -9.104845  	 20.410084
10370.273222	 -115.751752	 -86.292404
10370.284720	 -39.114217 	 -9.636000
10385.183330	 132.285809 	 161.683820
10400.272868	 100.397286 	 129.733074
10415.162393	 -116.307900	 -87.029347
10415.160439	 73.215512  	 102.479311
10430.258077	 -44.500690 	 -15.285602
10445.153002	 172.519078 	 -158.338212
10445.154321	 101.132266 	 130.289306
10460.244664	 69.556357  	 98.650627
10475.139156	 -135.943845	 -106.921617
10475.150594	 96.689767  	 125.724076
10490.230299	 -94.848166 	 -65.883930
10505.135245	 -80.989231 	 -52.078099
10505.128531	 -90.445668 	 -61.546367
10520.229563	 47.904200  	 76.764801
10535.125296	 14.080870  	 42.884968
10535.117311	 32.860234  	 61.654190
10550.208220	 41.954971  	 70.703885
10565.109821	 65.568503  	 94.246819
10565.112580	 -92.874004 	 -64.182549
10580.194448	 151.767352 	 -179.616287
10595.097027	 139.346062 	 167.914664
10610.184281	 36.923370  	 65.424076
10610.183852	 149.804961 	 178.320576
10625.278300	 105.160617 	 133.619156
10640.171918	 157.152799 	 -174.441930
10640.174917	 -61.655602 	 -33.260643
10655.267872	 30.144645  	 58.499625
10670.170459	 122.673810 	 150.980718
10670.159580	 84.289353  	 112.583828
10685.255819	 -168.494599	 -140.252451
10700.159671	 -170.031013	 -141.837895
10700.162770	 146.974761 	 175.178018
10715.241123	 96.509445  	 124.647742
10730.142698	 34.037822  	 62.137304
10730.138591	 151.040330 	 179.123537
10745.227017	 -60.022210 	 -31.979131
10760.137587	 -43.707191 	 -15.711987
10775.213763	 -91.076175 	 -63.141084
10775.226939	 -42.868337 	 -14.918162
10790.126952	 -91.530161 	 -63.639334
10805.211175	 -63.600598 	 -35.762350
10805.211918	 -16.378769 	 11.465797
10820.110756	 30.093443  	 57.887683
10835.203669	 9.101667   	 36.851767
10835.200361	 135.312727 	 163.062281
10850.101552	 30.014369  	 57.709766
10865.190771	 39.032563  	 66.687092
10880.275347	 -172.240607	 -144.644257
10880.282930	 -63.990375 	 -36.387542
10895.172339	 -90.612678 	 -63.069406
10910.267422	 -28.228575 	 -0.721132
10910.257432	 -110.914534	 -83.423229
10925.170801	 -42.006178 	 -14.542364
10940.255709	 -83.067657 	 -55.654897
10942.795384	 -62.947408 	 -35.497906
10955.164139	 41.765221  	 69.137202
10970.246367	 -46.059000 	 -18.723390
10985.147141	 147.701088 	 174.988193
10985.161431	 116.392645 	 143.701701
11000.233431	 -110.310122	 -83.069109
11015.126590	 -127.260066	 -100.068270
11015.135948	 -100.890961	 -73.694488
11030.222116	 -39.006346 	 -11.851126
11045.123629	 122.754583 	 149.857578
11046.612498	 124.586056 	 151.724838
11060.206615	 -105.702996	 -78.640947
11075.113507	 -96.159558 	 -69.125734
11090.198718	 -34.952803 	 -7.978312
11090.196137	 6.102816   	 33.076315
11105.280617	 -113.049161	 -86.102709
11120.195652	 -37.816981 	 -10.928614
11120.171937	 28.383660  	 55.272951
11135.281593	 -119.419706	 -92.561983
11150.181189	 178.506145 	 -154.675738
11150.184698	 -55.389749 	 -28.569413
11165.263528	 98.771603  	 125.546542
11180.165920	 86.170529  	 112.914707
11195.258693	 112.711088 	 139.418317
11195.261895	 -89.462809 	 -62.758587
11210.155710	 -122.904233	 -96.242941
11225.247582	 -18.237307 	 8.380321
11225.241457	 111.494160 	 138.114403
11240.149442	 5.054841   	 31.643038
11255.233122	 61.768197  	 88.309329
11270.128735	 123.032289 	 149.545693
11270.136290	 61.203328  	 87.712164
11285.218914	 -131.288273	 -104.831409
11300.124609	 148.340613 	 174.774310
11300.131790	 84.283613  	 110.721715
11315.203249	 -167.954245	 -141.570268
11330.114150	 -96.659056 	 -70.300572
11330.114539	 32.327947  	 58.690981
11345.203771	 118.817314 	 145.130403
11360.288786	 49.196876  	 75.478382
11375.196858	 5.001163   	 31.247786
11375.196204	 176.364197 	 -157.369928
11390.280246	 -9.926747  	 16.288098
11405.184864	 65.929657  	 92.125047
11405.186017	 40.056517  	 66.249426
11420.267120	 -123.082872	 -96.936625
11435.183322	 -58.933646 	 -32.815389
11450.255749	 113.962850 	 140.040576
11450.258745	 136.540456 	 162.624002
11465.165792	 46.460073  	 72.511237
11480.243628	 -24.341421 	 1.659127
11480.242706	 177.375248 	 -156.614700
11495.146976	 134.167117 	 160.136275
11510.237227	 -14.400778 	 11.544148
11510.233492	 122.595669 	 148.535152
11525.137688	 -13.696571 	 12.205592
11540.217259	 7.038072   	 32.923525
11555.126721	 -120.433673	 -94.586416
11555.120901	 -6.613641  	 19.230225
11570.208589	 53.937714  	 79.744050
11585.111651	 -32.100745 	 -6.319819
11585.108639	 -81.084231 	 -55.308285
11600.201471	 148.466628 	 174.220295
11615.289079	 -94.166066 	 -68.452744
11630.196965	 70.312220  	 96.008644
11630.200180	 -16.396372 	 9.306654
11645.275857	 137.955973 	 163.609563
11660.185126	 -149.960701	 -124.329217
11675.266475	 -148.574363	 -122.970214
11675.272926	 -149.575449	 -123.974625
11690.168332	 1.362472   	 26.933842
11705.259641	 130.720440 	 156.262035
11705.257574	 161.591543 	 -172.856925
11720.159197	 -74.519639 	 -49.001801
11735.249223	 148.654197 	 174.147168
11746.782433	 -161.695974	 -136.198681
11750.143016	 -8.313608  	 17.139659
11765.232199	 -103.044903	 -77.608775
11780.130557	 155.169685 	 -179.430217
11780.137247	 150.535034 	 175.931798
11795.227323	 151.454887 	 176.825754
11810.121071	 -145.213353	 -119.876935
11825.216373	 -82.917753 	 -57.599223
11825.211940	 -44.216871 	 -18.901342
11840.303951	 158.032407 	 -176.675495
11855.201552	 18.174040  	 43.441722
11855.207054	 -156.479943	 -131.215930
11870.292064	 77.301909  	 102.528358
11885.180741	 88.086460  	 113.282524
11900.275229	 -4.011375  	 21.172886
11900.266778	 142.601853 	 167.769841
11915.173345	 134.769412 	 159.916818
11930.265755	 13.404284  	 38.534209
11945.166056	 116.475802 	 141.586130
11945.172918	 81.354641  	 106.468641
11960.262929	 55.862763  	 80.950613
11975.158160	 -56.927163 	 -31.879932
11990.243790	 127.566836 	 152.593981
11990.249787	 75.385968  	 100.416305
12005.141815	 -102.349371	 -77.361808
12020.239319	 36.812991  	 61.782943
12020.228551	 -140.646551	 -115.668767
12035.136271	 39.351682  	 64.299750
12050.221538	 162.161436 	 -172.912424
12065.129320	 13.558930  	 38.468040
12065.122991	 117.446432 	 142.352364
12080.214352	 69.715081  	 94.603278
12095.307767	 164.543868 	 -170.586733
12095.306631	 104.124086 	 128.981525
12110.200861	 -174.741902	 -149.899274
12125.289589	 -179.776480	 -154.968321
12140.194019	 28.140231  	 52.929895
12140.189089	 -141.255661	 -116.477583
12155.277767	 -92.285685 	 -67.533941
12170.172188	 -137.734623	 -113.000240
12185.281924	 118.474214 	 143.201630
12185.268488	 65.876511  	 90.595223
12200.173457	 141.945824 	 166.645366
12215.253759	 -51.845944 	 -27.173126
12230.166681	 -42.264157 	 -17.605181
12230.154541	 109.006355 	 133.669111
12245.247998	 -95.348174 	 -70.705663
12260.150245	 177.621866 	 -157.761646
12275.233555	 106.377777 	 130.963724
12275.239824	 111.668994 	 136.262142
12290.137597	 121.759019 	 146.334932
12305.226814	 85.849986  	 110.399337
12320.127775	 157.535633 	 -177.933741
12320.117168	 154.522778 	 179.042605
12335.207393	 -144.130487	 -119.628850
12350.302919	 38.880382  	 63.380702
12365.210619	 -57.925792 	 -33.436831
12365.205543	 -30.701908 	 -6.238514
12380.290518	 54.714746  	 79.166046
12395.190165	 -62.586740 	 -38.157561
12395.191715	 -16.890078 	 7.541699
12410.285580	 8.229285   	 32.649650
12425.186028	 -124.956633	 -100.561042
12440.267733	 135.474359 	 159.855702
12440.272763	 149.624019 	 173.999070
12455.170705	 170.564792 	 -165.076867
12470.256944	 58.360065  	 82.702161
12470.265685	 33.409336  	 57.749034
12485.159337	 -164.142722	 -139.817249
12500.227703	 175.143784 	 -160.561812
12515.139141	 92.079804  	 116.340115
12515.158194	 -9.882587  	 14.414438
12530.240890	 89.230122  	 113.503439
12545.141029	 -62.613773 	 -38.366404
12560.226576	 69.703107  	 93.935581
12560.228865	 -11.633626 	 12.594194
12575.306824	 17.876004  	 42.068727
12590.206159	 -109.942863	 -85.757841
12605.299770	 51.685365  	 75.856887
12605.295222	 -179.415835	 -155.244155
12620.197395	 98.539874  	 122.702038
12635.288371	 -90.613184 	 -66.482640
12650.197150	 57.124068  	 81.246458
12650.196297	 -157.665087	 -133.536311
12665.280412	 -39.405356 	 -15.288223
12680.188098	 -47.606792 	 -23.508898
12680.172353	 -31.148447 	 -7.064709
12695.268902	 138.162557 	 162.242113
12710.173210	 -12.588516 	 11.473212
12725.257005	 -167.144030	 -143.103318
12725.266152	 40.798206  	 64.844547
12740.155344	 51.057347  	 75.075384
12755.240215	 56.989605  	 80.996756
12770.154769	 169.190053 	 -166.810408
12770.144881	 89.723242  	 113.719374
12785.228838	 -66.718221 	 -42.741117
12800.144341	 -26.309696 	 -2.341379
12815.225889	 -134.894044	 -110.962001
12815.230035	 153.701087 	 177.654386
12830.312437	 101.989180 	 125.915782
12845.219578	 24.790510  	 48.705772
12860.304959	 119.842092 	 143.744461
12875.194096	 -146.182727	 -122.293401
12875.202061	 -162.566148	 -138.674527
12890.296087	 13.107927  	 36.991832
12905.186378	 24.705839  	 48.557327
12920.279180	 4.217409   	 28.055603
12920.279162	 -168.336557	 -144.496209
12935.176168	 34.368036  	 58.178702
12950.265546	 47.442585  	 71.248079
12965.174948	 91.714998  	 115.516125
12965.172257	 23.506840  	 47.312837
12980.257868	 -79.885819 	 -56.100420
12995.156568	 37.343716  	 61.114581
13010.249787	 -21.825455 	 1.936523
13010.255164	 -1.703213  	 22.065235
13025.150857	 -33.951168 	 -10.197738
13040.242465	 -71.197584 	 -47.454528
13055.146932	 -76.162303 	 -52.432363
13055.137409	 -13.070208 	 10.645392
13070.223123	 179.092247 	 -157.207572
13085.310320	 41.882326  	 65.569824
13100.215333	 -20.073329 	 3.605984
13100.218880	 142.234128 	 165.917720
13115.302975	 65.113267  	 88.780374
13130.208900	 -57.151486 	 -33.501874
13145.296934	 132.916178 	 156.555013
13145.286703	 -80.526935 	 -56.882729
13160.193059	 76.576861  	 100.205183
13175.283069	 -178.815578	 -155.207915
13190.175671	 153.320287 	 176.923827
13190.186203	 -8.795078  	 14.790991
13205.274013	 77.948306  	 101.537330
13220.172105	 -72.371150 	 -48.788798
13235.263954	 -118.771520	 -95.197449
13235.254108	 71.426456  	 94.994058
13250.160311	 174.170124 	 -162.273249
13265.254424	 90.915160  	 114.466852
13280.149627	 164.366232 	 -172.094766
13280.157438	 103.235718 	 126.778201
13295.237732	 170.039111 	 -166.438805
13310.324494	 -134.197869	 -110.686905
13325.224136	 133.394017 	 156.892173
13325.217647	 -16.526633 	 6.957842
13340.320973	 91.253011  	 114.747753
13355.216080	 160.001597 	 -176.521094
13370.300922	 -37.970624 	 -14.507349
13370.292625	 -89.747001 	 -66.281381
13385.200250	 -62.613705 	 -39.149457
13400.293885	 -83.884282 	 -60.429988
13415.192154	 177.613846 	 -158.937815
13419.306068	 47.067843  	 70.519932
13430.276271	 169.467534 	 -167.101849
13445.182202	 14.519190  	 37.932123
13460.277766	 -162.088617	 -138.666727
13475.172227	 49.533085  	 72.930237
13475.170313	 90.477671  	 113.883209
13490.254408	 -175.797098	 -152.413539
13505.166137	 -155.345492	 -131.963767
13505.169472	 -138.022117	 -114.641044
13520.249935	 -119.700437	 -96.326448
13535.151733	 161.616076 	 -175.017930
13550.234357	 -28.071645 	 -4.716627
13565.329102	 143.262728 	 166.614115
13565.335005	 163.196201 	 -173.451452
13580.230655	 -7.415604  	 15.913887
13595.320922	 41.466247  	 64.801445
13610.216092	 -60.569496 	 -37.254520
13610.208789	 -73.249101 	 -49.946006
13625.309371	 -131.803924	 -108.488699
13640.212911	 -18.077742 	 5.227277
13655.289360	 100.648824 	 123.946378
13655.299875	 -137.831793	 -114.531931
13670.193400	 26.837029  	 50.113178
