0           	 1.157857 	 1.49116  	 
0.000005    	 1.553312 	 1.612888 	 
0.00001     	 1.656362 	 1.433838 	 
0.000015    	 1.45477  	 0.990078 	 
0.00002     	 0.981384 	 0.361474 	 
0.000025    	 0.324441 	 -0.336043	 
0.00003     	 -0.39433 	 -0.974306	 
0.000035    	 -1.039678	 -1.429977	 
0.00004     	 -1.493739	 -1.622873	 
0.000045    	 -1.671499	 -1.514349	 
0.00005     	 -1.540434	 -1.12566 	 
0.000055    	 -1.123405	 -0.528939	 
0.00006     	 -0.497058	 0.16568  	 
0.000065    	 0.217849 	 0.826165 	 
0.00007     	 0.891215 	 1.333686 	 
0.000075    	 1.400025 	 1.5926   	 
0.00008     	 1.647023 	 1.555566 	 
0.000085    	 1.586803 	 1.228704 	 
0.00009     	 1.232568 	 0.673522 	 
0.000095    	 0.649692 	 -0.007895	 
0.0001      	 -0.056199	 -0.688022	 
0.000105    	 -0.750817	 -1.2432  	 
0.00011     	 -1.311471	 -1.569416	 
0.000115    	 -1.626737	 -1.602907	 
0.00012     	 -1.642517	 -1.342385	 
0.000125    	 -1.352046	 -0.831003	 
0.00013     	 -0.812325	 -0.166333	 
0.000135    	 -0.122859	 0.525388 	 
0.00014     	 0.587218 	 1.120501 	 
0.000145    	 1.187484 	 1.505651 	 
0.00015     	 1.567159 	 1.609989 	 
0.000155    	 1.65443  	 1.415804 	 
0.00016     	 1.433194 	 0.957553 	 
0.000165    	 0.94596  	 0.321864 	 
0.00017     	 0.282255 	 -0.375975	 
0.000175    	 -0.432974	 -1.004577	 
0.00018     	 -1.070915	 -1.449299	 
0.000185    	 -1.514027	 -1.625771	 
0.00019     	 -1.672788	 -1.500824	 
0.000195    	 -1.524332	 -1.097643	 
0.0002      	 -1.093135	 -0.491261	 
0.000205    	 -0.458736	 0.202713 	 
0.00021     	 0.256814 	 0.859978 	 
0.000215    	 0.925672 	 1.355906 	 
0.00022     	 1.419668 	 1.597752 	 
0.000225    	 1.652176 	 1.545905 	 
0.00023     	 1.575854 	 1.201331 	 
0.000235    	 1.205195 	 0.635844 	 
0.00024     	 0.61137  	 -0.047504	 
0.000245    	 -0.097419	 -0.724411	 
0.00025     	 -0.788495	 -1.267997	 
0.000255    	 -1.335945	 -1.579399	 
0.00026     	 -1.637042	 -1.595501	 
0.000265    	 -1.6335  	 -1.317267	 
0.00027     	 -1.325962	 -0.795901	 
0.000275    	 -0.776258	 -0.127046	 
0.00028     	 -0.08325 	 0.563387 	 
0.000285    	 0.625217 	 1.147874 	 
0.00029     	 1.217111 	 1.519498 	 
0.000295    	 1.580362 	 1.609023 	 
0.0003      	 1.650243 	 1.396482 	 
0.000305    	 1.41355  	 0.924706 	 
0.00031     	 0.912791 	 0.281933 	 
0.000315    	 0.241035 	 -0.413008	 
0.00032     	 -0.474194	 -1.034525	 
0.000325    	 -1.103118	 -1.467011	 
0.00033     	 -1.530451	 -1.627381	 
0.000335    	 -1.673432	 -1.485366	 
0.00034     	 -1.507264	 -1.067372	 
0.000345    	 -1.059966	 -0.45294 	 
0.00035     	 -0.419449	 0.242001 	 
0.000355    	 0.299644 	 0.893791 	 
0.00036     	 0.959807 	 1.376194 	 
0.000365    	 1.442533 	 1.603549 	 
0.00037     	 1.655718 	 1.530769 	 
0.000375    	 1.56104  	 1.176213 	 
0.00038     	 1.176535 	 0.598811 	 
0.000385    	 0.570794 	 -0.089046	 
0.00039     	 -0.138639	 -0.760478	 
0.000395    	 -0.82585 	 -1.292793	 
0.0004      	 -1.361385	 -1.586806	 
0.000405    	 -1.646059	 -1.589382	 
0.00041     	 -1.624805	 -1.293437	 
0.000415    	 -1.3002  	 -0.758868	 
0.00042     	 -0.737292	 -0.08647 	 
0.000425    	 -0.042352	 0.599133 	 
0.00043     	 0.664183 	 1.177179 	 
0.000435    	 1.243839 	 1.532702 	 
0.00044     	 1.5926   	 1.603227 	 
0.000445    	 1.642837 	 1.375228 	 
0.00045     	 1.389397 	 0.892181 	 
0.000455    	 0.878334 	 0.241357 	 
0.00046     	 0.202391 	 -0.45294 	 
0.000465    	 -0.514448	 -1.065762	 
0.00047     	 -1.133066	 -1.486011	 
0.000475    	 -1.545264	 -1.626093	 
0.00048     	 -1.672143	 -1.465401	 
0.000485    	 -1.487299	 -1.035813	 
0.00049     	 -1.028407	 -0.41333 	 
0.000495    	 -0.376941	 0.285475 	 
0.0005      	 0.337966 	 0.926638 	 
0.000505    	 0.993943 	 1.398092 	 
0.00051     	 1.462177 	 1.607735 	 
0.000515    	 1.659582 	 1.519498 	 
0.00052     	 1.546871 	 1.145298 	 
0.000525    	 1.146908 	 0.563065 	 
0.00053     	 0.531506 	 -0.129622	 
0.000535    	 -0.178892	 -0.795257	 
0.00054     	 -0.860629	 -1.316945	 
0.000545    	 -1.386503	 -1.596467	 
0.00055     	 -1.652822	 -1.580043	 
0.000555    	 -1.61289 	 -1.269285	 
0.00056     	 -1.275403	 -0.725055	 
0.000565    	 -0.700903	 -0.046538	 
0.00057     	 0.000156 	 0.637776 	 
0.000575    	 0.701217 	 1.203907 	 
0.00058     	 1.27089  	 1.544939 	 
0.000585    	 1.604837 	 1.599684 	 
0.00059     	 1.637362 	 1.356228 	 
0.000595    	 1.367177 	 0.859012 	 
0.0006      	 0.841622 	 0.201425 	 
0.000605    	 0.158917 	 -0.493194	 
0.00061     	 -0.551159	 -1.097965	 
0.000615    	 -1.164625	 -1.50018 	 
0.00062     	 -1.562654	 -1.626093	 
0.000625    	 -1.672143	 -1.450909	 
0.00063     	 -1.468621	 -1.004577	 
0.000635    	 -0.995882	 -0.375331	 
0.00064     	 -0.337009	 0.321864 	 
0.000645    	 0.37822  	 0.959807 	 
0.00065     	 1.024536 	 1.417092 	 
0.000655    	 1.480855 	 1.609989 	 
0.00066     	 1.661837 	 1.505007 	 
0.000665    	 1.530447 	 1.118891 	 
0.00067     	 1.115993 	 0.5241   	 
0.000675    	 0.493185 	 -0.16891 	 
0.00068     	 -0.220112	 -0.831003	 
0.000685    	 -0.896053	 -1.339809	 
0.00069     	 -1.407435	 -1.604839	 
0.000695    	 -1.657974	 -1.568128	 
0.0007      	 -1.602263	 -1.242556	 
0.000705    	 -1.249641	 -0.687378	 
0.00071     	 -0.663547	 -0.007572	 
0.000715    	 0.04041  	 0.674166 	 
0.00072     	 0.737928 	 1.22967  	 
0.000725    	 1.295686 	 1.556854 	 
0.00073     	 1.615142 	 1.591956 	 
0.000735    	 1.629633 	 1.331432 	 
0.00074     	 1.344635 	 0.82391  	 
0.000745    	 0.806521 	 0.162137 	 
0.00075     	 0.117053 	 -0.529261	 
0.000755    	 -0.591735	 -1.12566 	 
0.00076     	 -1.193608	 -1.515637	 
0.000765    	 -1.576501	 -1.622551	 
0.00077     	 -1.667313	 -1.429333	 
0.000775    	 -1.447689	 -0.972696	 
0.00078     	 -0.963035	 -0.333789	 
0.000785    	 -0.297077	 0.361796 	 
0.00079     	 0.418796 	 0.990722 	 
0.000795    	 1.057705 	 1.43577  	 
0.0008      	 1.498566 	 1.613532 	 
0.000805    	 1.66087  	 1.489871 	 
0.00081     	 1.513702 	 1.088298 	 
0.000815    	 1.086366 	 0.4861   	 
0.00082     	 0.453897 	 -0.21174 	 
0.000825    	 -0.262298	 -0.864816	 
0.00083     	 -0.932442	 -1.362995	 
0.000835    	 -1.431266	 -1.608704	 
0.00084     	 -1.663449	 -1.556535	 
0.000845    	 -1.588094	 -1.217116	 
0.00085     	 -1.216794	 -0.652276	 
0.000855    	 -0.625548	 0.033325 	 
0.00086     	 0.08163  	 0.710233 	 
0.000865    	 0.773674 	 1.255432 	 
0.00087     	 1.323381 	 1.565549 	 
0.000875    	 1.621905 	 1.586159 	 
0.00088     	 1.623837 	 1.308567 	 
0.000885    	 1.318873 	 0.789453 	 
0.00089     	 0.768843 	 0.122528 	 
0.000895    	 0.076799 	 -0.569193	 
0.0009      	 -0.628768	 -1.153676	 
0.000905    	 -1.221624	 -1.528196	 
0.00091     	 -1.591958	 -1.622551	 
0.000915    	 -1.662483	 -1.410978	 
0.00092     	 -1.426435	 -0.940171	 
0.000925    	 -0.92729 	 -0.295467	 
0.00093     	 -0.25618 	 0.401406 	 
0.000935    	 0.458727 	 1.021637 	 
0.00094     	 1.089264 	 1.454448 	 
0.000945    	 1.517244 	 1.612888 	 
0.00095     	 1.663447 	 1.474736 	 
0.000955    	 1.496634 	 1.058993 	 
0.00096     	 1.054807 	 0.446812 	 
0.000965    	 0.413965 	 -0.245875	 
0.00097     	 -0.302552	 -0.898629	 
0.000975    	 -0.965611	 -1.382317	 
0.00098     	 -1.452197	 -1.616432	 
0.000985    	 -1.666991	 -1.545908	 
0.00099     	 -1.574891	 -1.188777	 
0.000995    	 -1.191676	 -0.614921	 
0.001       	 -0.586582	 0.073579 	 
0.001005    	 0.12285  	 0.746301 	 
0.00101     	 0.811029 	 1.279907 	 
0.001015    	 1.346245 	 1.575854 	 
0.00102     	 1.631566 	 1.57843  	 
0.001025    	 1.612888 	 1.285703 	 
0.00103     	 1.294076 	 0.754352 	 
0.001035    	 0.733742 	 0.08324  	 
0.00104     	 0.037512 	 -0.606226	 
0.001045    	 -0.667734	 -1.182981	 
0.00105     	 -1.248675	 -1.54301 	 
0.001055    	 -1.601941	 -1.615466	 
0.00106     	 -1.656364	 -1.391012	 
0.001065    	 -1.405825	 -0.907324	 
0.00107     	 -0.892832	 -0.257468	 
0.001075    	 -0.21496 	 0.437795 	 
0.00108     	 0.498337 	 1.052552 	 
0.001085    	 1.120179 	 1.471838 	 
0.00109     	 1.533024 	 1.613532 	 
0.001095    	 1.661837 	 1.457668 	 
0.0011      	 1.479566 	 1.0284   	 
0.001105    	 1.022926 	 0.408491 	 
0.00111     	 0.374677 	 -0.287095	 
0.001115    	 -0.342484	 -0.931476	 
0.00112     	 -0.99878 	 -1.405825	 
0.001125    	 -1.471841	 -1.618365	 
0.00113     	 -1.671177	 -1.531739	 
0.001135    	 -1.559433	 -1.160439	 
0.00114     	 -1.160439	 -0.576599	 
0.001145    	 -0.548261	 0.115121 	 
0.00115     	 0.164714 	 0.781402 	 
0.001155    	 0.84613  	 1.303093 	 
0.00116     	 1.369754 	 1.582617 	 
0.001165    	 1.638972 	 1.568125 	 
0.00117     	 1.601939 	 1.261229 	 
0.001175    	 1.266703 	 0.719572 	 
0.00118     	 0.696064 	 0.042342 	 
0.001185    	 -0.00403 	 -0.643581	 
0.00119     	 -0.707343	 -1.21132 	 
0.001195    	 -1.277658	 -1.554925	 
0.0012      	 -1.614178	 -1.611602	 
0.001205    	 -1.651856	 -1.367826	 
0.00121     	 -1.381351	 -0.871578	 
0.001215    	 -0.859341	 -0.216892	 
0.00122     	 -0.175994	 0.477083 	 
0.001225    	 0.537625 	 1.084756 	 
0.00123     	 1.150772 	 1.485685 	 
0.001235    	 1.545905 	 1.613854 	 
0.00124     	 1.658616 	 1.438668 	 
0.001245    	 1.45799  	 0.996519 	 
0.00125     	 0.989434 	 0.370491 	 
0.001255    	 0.334424 	 -0.32445 	 
0.00126     	 -0.384992	 -0.964645	 
0.001265    	 -1.030661	 -1.423859	 
0.00127     	 -1.491807	 -1.622229	 
0.001275    	 -1.674076	 -1.518858	 
0.00128     	 -1.54462 	 -1.133066	 
0.001285    	 -1.130168	 -0.539244	 
0.00129     	 -0.508651	 0.154409 	 
0.001295    	 0.205289 	 0.816182 	 
0.0013      	 0.882842 	 1.326601 	 
0.001305    	 1.39294  	 1.590667 	 
0.00131     	 1.643803 	 1.557498 	 
0.001315    	 1.592922 	 1.234822 	 
0.00132     	 1.240297 	 0.681251 	 
0.001325    	 0.658386 	 0.001766 	 
0.00133     	 -0.044928	 -0.679971	 
0.001335    	 -0.741801	 -1.238048	 
0.00134     	 -1.305352	 -1.566196	 
0.001345    	 -1.623517	 -1.604517	 
0.00135     	 -1.642517	 -1.346572	 
0.001355    	 -1.359453	 -0.840342	 
0.00136     	 -0.820376	 -0.176638	 
0.001365    	 -0.131554	 0.516693 	 
0.00137     	 0.576913 	 1.11245  	 
0.001375    	 1.178789 	 1.502431 	 
0.00138     	 1.563617 	 1.610311 	 
0.001385    	 1.65443  	 1.420635 	 
0.00139     	 1.438346 	 0.965926 	 
0.001395    	 0.955621 	 0.331203 	 
0.0014      	 0.292238 	 -0.365026	 
0.001405    	 -0.423635	 -0.994594	 
0.00141     	 -1.064796	 -1.442215	 
0.001415    	 -1.509841	 -1.623517	 
0.00142     	 -1.671177	 -1.50501 	 
0.001425    	 -1.528518	 -1.103762	 
0.00143     	 -1.102152	 -0.501888	 
0.001435    	 -0.469363	 0.19434  	 
0.00144     	 0.247475 	 0.852571 	 
0.001445    	 0.916333 	 1.348177 	 
0.00145     	 1.416126 	 1.597108 	 
0.001455    	 1.649277 	 1.547837 	 
0.00146     	 1.578108 	 1.208738 	 
0.001465    	 1.21067  	 0.644861 	 
0.00147     	 0.621031 	 -0.038487	 
0.001475    	 -0.086148	 -0.714428	 
0.00148     	 -0.779156	 -1.261556	 
0.001485    	 -1.328538	 -1.576179	 
0.00149     	 -1.634144	 -1.598399	 
0.001495    	 -1.635754	 -1.324996	 
0.0015      	 -1.332081	 -0.80202 	 
0.001505    	 -0.786241	 -0.13574 	 
0.00151     	 -0.093232	 0.553726 	 
0.001515    	 0.61459  	 1.140789 	 
0.00152     	 1.20906  	 1.516278 	 
0.001525    	 1.575532 	 1.609667 	 
0.00153     	 1.649921 	 1.401313 	 
0.001535    	 1.419024 	 0.933079 	 
0.00154     	 0.921164 	 0.291594 	 
0.001545    	 0.25134  	 -0.402703	 
0.00155     	 -0.464211	 -1.025509	 
0.001555    	 -1.095389	 -1.463468	 
0.00156     	 -1.524976	 -1.626093	 
0.001565    	 -1.674398	 -1.490519	 
0.00157     	 -1.513705	 -1.073491	 
0.001575    	 -1.068983	 -0.461957	 
0.00158     	 -0.430398	 0.232662 	 
0.001585    	 0.287085 	 0.885096 	 
0.00159     	 0.950469 	 1.372008 	 
0.001595    	 1.436092 	 1.601939 	 
0.0016      	 1.657328 	 1.534956 	 
0.001605    	 1.564261 	 1.182331 	 
0.00161     	 1.182009 	 0.608794 	 
0.001615    	 0.582065 	 -0.078419	 
0.00162     	 -0.128334	 -0.752105	 
0.001625    	 -0.816833	 -1.286674	 
0.00163     	 -1.353656	 -1.587772	 
0.001635    	 -1.644449	 -1.592602	 
0.00164     	 -1.626415	 -1.298911	 
0.001645    	 -1.307928	 -0.767241	 
0.00165     	 -0.749851	 -0.096775	 
0.001655    	 -0.052657	 0.591404 	 
0.00166     	 0.654844 	 1.168806 	 
0.001665    	 1.234822 	 1.529481 	 
0.00167     	 1.588413 	 1.603549 	 
0.001675    	 1.646379 	 1.381347 	 
0.00168     	 1.395838 	 0.900232 	 
0.001685    	 0.887028 	 0.251662 	 
0.00169     	 0.209798 	 -0.443279	 
0.001695    	 -0.503499	 -1.057389	 
0.0017      	 -1.126304	 -1.478282	 
0.001705    	 -1.5414  	 -1.626093	 
0.00171     	 -1.672466	 -1.470875	 
0.001715    	 -1.493417	 -1.042254	 
0.00172     	 -1.035813	 -0.424279	 
0.001725    	 -0.388856	 0.275492 	 
0.00173     	 0.328949 	 0.917943 	 
0.001735    	 0.984282 	 1.39294  	 
0.00174     	 1.456702 	 1.606769 	 
0.001745    	 1.657972 	 1.522075 	 
0.00175     	 1.550413 	 1.153348 	 
0.001755    	 1.153026 	 0.572404 	 
0.00176     	 0.542455 	 -0.118995	 
0.001765    	 -0.168588	 -0.787529	 
0.00177     	 -0.852901	 -1.312115	 
0.001775    	 -1.378775	 -1.594212	 
0.00178     	 -1.6525  	 -1.582619	 
0.001785    	 -1.614822	 -1.275725	 
0.00179     	 -1.282166	 -0.732784	 
0.001795    	 -0.71153 	 -0.055877	 
0.0018      	 -0.009827	 0.628116 	 
0.001805    	 0.691878 	 1.197789 	 
0.00181     	 1.263805 	 1.542685 	 
0.001815    	 1.602583 	 1.60065  	 
0.00182     	 1.639938 	 1.360737 	 
0.001825    	 1.372974 	 0.86674  	 
0.00183     	 0.850639 	 0.212052 	 
0.001835    	 0.169866 	 -0.480634	 
0.00184     	 -0.542464	 -1.090881	 
0.001845    	 -1.156897	 -1.495027	 
0.00185     	 -1.558467	 -1.626415	 
0.001855    	 -1.670533	 -1.453808	 
0.00186     	 -1.473129	 -1.012949	 
0.001865    	 -1.002   	 -0.386602	 
0.00187     	 -0.34828 	 0.311882 	 
0.001875    	 0.368559 	 0.950469 	 
0.00188     	 1.016485 	 1.412584 	 
0.001885    	 1.47699  	 1.611277 	 
0.00189     	 1.660548 	 1.507583 	 
0.001895    	 1.535922 	 1.125654 	 
0.0019      	 1.124687 	 0.534405 	 
0.001905    	 0.502202 	 -0.159571	 
0.00191     	 -0.209807	 -0.821342	 
0.001915    	 -0.886714	 -1.334335	 
0.00192     	 -1.401961	 -1.601941	 
0.001925    	 -1.657008	 -1.569738	 
0.00193     	 -1.604195	 -1.247709	 
0.001935    	 -1.254149	 -0.696394	 
0.00194     	 -0.672564	 -0.014657	 
0.001945    	 0.030427 	 0.666115 	 
0.00195     	 0.729233 	 1.223229 	 
0.001955    	 1.290534 	 1.553956 	 
0.00196     	 1.610633 	 1.595176 	 
0.001965    	 1.634142 	 1.338838 	 
0.00197     	 1.348821 	 0.833571 	 
0.001975    	 0.815538 	 0.172442 	 
0.00198     	 0.128002 	 -0.5196  	 
0.001985    	 -0.582396	 -1.118253	 
0.00199     	 -1.187167	 -1.510485	 
0.001995    	 -1.573925	 -1.623517	 
0.002       	 -1.667957	 -1.437384	 
0.002005    	 -1.453808	 -0.981713	 
0.00201     	 -0.969797	 -0.345382	 
0.002015    	 -0.308349	 0.351491 	 
0.00202     	 0.409135 	 0.984282 	 
0.002025    	 1.049332 	 1.431262 	 
0.00203     	 1.49277  	 1.61321  	 
0.002035    	 1.661192 	 1.49438  	 
0.00204     	 1.518854 	 1.095383 	 
0.002045    	 1.093772 	 0.495439 	 
0.00205     	 0.463236 	 -0.198858	 
0.002055    	 -0.250705	 -0.856443	 
0.00206     	 -0.924391	 -1.357199	 
0.002065    	 -1.424825	 -1.609026	 
0.00207     	 -1.662483	 -1.561687	 
0.002075    	 -1.592602	 -1.224201	 
0.00208     	 -1.225811	 -0.660005	 
0.002085    	 -0.635209	 0.023664 	 
0.00209     	 0.071003 	 0.701217 	 
0.002095    	 0.765301 	 1.25028  	 
0.0021      	 1.315974 	 1.565227 	 
0.002105    	 1.619972 	 1.586803 	 
0.00211     	 1.624481 	 1.315974 	 
0.002115    	 1.325313 	 0.798148 	 
0.00212     	 0.779148 	 0.132189 	 
0.002125    	 0.087748 	 -0.557278	 
0.00213     	 -0.620073	 -1.14627 	 
0.002135    	 -1.217438	 -1.524976	 
0.00214     	 -1.586806	 -1.622229	 
0.002145    	 -1.665703	 -1.41613 	 
0.00215     	 -1.43352 	 -0.949832	 
0.002155    	 -0.935018	 -0.305772	 
0.00216     	 -0.266807	 0.391423 	 
0.002165    	 0.448744 	 1.014875 	 
0.00217     	 1.081213 	 1.449617 	 
0.002175    	 1.512736 	 1.61321  	 
0.00218     	 1.662803 	 1.477956 	 
0.002185    	 1.501787 	 1.0664   	 
0.00219     	 1.062213 	 0.456795 	 
0.002195    	 0.423948 	 -0.237502	 
0.0022      	 -0.291281	 -0.891544	 
0.002205    	 -0.957238	 -1.378131	 
0.00221     	 -1.444791	 -1.6145  	 
0.002215    	 -1.665703	 -1.547196	 
0.00222     	 -1.578755	 -1.197794	 
0.002225    	 -1.198116	 -0.625548	 
0.00223     	 -0.596243	 0.064562 	 
0.002235    	 0.112223 	 0.73825  	 
0.00224     	 0.80169  	 1.274432 	 
0.002245    	 1.339805 	 1.572312 	 
0.00225     	 1.630277 	 1.578752 	 
0.002255    	 1.61482  	 1.292144 	 
0.00226     	 1.299551 	 0.763046 	 
0.002265    	 0.743081 	 0.092257 	 
0.00227     	 0.048461 	 -0.594633	 
0.002275    	 -0.658395	 -1.175574	 
0.00228     	 -1.2432  	 -1.539789	 
0.002285    	 -1.600331	 -1.618043	 
0.00229     	 -1.658618	 -1.396486	 
0.002295    	 -1.410978	 -0.915052	 
0.0023      	 -0.902493	 -0.266807	 
0.002305    	 -0.225909	 0.429745 	 
0.00231     	 0.488998 	 1.046112 	 
0.002315    	 1.112772 	 1.465719 	 
0.00232     	 1.530125 	 1.616752 	 
0.002325    	 1.662481 	 1.461211 	 
0.00233     	 1.484397 	 1.037417 	 
0.002335    	 1.0284   	 0.418474 	 
0.00234     	 0.384016 	 -0.277112	 
0.002345    	 -0.332501	 -0.924069	 
0.00235     	 -0.988797	 -1.400673	 
0.002355    	 -1.465401	 -1.618687	 
0.00236     	 -1.668923	 -1.537213	 
0.002365    	 -1.56523 	 -1.169134	 
0.00237     	 -1.169456	 -0.587226	 
0.002375    	 -0.559532	 0.104494 	 
0.00238     	 0.153121 	 0.773996 	 
0.002385    	 0.837114 	 1.297296 	 
0.00239     	 1.363313 	 1.581651 	 
0.002395    	 1.636718 	 1.569413 	 
0.0024      	 1.605803 	 1.266381 	 
0.002405    	 1.27411  	 0.727301 	 
0.00241     	 0.704437 	 0.051681 	 
0.002415    	 0.007563 	 -0.633921	 
0.00242     	 -0.697038	 -1.202625	 
0.002425    	 -1.273149	 -1.552671	 
0.00243     	 -1.611924	 -1.611924	 
0.002435    	 -1.653466	 -1.376521	 
0.00244     	 -1.38908 	 -0.882527	 
0.002445    	 -0.867392	 -0.227197	 
0.00245     	 -0.184689	 0.467422 	 
0.002455    	 0.529252 	 1.075417 	 
0.00246     	 1.144009 	 1.482787 	 
0.002465    	 1.544617 	 1.615142 	 
0.00247     	 1.658938 	 1.443821 	 
0.002475    	 1.464109 	 1.005858 	 
0.00248     	 0.996841 	 0.380474 	 
0.002485    	 0.342152 	 -0.315755	 
0.00249     	 -0.37211 	 -0.956594	 
0.002495    	 -1.023898	 -1.421605	 
0.0025      	 -1.484078	 -1.620297	 
0.002505    	 -1.672143	 -1.519824	 
0.00251     	 -1.548162	 -1.139185	 
0.002515    	 -1.138219	 -0.547939	 
0.00252     	 -0.518956	 0.145392 	 
0.002525    	 0.195307 	 0.807487 	 
0.00253     	 0.874469 	 1.323059 	 
0.002535    	 1.388109 	 1.590023 	 
0.00254     	 1.641226 	 1.560396 	 
0.002545    	 1.593888 	 1.241263 	 
0.00255     	 1.246737 	 0.6922   	 
0.002555    	 0.666115 	 0.011427 	 
0.00256     	 -0.035267	 -0.670954	 
0.002565    	 -0.734072	 -1.229997	 
0.00257     	 -1.298267	 -1.563942	 
0.002575    	 -1.622551	 -1.60806 	 
0.00258     	 -1.646381	 -1.35269 	 
0.002585    	 -1.363639	 -0.84807 	 
0.00259     	 -0.831325	 -0.186299	 
0.002595    	 -0.143791	 0.507354 	 
0.0026      	 0.567896 	 1.105044 	 
0.002605    	 1.17428  	 1.4976   	 
0.00261     	 1.559752 	 1.612244 	 
0.002615    	 1.655396 	 1.424499 	 
0.00262     	 1.444787 	 0.972367 	 
0.002625    	 0.962706 	 0.339898 	 
0.00263     	 0.302543 	 -0.355043	 
0.002635    	 -0.413652	 -0.988153	 
0.00264     	 -1.056101	 -1.43996 	 
0.002645    	 -1.503722	 -1.624805	 
0.00265     	 -1.673432	 -1.507264	 
0.002655    	 -1.532705	 -1.11149 	 
0.00266     	 -1.109236	 -0.511227	 
0.002665    	 -0.478702	 0.183391 	 
0.00267     	 0.235882 	 0.842266 	 
0.002675    	 0.907316 	 1.343669 	 
0.00268     	 1.410974 	 1.593888 	 
0.002685    	 1.650243 	 1.550413 	 
0.00269     	 1.581006 	 1.215822 	 
0.002695    	 1.219687 	 0.654844 	 
0.0027      	 0.629726 	 -0.027216	 
0.002705    	 -0.074555	 -0.705411	 
0.00271     	 -0.770139	 -1.25576 	 
0.002715    	 -1.322742	 -1.573925	 
0.00272     	 -1.63189 	 -1.600331	 
0.002725    	 -1.636076	 -1.32886 	 
0.00273     	 -1.338843	 -0.812969	 
0.002735    	 -0.794613	 -0.148622	 
0.00274     	 -0.103859	 0.543421 	 
0.002745    	 0.606217 	 1.133382 	 
0.00275     	 1.200687 	 1.512092 	 
0.002755    	 1.574888 	 1.609023 	 
0.00276     	 1.65282  	 1.407109 	 
0.002765    	 1.423855 	 0.94113  	 
0.00277     	 0.930181 	 0.299966 	 
0.002775    	 0.263255 	 -0.39433 	 
0.00278     	 -0.45294 	 -1.020678	 
0.002785    	 -1.08766 	 -1.456706	 
0.00279     	 -1.521434	 -1.625449	 
0.002795    	 -1.673754	 -1.492451	 
0.0028      	 -1.514349	 -1.080576	 
0.002805    	 -1.077999	 -0.472906	 
0.00281     	 -0.439737	 0.221391 	 
0.002815    	 0.27678  	 0.875435 	 
0.00282     	 0.943384 	 1.367177 	 
0.002825    	 1.428685 	 1.601939 	 
0.00283     	 1.65443  	 1.538498 	 
0.002835    	 1.567803 	 1.189416 	 
0.00284     	 1.190704 	 0.619421 	 
0.002845    	 0.590116 	 -0.06908 	 
0.00285     	 -0.117707	 -0.743089	 
0.002855    	 -0.806528	 -1.279912	 
0.00286     	 -1.349148	 -1.583585	 
0.002865    	 -1.640585	 -1.59067 	 
0.00287     	 -1.627059	 -1.306962	 
0.002875    	 -1.315013	 -0.778834	 
0.00288     	 -0.75758 	 -0.107724	 
0.002885    	 -0.060707	 0.583031 	 
0.00289     	 0.644861 	 1.161077 	 
0.002895    	 1.22806  	 1.527549 	 
0.0029      	 1.584227 	 1.605481 	 
0.002905    	 1.647989 	 1.386177 	 
0.00291     	 1.401635 	 0.908605 	 
0.002915    	 0.894757 	 0.261323 	 
0.00292     	 0.222679 	 -0.433296	 
0.002925    	 -0.494482	 -1.050949	 
0.00293     	 -1.117609	 -1.475706	 
0.002935    	 -1.540111	 -1.627703	 
0.00294     	 -1.671499	 -1.475706	 
0.002945    	 -1.496315	 -1.051593	 
0.00295     	 -1.042898	 -0.432974	 
0.002955    	 -0.397873	 0.262611 	 
0.00296     	 0.318322 	 0.909571 	 
0.002965    	 0.976553 	 1.385533 	 
0.00297     	 1.451872 	 1.605803 	 
0.002975    	 1.65765  	 1.525939 	 
0.00298     	 1.5546   	 1.161399 	 
0.002985    	 1.163653 	 0.581743 	 
0.00299     	 0.552438 	 -0.109656	 
0.002995    	 -0.158605	 -0.779478	 
0.003       	 -0.843562	 -1.305996	 
0.003005    	 -1.370402	 -1.591636	 
0.00301     	 -1.648313	 -1.586484	 
0.003015    	 -1.619331	 -1.28281 	 
0.00302     	 -1.288607	 -0.742445	 
0.003025    	 -0.721835	 -0.066826	 
0.00303     	 -0.019166	 0.619743 	 
0.003035    	 0.682217 	 1.18845  	 
0.00304     	 1.257364 	 1.538176 	 
0.003045    	 1.598718 	 1.60065  	 
0.00305     	 1.641871 	 1.364279 	 
0.003055    	 1.379414 	 0.875757 	 
0.00306     	 0.85869  	 0.221069 	 
0.003065    	 0.180493 	 -0.47194 	 
0.00307     	 -0.531515	 -1.080254	 
0.003075    	 -1.147236	 -1.492451	 
0.00308     	 -1.554603	 -1.624483	 
0.003085    	 -1.671499	 -1.456706	 
0.00309     	 -1.47957 	 -1.021   	 
0.003095    	 -1.011017	 -0.394975	 
0.0031      	 -0.358585	 0.302543 	 
0.003105    	 0.35922  	 0.94274  	 
0.00311     	 1.008434 	 1.406787 	 
0.003115    	 1.473126 	 1.609989 	 
0.00312     	 1.66087  	 1.512736 	 
0.003125    	 1.538176 	 1.13145  	 
0.00313     	 1.131128 	 0.542455 	 
0.003135    	 0.513795 	 -0.149266	 
0.00314     	 -0.200468	 -0.811681	 
0.003145    	 -0.878341	 -1.328538	 
0.00315     	 -1.395842	 -1.600653	 
0.003155    	 -1.657652	 -1.572958	 
0.00316     	 -1.607738	 -1.257048	 
0.003165    	 -1.261556	 -0.706055	 
0.00317     	 -0.682869	 -0.028182	 
0.003175    	 0.019156 	 0.656454 	 
0.00318     	 0.71925  	 1.217755 	 
0.003185    	 1.284415 	 1.550413 	 
0.00319     	 1.609989 	 1.596464 	 
0.003195    	 1.633176 	 1.343347 	 
0.0032      	 1.356228 	 0.8413   	 
0.003205    	 0.824232 	 0.181781 	 
0.00321     	 0.140239 	 -0.510905	 
0.003215    	 -0.570481	 -1.111812	 
0.00322     	 -1.177828	 -1.508231	 
0.003225    	 -1.567484	 -1.624161	 
0.00323     	 -1.669567	 -1.438994	 
0.003235    	 -1.460892	 -0.987831	 
0.00324     	 -0.977526	 -0.355687	 
0.003245    	 -0.317043	 0.341186 	 
0.00325     	 0.39883  	 0.974299 	 
0.003255    	 1.040959 	 1.427075 	 
0.00326     	 1.491482 	 1.612888 	 
0.003265    	 1.660226 	 1.496634 	 
0.00327     	 1.521109 	 1.105688 	 
0.003275    	 1.102145 	 0.506066 	 
0.00328     	 0.472575 	 -0.187909	 
0.003285    	 -0.240722	 -0.847104	 
0.00329     	 -0.914086	 -1.35108 	 
0.003295    	 -1.418706	 -1.606127	 
0.0033      	 -1.660872	 -1.56362 	 
0.003305    	 -1.594856	 -1.232573	 
0.00331     	 -1.23354 	 -0.669344	 
0.003315    	 -0.645514	 0.014648 	 
0.00332     	 0.062952 	 0.692844 	 
0.003325    	 0.755962 	 1.243517 	 
0.00333     	 1.310178 	 1.561685 	 
0.003335    	 1.617718 	 1.588735 	 
0.00334     	 1.626735 	 1.320161 	 
0.003345    	 1.3295   	 0.806199 	 
0.00335     	 0.787521 	 0.141205 	 
0.003355    	 0.096443 	 -0.547939	 
0.00336     	 -0.608158	 -1.138863	 
0.003365    	 -1.207777	 -1.521756	 
0.00337     	 -1.583263	 -1.621907	 
0.003375    	 -1.664737	 -1.420317	 
0.00338     	 -1.438028	 -0.956272	 
0.003385    	 -0.943713	 -0.315433	 
0.00339     	 -0.275823	 0.380796 	 
0.003395    	 0.438762 	 1.005214 	 
0.0034      	 1.072518 	 1.444787 	 
0.003405    	 1.506939 	 1.614176 	 
0.00341     	 1.662803 	 1.481821 	 
0.003415    	 1.505007 	 1.071874 	 
0.00342     	 1.069942 	 0.466778 	 
0.003425    	 0.434253 	 -0.226875	 
0.00343     	 -0.28162 	 -0.880273	 
0.003435    	 -0.948543	 -1.374266	 
0.00344     	 -1.440926	 -1.611602	 
0.003445    	 -1.666347	 -1.551705	 
0.00345     	 -1.581331	 -1.206167	 
0.003455    	 -1.205523	 -0.633599	 
0.00346     	 -0.606226	 0.054257 	 
0.003465    	 0.101274 	 0.728911 	 
0.00347     	 0.792995 	 1.268636 	 
0.003475    	 1.334652 	 1.571668 	 
0.00348     	 1.627057 	 1.580684 	 
0.003485    	 1.616752 	 1.296974 	 
0.00349     	 1.305347 	 0.771419 	 
0.003495    	 0.751453 	 0.099986 	 
0.0035      	 0.056834 	 -0.586904	 
0.003505    	 -0.6497  	 -1.168812	 
0.00351     	 -1.235794	 -1.534637	 
0.003515    	 -1.597433	 -1.618687	 
0.00352     	 -1.660872	 -1.401317	 
0.003525    	 -1.416774	 -0.922781	 
0.00353     	 -0.911832	 -0.277434	 
0.003535    	 -0.236214	 0.41944  	 
0.00354     	 0.478693 	 1.038061 	 
0.003545    	 1.106332 	 1.461211 	 
0.00355     	 1.523041 	 1.614176 	 
0.003555    	 1.663125 	 1.466363 	 
0.00356     	 1.486973 	 1.046434 	 
0.003565    	 1.039027 	 0.429101 	 
0.00357     	 0.393033 	 -0.265841	 
0.003575    	 -0.32284 	 -0.914086	 
0.00358     	 -0.982357	 -1.394876	 
0.003585    	 -1.461536	 -1.616754	 
0.00359     	 -1.668923	 -1.539145	 
0.003595    	 -1.566196	 -1.175574	 
0.0036      	 -1.175252	 -0.595921	 
0.003605    	 -0.568227	 0.092901 	 
0.00361     	 0.14185  	 0.764335 	 
0.003615    	 0.829385 	 1.292466 	 
0.00362     	 1.359126 	 1.579396 	 
0.003625    	 1.636396 	 1.571345 	 
0.00363     	 1.607091 	 1.271534 	 
0.003635    	 1.280551 	 0.736318 	 
0.00364     	 0.713776 	 0.062308 	 
0.003645    	 0.018512 	 -0.62426 	 
0.00365     	 -0.685767	 -1.196828	 
0.003655    	 -1.263488	 -1.548484	 
0.00366     	 -1.60806 	 -1.614178	 
0.003665    	 -1.655076	 -1.380707	 
0.00367     	 -1.393588	 -0.891222	 
0.003675    	 -0.875121	 -0.23557 	 
0.00368     	 -0.194672	 0.456795 	 
0.003685    	 0.518625 	 1.067688 	 
0.00369     	 1.136281 	 1.477312 	 
0.003695    	 1.540752 	 1.614176 	 
0.0037      	 1.660226 	 1.449617 	 
0.003705    	 1.470227 	 1.012943 	 
0.00371     	 1.005858 	 0.388525 	 
0.003715    	 0.353745 	 -0.306094	 
0.00372     	 -0.362772	 -0.947899	 
0.003725    	 -1.01617 	 -1.41613 	 
0.00373     	 -1.480858	 -1.620297	 
0.003735    	 -1.673432	 -1.525298	 
0.00374     	 -1.553315	 -1.146592	 
0.003745    	 -1.145303	 -0.55921 	 
0.00375     	 -0.527651	 0.135087 	 
0.003755    	 0.18468  	 0.799114 	 
0.00376     	 0.864486 	 1.316296 	 
0.003765    	 1.381991 	 1.585515 	 
0.00377     	 1.642837 	 1.563617 	 
0.003775    	 1.59582  	 1.248992 	 
0.00378     	 1.254144 	 0.699928 	 
0.003785    	 0.677386 	 0.02141  	 
0.00379     	 -0.023996	 -0.659683	 
0.003795    	 -0.722801	 -1.222913	 
0.0038      	 -1.291183	 -1.560399	 
0.003805    	 -1.618365	 -1.61128 	 
0.00381     	 -1.645737	 -1.357843	 
0.003815    	 -1.369436	 -0.855477	 
0.00382     	 -0.84002 	 -0.196604	 
0.003825    	 -0.154096	 0.495761 	 
0.00383     	 0.557269 	 1.097959 	 
0.003835    	 1.165263 	 1.49438  	 
0.00384     	 1.557176 	 1.61321  	 
0.003845    	 1.656684 	 1.429329 	 
0.00385     	 1.449939 	 0.980095 	 
0.003855    	 0.970112 	 0.351169 	 
0.00386     	 0.313814 	 -0.346348	 
0.003865    	 -0.402059	 -0.97978 	 
0.00387     	 -1.046762	 -1.43674 	 
0.003875    	 -1.499536	 -1.622873	 
0.00388     	 -1.675042	 -1.512417	 
0.003885    	 -1.536891	 -1.118897	 
0.00389     	 -1.115999	 -0.520244	 
0.003895    	 -0.488363	 0.174053 	 
0.0039      	 0.226221 	 0.834537 	 
0.003905    	 0.898944 	 1.339483 	 
0.00391     	 1.404533 	 1.59421  	 
0.003915    	 1.649277 	 1.553312 	 
0.00392     	 1.583905 	 1.221297 	 
0.003925    	 1.226449 	 0.663217 	 
0.00393     	 0.639709 	 -0.017877	 
0.003935    	 -0.065538	 -0.697038	 
0.00394     	 -0.76241 	 -1.251251	 
0.003945    	 -1.316945	 -1.57006 	 
0.00395     	 -1.629636	 -1.602585	 
0.003955    	 -1.639296	 -1.335945	 
0.00396     	 -1.347538	 -0.82263 	 
0.003965    	 -0.804596	 -0.156672	 
0.00397     	 -0.113842	 0.535371 	 
0.003975    	 0.596879 	 1.127908 	 
0.00398     	 1.19489  	 1.508871 	 
0.003985    	 1.570701 	 1.609989 	 
0.00399     	 1.65282  	 1.410007 	 
0.003995    	 1.427719 	 0.948536 	 
0.004       	 0.938875 	 0.31156  	 
0.004005    	 0.273238 	 -0.383703	 
0.00401     	 -0.443923	 -1.011661	 
0.004015    	 -1.080576	 -1.453164	 
0.00402     	 -1.518213	 -1.624483	 
0.004025    	 -1.676008	 -1.495671	 
0.00403     	 -1.519502	 -1.087982	 
0.004035    	 -1.08444 	 -0.481923	 
0.00404     	 -0.450042	 0.211086 	 
0.004045    	 0.268085 	 0.86674  	 
0.00405     	 0.935333 	 1.362347 	 
0.004055    	 1.427397 	 1.598074 	 
0.00406     	 1.652498 	 1.541074 	 
0.004065    	 1.57199  	 1.19489  	 
0.00407     	 1.197467 	 0.629404 	 
0.004075    	 0.601065 	 -0.057165	 
0.00408     	 -0.106758	 -0.733428	 
0.004085    	 -0.797512	 -1.274115	 
0.00409     	 -1.342385	 -1.581009	 
0.004095    	 -1.638652	 -1.594212	 
0.0041      	 -1.631246	 -1.312437	 
0.004105    	 -1.320487	 -0.787207	 
0.00411     	 -0.766919	 -0.116741	 
0.004115    	 -0.073267	 0.573048 	 
0.00412     	 0.63359  	 1.15528  	 
0.004125    	 1.222585 	 1.523363 	 
0.00413     	 1.584871 	 1.606769 	 
0.004135    	 1.648955 	 1.392296 	 
0.00414     	 1.407109 	 0.915045 	 
0.004145    	 0.903774 	 0.270984 	 
0.00415     	 0.232662 	 -0.423957	 
0.004155    	 -0.483855	 -1.042898	 
0.00416     	 -1.11149 	 -1.471841	 
0.004165    	 -1.535603	 -1.625127	 
0.00417     	 -1.676652	 -1.478604	 
0.004175    	 -1.502112	 -1.06061 	 
0.00418     	 -1.055135	 -0.443923	 
0.004185    	 -0.409144	 0.253272 	 
0.00419     	 0.307695 	 0.901842 	 
0.004195    	 0.96818  	 1.380703 	 
0.0042      	 1.448007 	 1.605159 	 
0.004205    	 1.655718 	 1.528837 	 
0.00421     	 1.556532 	 1.169128 	 
0.004215    	 1.16945  	 0.590438 	 
0.00422     	 0.563387 	 -0.097741	 
0.004225    	 -0.1483  	 -0.770139	 
0.00423     	 -0.831969	 -1.298911	 
0.004235    	 -1.365572	 -1.590992	 
0.00424     	 -1.646059	 -1.587128	 
0.004245    	 -1.621263	 -1.288285	 
0.00425     	 -1.296335	 -0.751139	 
0.004255    	 -0.729885	 -0.075843	 
0.00426     	 -0.028826	 0.610082 	 
0.004265    	 0.671268 	 1.182009 	 
0.00427     	 1.249958 	 1.535278 	 
0.004275    	 1.593888 	 1.603549 	 
0.00428     	 1.644125 	 1.371364 	 
0.004285    	 1.384567 	 0.882198 	 
0.00429     	 0.869317 	 0.232018 	 
0.004295    	 0.190798 	 -0.462601	 
0.0043      	 -0.522176	 -1.072847	 
0.004305    	 -1.141761	 -1.486977	 
0.00431     	 -1.552027	 -1.626415	 
0.004315    	 -1.672143	 -1.461214	 
0.00432     	 -1.482146	 -1.027441	 
0.004325    	 -1.01939 	 -0.403991	 
0.00433     	 -0.369212	 0.292238 	 
0.004335    	 0.348915 	 0.933723 	 
0.00434     	 1.001027 	 1.402601 	 
0.004345    	 1.467329 	 1.609023 	 
0.00435     	 1.658616 	 1.516278 	 
0.004355    	 1.544295 	 1.140789 	 
0.00436     	 1.139823 	 0.553082 	 
0.004365    	 0.52249  	 -0.139927	 
0.00437     	 -0.188875	 -0.803308	 
0.004375    	 -0.86868 	 -1.324996	 
0.00438     	 -1.38908 	 -1.599043	 
0.004385    	 -1.65411 	 -1.577467	 
0.00439     	 -1.610958	 -1.262522	 
0.004395    	 -1.266709	 -0.715072	 
0.0044      	 -0.69253 	 -0.037199	 
0.004405    	 0.009173 	 0.647759 	 
0.00441     	 0.709911 	 1.210348 	 
0.004415    	 1.276364 	 1.546549 	 
0.00442     	 1.605803 	 1.597108 	 
0.004425    	 1.63543  	 1.348821 	 
0.00443     	 1.361059 	 0.849995 	 
0.004435    	 0.834215 	 0.190798 	 
0.00444     	 0.148612 	 -0.502532	 
0.004445    	 -0.560498	 -1.103118	 
0.00445     	 -1.171066	 -1.504044	 
0.004455    	 -1.56523 	 -1.625127	 
0.00446     	 -1.669567	 -1.446401	 
0.004465    	 -1.465401	 -0.997492	 
0.00447     	 -0.987831	 -0.366636	 
0.004475    	 -0.327992	 0.330559 	 
0.00448     	 0.388525 	 0.96657  	 
0.004485    	 1.032587 	 1.421601 	 
0.00449     	 1.485041 	 1.612244 	 
0.004495    	 1.661514 	 1.502109 	 
0.0045      	 1.525939 	 1.112128 	 
0.004505    	 1.10762  	 0.515083 	 
0.00451     	 0.483846 	 -0.179215	 
0.004515    	 -0.232027	 -0.838087	 
0.00452     	 -0.903459	 -1.345928	 
0.004525    	 -1.410978	 -1.604517	 
0.00453     	 -1.661194	 -1.56684 	 
0.004535    	 -1.597433	 -1.237404	 
0.00454     	 -1.240624	 -0.678361	 
0.004545    	 -0.654208	 0.002732 	 
0.00455     	 0.050715 	 0.683827 	 
0.004555    	 0.745335 	 1.236754 	 
0.00456     	 1.302771 	 1.558464 	 
0.004565    	 1.61482  	 1.591311 	 
0.00457     	 1.630277 	 1.326601 	 
0.004575    	 1.336584 	 0.814571 	 
0.00458     	 0.798148 	 0.153121 	 
0.004585    	 0.109324 	 -0.5386  	 
0.00459     	 -0.600107	 -1.131778	 
0.004595    	 -1.199726	 -1.518536	 
0.0046      	 -1.578755	 -1.623839	 
0.004605    	 -1.666669	 -1.426113	 
0.00461     	 -1.442859	 -0.963679	 
0.004615    	 -0.951764	 -0.325416	 
0.00462     	 -0.288061	 0.368881 	 
0.004625    	 0.428457 	 0.999739 	 
0.00463     	 1.06479  	 1.439312 	 
0.004635    	 1.501465 	 1.611922 	 
0.00464     	 1.661192 	 1.485041 	 
0.004645    	 1.509837 	 1.081213 	 
0.00465     	 1.078637 	 0.478371 	 
0.004655    	 0.444558 	 -0.220112	 
0.00466     	 -0.271315	 -0.872867	 
0.004665    	 -0.937594	 -1.368792	 
0.00467     	 -1.43513 	 -1.609992	 
0.004675    	 -1.664415	 -1.558145	 
0.00468     	 -1.58584 	 -1.209065	 
0.004685    	 -1.211642	 -0.642615	 
0.00469     	 -0.616209	 0.044274 	 
0.004695    	 0.091291 	 0.718928 	 
0.0047      	 0.783334 	 1.261873 	 
0.004705    	 1.328533 	 1.567803 	 
0.00471     	 1.626091 	 1.581973 	 
0.004715    	 1.619328 	 1.304059 	 
0.00472     	 1.311466 	 0.780436 	 
0.004725    	 0.76208  	 0.112545 	 
0.00473     	 0.067461 	 -0.576599	 
0.004735    	 -0.639395	 -1.161405	 
0.00474     	 -1.230641	 -1.532061	 
0.004745    	 -1.593246	 -1.617076	 
0.00475     	 -1.661839	 -1.403249	 
0.004755    	 -1.422249	 -0.931798	 
0.00476     	 -0.918595	 -0.286773	 
0.004765    	 -0.246519	 0.409135 	 
0.00477     	 0.469032 	 1.029688 	 
0.004775    	 1.097315 	 1.457346 	 
0.00478     	 1.521109 	 1.615464 	 
0.004785    	 1.662159 	 1.470227 	 
0.00479     	 1.493736 	 1.050942 	 
0.004795    	 1.0474   	 0.438117 	 
0.0048      	 0.404626 	 -0.255214	 
0.004805    	 -0.311569	 -0.907324	 
0.00481     	 -0.97334 	 -1.39069 	 
0.004815    	 -1.455418	 -1.61611 	 
0.00482     	 -1.668279	 -1.540434	 
0.004825    	 -1.571992	 -1.183947	 
0.00483     	 -1.183625	 -0.60526 	 
0.004835    	 -0.575955	 0.084206 	 
0.00484     	 0.134121 	 0.755318 	 
0.004845    	 0.819402 	 1.286669 	 
0.00485     	 1.352686 	 1.57682  	 
0.004855    	 1.63221  	 1.577142 	 
0.00486     	 1.611922 	 1.278297 	 
0.004865    	 1.286669 	 0.745013 	 
0.00487     	 0.722793 	 0.071969 	 
0.004875    	 0.028495 	 -0.614277	 
0.00488     	 -0.677395	 -1.186523	 
0.004885    	 -1.256726	 -1.544942	 
0.00489     	 -1.605483	 -1.614178	 
0.004895    	 -1.656364	 -1.385537	 
0.0049      	 -1.400029	 -0.898307	 
0.004905    	 -0.884138	 -0.248129	 
0.00491     	 -0.206909	 0.448744 	 
0.004915    	 0.508964 	 1.059637 	 
0.00492     	 1.127264 	 1.475058 	 
0.004925    	 1.536244 	 1.612244 	 
0.00493     	 1.659904 	 1.450261 	 
0.004935    	 1.472804 	 1.021637 	 
0.00494     	 1.014231 	 0.399474 	 
0.004945    	 0.36405  	 -0.296433	 
0.00495     	 -0.352789	 -0.938561	 
0.004955    	 -1.005543	 -1.410656	 
0.00496     	 -1.473451	 -1.620941	 
0.004965    	 -1.671821	 -1.531417	 
0.00497     	 -1.557823	 -1.15593 	 
0.004975    	 -1.155286	 -0.567905	 
0.00498     	 -0.537956	 0.125104 	 
0.004985    	 0.174375 	 0.789775 	 
0.00499     	 0.856758 	 1.30889  	 
0.004995    	 1.374906 	 1.584549 	 
0.005       	 1.640904 	 1.565871 	 
            	          	          	 
            	          	          	 
            	          	          	 
            	          	          	 
            	          	          	 
            	          	          	 
            	          	          	 
            	          	          	 
            	          	          	 
            	          	          	 
            	          	          	 
            	          	          	 
            	          	          	 
            	          	          	 
            	          	          	 
            	          	          	 
            	          	          	 
            	          	          	 
            	          	          	 
            	          	          	 
            	          	          	 
            	          	          	 
            	          	          	 
            	          	          	 
            	          	          	 
            	          	          	 
            	          	          	 
            	          	          	 
            	          	          	 
            	          	          	 
            	          	          	 
            	          	          	 
            	          	          	 
            	          	          	 
            	          	          	 
            	          	          	 
            	          	          	 
            	          	          	 
            	          	          	 
            	          	          	 
            	          	          	 
            	          	          	 
            	          	          	 
            	          	          	 
            	          	          	 
            	          	          	 
            	          	          	 
            	          	          	 
            	          	          	 
            	          	          	 
            	          	          	 
            	          	          	 
            	          	          	 
            	          	          	 
            	          	          	 
            	          	          	 
            	          	          	 
            	          	          	 
            	          	          	 
            	          	          	 
            	          	          	 
            	          	          	 
            	          	          	 
            	          	          	 
            	          	          	 
            	          	          	 
            	          	          	 
            	          	          	 
            	          	          	 
            	          	          	 
            	          	          	 
            	          	          	 
            	          	          	 
            	          	          	 
            	          	          	 
            	          	          	 
            	          	          	 
            	          	          	 
            	          	          	 
            	          	          	 
            	          	          	 
            	          	          	 
            	          	          	 
            	          	          	 
            	          	          	 
            	          	          	 
            	          	          	 
            	          	          	 
            	          	          	 
            	          	          	 
            	          	          	 
            	          	          	 
            	          	          	 
            	          	          	 
            	          	          	 
            	          	          	 
            	          	          	 
            	          	          	 
            	          	          	 
            	          	          	 
            	          	          	 
            	          	          	 
            	          	          	 
            	          	          	 
            	          	          	 
            	          	          	 
            	          	          	 
            	          	          	 
            	          	          	 
            	          	          	 
            	          	          	 
            	          	          	 
            	          	          	 
            	          	          	 
            	          	          	 
            	          	          	 
            	          	          	 
            	          	          	 
            	          	          	 
            	          	          	 
            	          	          	 
            	          	          	 
            	          	          	 
            	          	          	 
            	          	          	 
            	          	          	 
            	          	          	 
            	          	          	 
            	          	          	 
            	          	          	 
            	          	          	 
            	          	          	 
            	          	          	 
            	          	          	 
            	          	          	 
            	          	          	 
            	          	          	 
            	          	          	 
            	          	          	 
            	          	          	 
            	          	          	 
            	          	          	 
            	          	          	 
            	          	          	 
            	          	          	 
            	          	          	 
            	          	          	 
            	          	          	 
            	          	          	 
            	          	          	 
            	          	          	 
            	          	          	 
            	          	          	 
            	          	          	 
            	          	          	 
            	          	          	 
            	          	          	 
            	          	          	 
            	          	          	 
            	          	          	 
            	          	          	 
            	          	          	 
            	          	          	 
            	          	          	 
            	          	          	 
            	          	          	 
            	          	          	 
            	          	          	 
            	          	          	 
            	          	          	 
            	          	          	 
            	          	          	 
            	          	          	 
            	          	          	 
            	          	          	 
            	          	          	 
            	          	          	 
            	          	          	 
            	          	          	 
            	          	          	 
            	          	          	 
            	          	          	 
            	          	          	 
            	          	          	 
            	          	          	 
            	          	          	 
            	          	          	 
            	          	          	 
            	          	          	 
            	          	          	 
            	          	          	 
            	          	          	 
            	          	          	 
            	          	          	 
            	          	          	 
            	          	          	 
            	          	          	 
            	          	          	 
            	          	          	 
            	          	          	 
            	          	          	 
            	          	          	 
            	          	          	 
            	          	          	 
            	          	          	 
            	          	          	 
            	          	          	 
            	          	          	 
            	          	          	 
            	          	          	 
            	          	          	 
            	          	          	 
            	          	          	 
            	          	          	 
            	          	          	 
            	          	          	 
            	          	          	 
            	          	          	 
            	          	          	 
            	          	          	 
            	          	          	 
            	          	          	 
            	          	          	 
            	          	          	 
            	          	          	 
            	          	          	 
            	          	          	 
            	          	          	 
            	          	          	 
            	          	          	 
            	          	          	 
            	          	          	 
            	          	          	 
            	          	          	 
            	          	          	 
            	          	          	 
            	          	          	 
            	          	          	 
            	          	          	 
            	          	          	 
            	          	          	 
            	          	          	 
            	          	          	 
            	          	          	 
            	          	          	 
            	          	          	 
            	          	          	 
            	          	          	 
            	          	          	 
            	          	          	 
            	          	          	 
            	          	          	 
            	          	          	 
            	          	          	 
            	          	          	 
            	          	          	 
            	          	          	 
            	          	          	 
            	          	          	 
            	          	          	 
            	          	          	 
            	          	          	 
            	          	          	 
            	          	          	 
            	          	          	 
            	          	          	 
            	          	          	 
            	          	          	 
            	          	          	 
            	          	          	 
            	          	          	 
            	          	          	 
            	          	          	 
            	          	          	 
            	          	          	 
            	          	          	 
            	          	          	 
            	          	          	 
            	          	          	 
            	          	          	 
            	          	          	 
            	          	          	 
            	          	          	 
            	          	          	 
            	          	          	 
            	          	          	 
            	          	          	 
            	          	          	 
            	          	          	 
            	          	          	 
            	          	          	 
            	          	          	 
            	          	          	 
            	          	          	 
            	          	          	 
            	          	          	 
            	          	          	 
            	          	          	 
            	          	          	 
            	          	          	 
            	          	          	 
            	          	          	 
            	          	          	 
            	          	          	 
            	          	          	 
            	          	          	 
            	          	          	 
            	          	          	 
            	          	          	 
            	          	          	 
            	          	          	 
            	          	          	 
            	          	          	 
            	          	          	 
            	          	          	 
            	          	          	 
            	          	          	 
            	          	          	 
            	          	          	 
            	          	          	 
            	          	          	 