Time (s)	V_IN	V_R	
0.000000	4.922448	4.824870
0.000005	4.921804	4.824870
0.000010	4.922448	4.824870
0.000015	4.921804	4.824548
0.000020	4.922126	4.825514
0.000025	4.922448	4.824870
0.000030	4.921804	4.825192
0.000035	4.922770	4.824870
0.000040	4.922126	4.825192
0.000045	4.922448	4.825192
0.000050	4.922126	4.824548
0.000055	4.923092	4.825514
0.000060	4.922448	4.824870
0.000065	4.922448	4.825192
0.000070	4.923092	4.824870
0.000075	4.922448	4.825192
0.000080	4.922770	4.825514
0.000085	4.922448	4.825836
0.000090	4.923092	4.825514
0.000095	4.922126	4.825192
0.000100	4.922448	4.825192
0.000105	4.922770	4.825514
0.000110	4.923092	4.825192
0.000115	4.923414	4.825836
0.000120	4.922770	4.825514
0.000125	4.923092	4.825836
0.000130	4.922448	4.825192
0.000135	4.923414	4.825514
0.000140	4.922770	4.825192
0.000145	4.923414	4.825836
0.000150	4.923414	4.824870
0.000155	4.923092	4.825514
0.000160	4.922770	4.825836
0.000165	4.921804	4.825836
0.000170	4.923414	4.825514
0.000175	4.922770	4.825514
0.000180	4.922770	4.825514
0.000185	4.922448	4.825514
0.000190	4.923092	4.825192
0.000195	4.923092	4.825836
0.000200	4.922770	4.825192
0.000205	4.922126	4.825836
0.000210	4.922448	4.825192
0.000215	4.922770	4.825192
0.000220	4.922448	4.824870
0.000225	4.922770	4.825836
0.000230	4.923414	4.824870
0.000235	4.922770	4.825192
0.000240	4.923092	4.825836
0.000245	4.923092	4.825836
0.000250	4.923092	4.826158
0.000255	4.922770	4.825514
0.000260	4.922770	4.825836
0.000265	4.922448	4.825192
0.000270	4.922126	4.825514
0.000275	4.923092	4.824870
0.000280	4.921804	4.825192
0.000285	4.922770	4.825514
0.000290	4.922126	4.825514
0.000295	4.923092	4.825836
0.000300	4.922770	4.825514
0.000305	4.922770	4.825192
0.000310	4.923736	4.825192
0.000315	4.923092	4.825836
0.000320	4.923092	4.825836
0.000325	4.922448	4.825836
0.000330	4.922770	4.825514
0.000335	4.922770	4.825192
0.000340	4.923092	4.825192
0.000345	4.922126	4.825514
0.000350	4.922448	4.825192
0.000355	4.922770	4.825192
0.000360	4.922448	4.825192
0.000365	4.922770	4.825192
0.000370	4.921804	4.825514
0.000375	4.922770	4.825514
0.000380	4.922448	4.825192
0.000385	4.922770	4.825514
0.000390	4.922448	4.824870
0.000395	4.922448	4.825836
0.000400	4.923092	4.825192
0.000405	4.922126	4.824870
0.000410	4.922770	4.825836
0.000415	4.922448	4.824870
0.000420	4.922770	4.825192
0.000425	4.923414	4.825192
0.000430	4.922770	4.824870
0.000435	4.922448	4.825192
0.000440	4.922448	4.824870
0.000445	4.922770	4.825836
0.000450	4.922448	4.824870
0.000455	4.922770	4.825192
0.000460	4.923092	4.825192
0.000465	4.922770	4.825192
0.000470	4.922770	4.824870
0.000475	4.923092	4.825514
0.000480	4.922770	4.825836
0.000485	4.922448	4.825836
0.000490	4.922448	4.825192
0.000495	4.922126	4.825192
0.000500	4.922770	4.825514
0.000505	4.922126	4.824870
0.000510	4.922770	4.825192
0.000515	4.922770	4.825192
0.000520	4.921804	4.824870
0.000525	4.922770	4.825192
0.000530	4.922448	4.825192
0.000535	4.922448	4.825514
0.000540	4.922770	4.825192
0.000545	4.922770	4.825836
0.000550	4.922448	4.825192
0.000555	4.922770	4.825192
0.000560	4.923092	4.825192
0.000565	4.922770	4.825514
0.000570	4.922448	4.826158
0.000575	4.922770	4.825192
0.000580	4.922770	4.825836
0.000585	4.923092	4.825192
0.000590	4.922448	4.825192
0.000595	4.923414	4.825192
0.000600	4.922448	4.825192
0.000605	4.922770	4.825836
0.000610	4.922448	4.825192
0.000615	4.923092	4.826480
0.000620	4.922770	4.825836
0.000625	4.922770	4.825836
0.000630	4.923092	4.825514
0.000635	4.923092	4.825836
0.000640	4.923092	4.826480
0.000645	4.922448	4.825836
0.000650	4.923092	4.825514
0.000655	4.923092	4.825192
0.000660	4.922448	4.825514
0.000665	4.922448	4.824870
0.000670	4.922126	4.825192
0.000675	4.922770	4.825192
0.000680	4.922126	4.825192
0.000685	4.923092	4.825514
0.000690	4.922126	4.824548
0.000695	4.922126	4.825514
0.000700	4.921804	4.824870
0.000705	4.922126	4.825514
0.000710	4.922448	4.824870
0.000715	4.921804	4.824548
0.000720	4.921804	4.824870
0.000725	4.922448	4.824870
0.000730	4.922448	4.825192
0.000735	4.922126	4.824548
0.000740	4.921804	4.824870
0.000745	4.922126	4.824548
0.000750	4.921482	4.824226
0.000755	4.922448	4.824870
0.000760	4.921160	4.824226
0.000765	4.922126	4.825192
0.000770	4.921804	4.824548
0.000775	4.922448	4.824548
0.000780	4.922126	4.824870
0.000785	4.922126	4.825192
0.000790	4.922448	4.824548
0.000795	4.921804	4.825192
0.000800	4.922770	4.825192
0.000805	4.921804	4.824548
0.000810	4.922770	4.824870
0.000815	4.922448	4.824548
0.000820	4.921804	4.825192
0.000825	4.922448	4.825192
0.000830	4.922126	4.824870
0.000835	4.923414	4.824870
0.000840	4.922770	4.824548
0.000845	4.921804	4.824870
0.000850	4.921804	4.824548
0.000855	4.922448	4.824548
0.000860	4.922448	4.824226
0.000865	4.921804	4.825192
0.000870	4.922448	4.825192
0.000875	4.922448	4.824870
0.000880	4.922770	4.825192
0.000885	4.921804	4.824548
0.000890	4.922448	4.825514
0.000895	4.922448	4.824870
0.000900	4.922126	4.825192
0.000905	4.922448	4.825192
0.000910	4.921804	4.824870
0.000915	4.922126	4.825514
0.000920	4.921804	4.824548
0.000925	4.922126	4.825192
0.000930	4.921804	4.824548
0.000935	4.922126	4.825192
0.000940	4.921160	4.824548
0.000945	4.920838	4.824548
0.000950	4.922126	4.825192
0.000955	4.921160	4.824548
0.000960	4.921804	4.825192
0.000965	4.922126	4.824226
0.000970	4.921804	4.824870
0.000975	4.922448	4.824548
0.000980	4.921804	4.825192
0.000985	4.922126	4.824548
0.000990	4.921804	4.824548
0.000995	4.922770	4.824870
0.001000	4.922126	4.824870
0.001005	4.922126	4.825192
0.001010	4.921804	4.824548
0.001015	4.922448	4.824548
0.001020	4.922448	4.824870
0.001025	4.921804	4.824548
0.001030	4.921804	4.825192
0.001035	4.922126	4.824548
0.001040	4.922126	4.824870
0.001045	4.922126	4.824870
0.001050	4.921804	4.824870
0.001055	4.922448	4.824226
0.001060	4.921804	4.825192
0.001065	4.922126	4.824870
0.001070	4.921804	4.824548
0.001075	4.921804	4.825192
0.001080	4.921804	4.823904
0.001085	4.922126	4.824548
0.001090	4.922448	4.823904
0.001095	4.921804	4.824548
0.001100	4.922448	4.824548
0.001105	4.921482	4.824226
0.001110	4.921804	4.824870
0.001115	4.922126	4.824548
0.001120	4.922126	4.825192
0.001125	4.922126	4.823904
0.001130	4.921804	4.825192
0.001135	4.921804	4.824870
0.001140	4.921160	4.824548
0.001145	4.922126	4.825192
0.001150	4.921482	4.824548
0.001155	4.921804	4.824870
0.001160	4.921482	4.824548
0.001165	4.922126	4.824226
0.001170	4.922448	4.824548
0.001175	4.921804	4.824870
0.001180	4.922126	4.824548
0.001185	4.921804	4.825192
0.001190	4.921804	4.824870
0.001195	4.922126	4.825192
0.001200	4.922448	4.825192
0.001205	4.922448	4.824870
0.001210	4.921482	4.825192
0.001215	4.922770	4.824870
0.001220	4.921804	4.824870
0.001225	4.922770	4.825192
0.001230	4.921482	4.825192
0.001235	4.922770	4.825192
0.001240	4.921804	4.824870
0.001245	4.921482	4.824870
0.001250	4.922770	4.824870
0.001255	4.922448	4.824548
0.001260	4.922448	4.824870
0.001265	4.921482	4.824870
0.001270	4.922448	4.825192
0.001275	4.921804	4.824870
0.001280	4.921804	4.825192
0.001285	4.922770	4.825192
0.001290	4.921804	4.825192
0.001295	4.922770	4.825192
0.001300	4.921804	4.824548
0.001305	4.922770	4.825514
0.001310	4.921482	4.824870
0.001315	4.922126	4.825192
0.001320	4.921482	4.824870
0.001325	4.921482	4.824548
0.001330	4.922448	4.824870
0.001335	4.921804	4.824548
0.001340	4.922770	4.825192
0.001345	4.921804	4.824226
0.001350	4.922126	4.824548
0.001355	4.921804	4.824870
0.001360	4.922448	4.825192
0.001365	4.922448	4.824870
0.001370	4.922126	4.824548
0.001375	4.922126	4.824870
0.001380	4.922126	4.825192
0.001385	4.922448	4.825192
0.001390	4.922126	4.824870
0.001395	4.922126	4.825514
0.001400	4.922126	4.825192
0.001405	4.922448	4.824548
0.001410	4.922770	4.825192
0.001415	4.921482	4.824548
0.001420	4.922448	4.824548
0.001425	4.922126	4.824870
0.001430	4.922448	4.825514
0.001435	4.922770	4.824548
0.001440	4.922126	4.825192
0.001445	4.921804	4.824548
0.001450	4.921804	4.824548
0.001455	4.922770	4.824870
0.001460	4.922126	4.825192
0.001465	4.922448	4.825192
0.001470	4.922448	4.825192
0.001475	4.922448	4.825192
0.001480	4.922126	4.825192
0.001485	4.922126	4.825514
0.001490	4.922126	4.824870
0.001495	4.921482	4.825192
