Frequency (Hz)	V_IN	V_R	
2099,963427	1,659759	1,618803
2200,014971	1,660205	1,617832
2300,053783	1,660816	1,617428
2400,062371	1,661109	1,616525
2400,120764	1,661125	1,616544
2500,102661	1,661850	1,615629
2600,050225	1,662324	1,614975
2600,139327	1,662047	1,615035
2700,108881	1,662571	1,614051
2799,966557	1,663235	1,613140
2799,985809	1,663405	1,613469
2899,965909	1,663874	1,612232
3000,044924	1,664809	1,611236
3100,041702	1,665502	1,610259
3100,011592	1,665544	1,610102
3200,065581	1,666359	1,608728
3300,139235	1,667118	1,607365
3300,147181	1,667384	1,607495
3400,172064	1,668195	1,606229
3499,969006	1,669091	1,604522
3600,060193	1,670043	1,602648
3599,968127	1,670349	1,603050
3700,031832	1,671617	1,601136
3800,073280	1,673064	1,599242
3800,042110	1,673069	1,599595
3900,068387	1,674744	1,597356
4000,113812	1,676254	1,595019
4000,123197	1,676185	1,594862
4100,128200	1,677916	1,592665
4200,133573	1,679788	1,590165
4300,026658	1,681978	1,587035
4299,964076	1,682030	1,587337
4400,006209	1,684199	1,584075
4500,068763	1,686735	1,580700
4499,999158	1,686852	1,580620
4600,052107	1,689619	1,576626
4700,055425	1,692540	1,572577
4800,128428	1,695881	1,568239
4800,163763	1,696028	1,567968
4900,150943	1,699764	1,563433
5000,168548	1,703721	1,557777
5000,147052	1,703605	1,557681
5100,008623	1,707986	1,551289
5200,033972	1,712972	1,544468
5300,119903	1,718729	1,537017
5300,069091	1,718863	1,536846
5400,032196	1,725065	1,528203
5500,100921	1,731948	1,518357
5500,130724	1,732328	1,518367
5600,149596	1,739968	1,507522
5700,202254	1,748749	1,495072
5700,206292	1,748838	1,494840
5800,234684	1,758658	1,480182
5900,063551	1,769628	1,464292
6000,108515	1,782488	1,445590
6000,076293	1,782709	1,445010
6100,093148	1,796720	1,424356
6200,071612	1,812899	1,399162
6200,067175	1,813354	1,398490
6300,139637	1,831447	1,369752
6400,193013	1,851549	1,336822
6500,181174	1,874411	1,297872
6500,179719	1,874858	1,296920
6600,015344	1,899703	1,253283
6700,001232	1,927121	1,201889
6700,096165	1,928030	1,200488
6800,050139	1,957457	1,141534
6900,082017	1,988160	1,076934
7000,125396	2,019698	1,005665
7000,149101	2,020398	1,004020
7100,153887	2,050450	0,930311
7200,148169	2,077973	0,856285
7200,191185	2,077974	0,855033
7300,222910	2,100407	0,789870
7400,063866	2,116748	0,739973
7400,051541	2,116700	0,739793
7500,078343	2,124916	0,714230
7600,098629	2,125241	0,716498
7700,149405	2,117765	0,745505
7700,137631	2,117713	0,745264
7800,174160	2,104112	0,794303
7900,178177	2,084946	0,854652
7900,232013	2,085137	0,853463
8000,167920	2,062835	0,917676
8100,304068	2,037857	0,983215
8200,123981	2,012448	1,044492
8200,087206	2,013279	1,042572
8300,139380	1,987492	1,100633
8400,097590	1,963102	1,152192
8400,116172	1,963948	1,150777
8500,107365	1,940690	1,197262
8600,189610	1,918364	1,239071
8600,139060	1,918921	1,238295
8700,168602	1,898491	1,274982
8800,205416	1,879353	1,308349
8900,267955	1,861926	1,337146
8900,266456	1,862638	1,336339
9000,130281	1,846554	1,362538
9100,139514	1,832119	1,385353
9100,139480	1,832494	1,384736
9200,122695	1,819285	1,405070
9300,134560	1,807255	1,423516
9400,238597	1,796123	1,439694
9400,191723	1,796605	1,439297
9500,267410	1,786357	1,454217
9600,235718	1,776936	1,467010
9600,260450	1,777161	1,466701
9700,069541	1,769130	1,478522
9800,083532	1,761295	1,489116
9800,098656	1,761478	1,488817
9900,116660	1,754267	1,498461
10000,202352	1,747503	1,507113
10100,201841	1,741802	1,515004
10100,252487	1,742020	1,514798
10200,208378	1,736392	1,522087
10300,231103	1,731566	1,528834
10400,301393	1,726829	1,534713
10400,258688	1,726861	1,534600
10500,116516	1,722506	1,540042
10600,135208	1,718816	1,545264
10600,100140	1,718768	1,545008
10700,081532	1,714870	1,549590
10800,193467	1,711529	1,553950
10800,187156	1,711739	1,553978
10900,232246	1,708573	1,557970
11000,240045	1,705214	1,561470
11100,319129	1,702532	1,564839
11100,338069	1,702766	1,564878
11200,338256	1,700065	1,567928
11300,144932	1,697742	1,570839
11300,164285	1,697801	1,570966
11400,149818	1,695560	1,573639
11500,171065	1,693385	1,576230
11600,278008	1,691520	1,578709
11600,235184	1,691471	1,578526
11700,235421	1,689473	1,580788
11800,291941	1,687744	1,582937
11900,276351	1,686204	1,584765
11900,275469	1,686084	1,584610
12000,350102	1,684692	1,586915
12100,140689	1,683020	1,588416
12100,168715	1,683107	1,588472
12200,184685	1,681612	1,590045
12300,201396	1,680489	1,591615
12300,161634	1,680367	1,591638
12400,255967	1,679039	1,593051
12500,244187	1,677640	1,594325
12600,257365	1,676848	1,595707
12600,286324	1,676674	1,595510
12700,301870	1,675809	1,597054
12800,149261	1,674534	1,598123
12800,175172	1,674761	1,598205
12900,137640	1,673568	1,599167
13000,178432	1,672515	1,600178
13100,259456	1,671874	1,601097
13100,220529	1,672012	1,601226
13200,271809	1,670870	1,602142
13300,329115	1,670059	1,603083
13400,294553	1,669366	1,603816
13400,343601	1,669384	1,603854
13500,317533	1,668445	1,604555
13600,156541	1,667844	1,605594
13600,159590	1,667802	1,605440
13700,180812	1,667228	1,606060
13800,236008	1,666570	1,606773
13900,232072	1,665965	1,607563
13900,232605	1,666038	1,607586
14000,299185	1,665416	1,608257
14100,316267	1,664662	1,608831
14200,343098	1,664173	1,609375
14200,297105	1,664194	1,609425
14300,358182	1,663596	1,609696
14400,203048	1,663022	1,610453
14400,198672	1,662976	1,610671
14500,220734	1,662663	1,611120
14600,251844	1,662074	1,611552
14700,286559	1,661870	1,612000
14700,289930	1,661893	1,612076
14800,280841	1,661253	1,612530
14900,273871	1,660891	1,612993
14900,288673	1,661165	1,612791
15000,374762	1,660465	1,613235
