Frequency (Hz)	V_IN	V_R	
2217,884062	-40,650792	-42,546188
2119,637033	-21,879262	-23,618430
2004,783959	-2,234792	-4,240924
2003,528181	-2,172028	-4,260333
2099,490996	-1,769134	-3,448883
2197,231977	-1,538813	-3,400871
2198,886188	-1,692622	-3,589702
2297,915863	-1,681563	-3,890643
2401,834666	-2,019862	-4,133095
2401,569795	-2,018052	-4,132568
2501,932611	-2,038555	-4,316763
2602,236894	-1,974662	-4,411179
2602,906781	-2,073137	-4,393055
2702,494416	-2,082953	-4,744332
2803,757765	-2,265015	-4,935673
2903,423035	-2,218427	-5,236678
2903,538095	-2,165826	-5,115005
3003,505687	-2,298913	-5,503081
3102,874421	-2,179577	-5,499824
3102,980613	-2,183548	-5,574413
3202,025526	-2,146413	-5,749782
3301,479700	-2,244663	-6,037553
3400,843063	-2,128107	-6,153835
3400,938995	-2,151772	-6,146347
3500,617504	-2,167715	-6,323177
3600,561202	-2,209240	-6,603840
3600,927122	-2,194220	-6,590142
3700,339529	-2,254149	-6,897133
3800,862840	-2,337184	-7,225162
3800,540699	-2,303224	-7,203701
3900,495897	-2,313638	-7,467877
4000,364700	-1,808013	-7,567744
4099,943156	-1,791113	-7,481449
4099,645766	-1,820252	-7,574319
4200,311781	-1,839187	-7,831439
4300,186276	-1,813944	-8,120440
4300,169191	-1,711747	-8,021212
4399,992648	-1,825187	-8,517525
4500,120344	-1,766725	-8,801078
4500,239784	-1,784946	-8,817528
4599,995551	-1,821737	-9,243695
4699,943587	-1,777449	-9,621755
4700,175407	-1,815564	-9,630880
4799,994934	-1,752693	-10,020038
4900,110321	-1,716177	-10,431345
5000,243885	-1,650985	-10,850755
5000,079481	-1,679752	-10,904224
5100,002238	-1,661159	-11,374098
5200,214503	-1,806540	-12,067624
5200,198295	-1,760621	-12,063530
5300,126861	-1,727741	-12,605486
5400,051256	-1,641066	-13,125131
5400,163006	-1,773926	-13,255418
5500,053918	-1,651842	-13,783011
5600,408037	-1,643579	-14,495917
5700,107909	-1,590546	-15,161167
5700,061177	-1,599254	-15,185920
5799,838291	-1,442583	-15,827701
5900,149960	-1,568355	-16,710661
5899,962525	-1,606463	-16,799817
6000,339530	-1,610231	-17,592132
6099,899000	-1,540646	-18,408604
6100,196330	-1,444331	-18,310696
6200,022256	-1,491238	-19,336038
6300,205947	-1,548150	-20,262707
6400,273252	-1,425168	-20,993991
6400,102585	-1,436931	-21,035439
6500,258865	-1,406909	-21,810175
6600,083767	-1,438335	-22,578162
6600,231807	-1,493549	-22,590062
6700,054458	-1,414831	-23,017395
6799,927491	-1,316847	-23,120065
6800,095985	-1,394390	-23,158204
6900,129280	-1,420797	-22,818723
7000,130442	-1,219381	-21,577946
7100,328981	-1,276551	-19,545219
7100,131786	-1,237622	-19,402691
7200,145627	-1,179317	-16,002337
7300,325248	-1,182209	-10,924626
7300,186208	-1,214099	-10,866557
7400,081897	-1,161207	-4,090128
7500,097361	-1,205907	3,746304
7600,225287	-1,225123	11,882744
7599,883798	-1,158030	11,960421
7699,957420	-0,954116	19,695920
7800,283985	-1,148719	25,455153
7800,009348	-1,017431	25,533348
7900,339840	-1,155582	29,856192
8000,421117	-1,041335	33,109571
8000,266677	-1,064874	33,065341
8100,199565	-1,135213	34,969887
8200,322601	-1,061383	36,264944
8299,868698	-1,081529	36,832412
8300,277088	-1,153214	36,779644
8400,192903	-1,093018	36,980154
8500,312923	-1,273953	36,749544
8500,159369	-1,193298	36,824552
8600,120081	-1,160121	36,580148
8700,238760	-1,217427	36,086710
8800,132273	-1,152974	35,593084
8800,277954	-1,198309	35,619050
8900,260190	-1,098704	35,128661
9000,296446	-1,191137	34,451968
9000,101631	-1,211234	34,394163
9100,166208	-1,270009	33,721373
9200,404748	-1,212511	33,180659
9200,430953	-1,230988	33,197310
9300,064935	-1,188588	32,618376
9400,408371	-1,326802	31,905741
9500,170241	-1,300549	31,332066
9500,278478	-1,159024	31,481834
9600,250970	-1,202713	30,886494
9700,128000	-1,315164	30,206106
9700,359025	-1,279079	30,313399
9800,133024	-1,297415	29,716151
9900,267344	-1,254480	29,303334
10000,050233	-1,204448	28,884898
10000,501301	-1,338377	28,817534
10100,065270	-1,185806	28,511634
10200,347540	-1,263631	27,981461
10200,319206	-1,177857	28,117110
10300,039657	-1,277073	27,586652
10400,351772	-1,347578	27,156097
10400,613496	-1,256449	27,237966
10499,993611	-1,217123	26,913132
10599,870824	-1,170502	26,615321
10700,033675	-1,111905	26,343300
10700,201721	-1,222533	26,262842
10800,215381	-1,200409	25,996317
10900,250816	-1,325656	25,570064
10900,109844	-1,416986	25,494753
11000,246178	-1,263864	25,355435
11100,579394	-1,331616	25,067282
11200,240972	-1,272304	24,842427
11200,508203	-1,454291	24,708269
11300,009441	-1,320606	24,551010
11300,249107	-1,406728	24,514943
11399,793414	-1,343370	24,331128
11500,253446	-1,380111	24,138607
11500,142245	-1,227230	24,240566
11600,403966	-1,280316	24,040541
11700,073524	-1,226315	23,896160
11700,257521	-1,239538	23,873395
11800,367833	-1,211375	23,754550
11900,193219	-1,243694	23,539940
11900,463668	-1,256218	23,540708
12000,545823	-1,326874	23,318068
12100,055909	-1,063741	23,392858
12099,867383	-1,125154	23,326975
12200,257460	-1,157526	23,174092
12300,001725	-1,303101	22,895514
12300,006995	-1,121306	23,085639
12400,228384	-1,105326	22,917683
12500,319062	-1,189113	22,799346
12500,167011	-1,175946	22,756662
12600,642238	-1,119640	22,801953
12700,073154	-1,172866	22,572887
12700,276667	-1,187961	22,567216
12799,995064	-1,057091	22,551901
12900,383055	-1,139184	22,465565
12900,177511	-1,056568	22,539697
13000,156040	-1,097924	22,362057
13100,053798	-1,233499	22,167459
13100,142315	-1,113612	22,276397
13200,498299	-1,013822	22,321035
13300,488764	-1,092575	22,238571
13300,377747	-1,099797	22,200968
13400,300104	-1,182285	22,025147
13500,437515	-1,008603	22,153005
13500,322638	-1,045314	22,153909
13600,416384	-1,028359	22,113599
13700,409874	-1,040916	22,015784
13700,135970	-1,062914	21,932752
13800,279318	-1,147256	21,849423
13900,482164	-1,055372	21,940169
13900,118046	-1,125192	21,828253
14000,338065	-1,128448	21,754330
14100,140754	-1,085631	21,750462
14099,994385	-1,015777	21,832857
14200,333804	-0,968819	21,864704
14300,313649	-1,026243	21,742152
14300,065964	-0,892481	21,887499
14400,078707	-0,967006	21,844081
14400,136221	-1,177298	21,631998
14500,531728	-1,069381	21,698573
14600,124068	-0,847296	21,872261
14600,499828	-1,030176	21,727579
14700,314211	-1,094202	21,637025
14800,345190	-0,965217	21,757499
14900,365708	-0,895214	21,808349
14900,415626	-1,052323	21,644215
15000,168252	-0,876356	21,747964
15000,290147	-0,941981	21,774695
