Frequency (Hz)	V_IN	V	
2299,891448	0,000000	-2,158778
2400,018494	0,000000	-2,309634
2399,986520	0,000000	-2,310104
2500,046584	0,000000	-2,406765
2600,100972	0,000000	-2,569806
2600,020940	0,000000	-2,599298
2700,221322	0,000000	-2,689697
2799,871615	0,000000	-2,855031
2799,937270	0,000000	-2,847685
2899,968578	0,000000	-3,014565
3000,036721	0,000000	-3,200760
3100,008810	0,000000	-3,347116
3100,058464	0,000000	-3,329176
3200,114542	0,000000	-3,509579
3300,108777	0,000000	-3,731595
3300,058859	0,000000	-3,738876
3400,195075	0,000000	-3,908398
3499,997819	0,000000	-4,114062
3600,051542	0,000000	-4,314897
3600,074449	0,000000	-4,308756
3700,045343	0,000000	-4,497161
3800,010160	0,000000	-4,818367
3800,137388	0,000000	-4,782574
3900,038491	0,000000	-5,047168
4000,065457	0,000000	-5,295146
4100,107874	0,000000	-5,577269
4100,142075	0,000000	-5,567807
4200,145099	0,000000	-5,874185
4300,051440	0,000000	-6,156349
4300,038203	0,000000	-6,167580
4400,051346	0,000000	-6,481843
4500,020634	0,000000	-6,822744
4499,989203	0,000000	-6,835182
4600,040392	0,000000	-7,185136
4700,143128	0,000000	-7,558075
4800,106415	0,000000	-7,960239
4800,090240	0,000000	-7,963584
4900,190891	0,000000	-8,365070
5000,156688	0,000000	-8,800635
5000,223757	0,000000	-8,773248
5099,990207	0,000000	-9,262402
5200,076104	0,000000	-9,728253
5300,012919	0,000000	-10,247082
5300,078530	0,000000	-10,273267
5400,050116	0,000000	-10,830358
5500,086744	0,000000	-11,361167
5500,103506	0,000000	-11,363064
5600,069641	0,000000	-11,966492
5700,225389	0,000000	-12,532577
5800,183142	0,000000	-13,157533
5800,285568	0,000000	-13,150132
5899,954922	0,000000	-13,827384
6000,011551	0,000000	-14,441001
6000,060127	0,000000	-14,446208
6100,149404	0,000000	-15,029588
6200,155022	0,000000	-15,638965
6300,183068	0,000000	-16,176291
6300,064616	0,000000	-16,201571
6400,210116	0,000000	-16,636794
6500,183821	0,000000	-17,018966
6500,200405	0,000000	-16,964431
6600,076502	0,000000	-17,169023
6700,084655	0,000000	-17,129067
6800,012272	0,000000	-16,763995
6800,165719	0,000000	-16,692208
6900,015049	0,000000	-15,982716
7000,044732	0,000000	-14,604135
7000,237390	0,000000	-14,446794
7100,242936	0,000000	-12,384215
7200,228704	0,000000	-9,767083
7300,169948	0,000000	-6,568914
7300,238596	0,000000	-6,485286
7400,080262	0,000000	-2,692800
7500,081321	0,000000	1,436551
7600,110293	0,000000	5,774553
7600,075998	0,000000	5,739737
7700,153893	0,000000	9,972572
7800,239721	0,000000	13,952704
7800,182286	0,000000	13,847993
7900,189405	0,000000	17,274184
8000,222274	0,000000	20,262329
8000,284874	0,000000	20,261286
8100,249794	0,000000	22,647428
8200,015303	0,000000	24,680279
8300,083309	0,000000	26,211895
8300,095758	0,000000	26,191521
8400,074348	0,000000	27,333468
8500,142680	0,000000	28,204087
8500,100921	0,000000	28,190791
8600,124212	0,000000	28,800284
8700,251728	0,000000	29,191416
8800,163510	0,000000	29,419448
8800,313946	0,000000	29,439561
8900,229615	0,000000	29,497292
9000,087353	0,000000	29,496947
9000,165030	0,000000	29,543445
9100,063994	0,000000	29,461637
9200,120227	0,000000	29,294616
9300,133394	0,000000	29,120585
9300,242324	0,000000	29,156322
9400,172488	0,000000	28,927872
9500,252594	0,000000	28,718717
9500,266447	0,000000	28,765601
9600,284371	0,000000	28,482910
9700,193336	0,000000	28,280614
9800,180243	0,000000	27,975035
9800,192550	0,000000	27,993048
9900,056089	0,000000	27,759261
10000,213127	0,000000	27,480684
10000,164101	0,000000	27,480838
10100,208191	0,000000	27,239592
10200,279777	0,000000	27,005625
10200,276895	0,000000	27,042457
10300,299895	0,000000	26,792312
10400,311979	0,000000	26,546404
10500,169803	0,000000	26,313540
10500,187147	0,000000	26,331603
10600,218644	0,000000	26,111581
10700,126857	0,000000	25,866306
10700,142143	0,000000	25,881542
10800,210157	0,000000	25,720523
10900,148490	0,000000	25,479708
11000,252929	0,000000	25,331539
11000,328953	0,000000	25,350917
11100,365572	0,000000	25,144062
11200,202669	0,000000	24,926807
11200,212449	0,000000	24,921192
11300,276666	0,000000	24,801550
11400,221463	0,000000	24,621053
11500,213310	0,000000	24,453076
11500,195729	0,000000	24,450145
11600,133061	0,000000	24,293521
11700,242746	0,000000	24,151686
11700,296658	0,000000	24,200447
11800,273589	0,000000	24,004760
11900,344578	0,000000	23,899882
12000,371950	0,000000	23,798104
12000,433683	0,000000	23,805123
12100,112455	0,000000	23,647659
12200,134958	0,000000	23,530638
12200,093846	0,000000	23,542031
12300,139377	0,000000	23,418660
12400,241159	0,000000	23,357645
12500,335885	0,000000	23,256089
12500,260429	0,000000	23,207000
12600,274833	0,000000	23,148599
12700,305696	0,000000	23,094315
12700,301356	0,000000	23,085536
12800,172195	0,000000	23,032531
12900,136846	0,000000	22,919004
13000,199450	0,000000	22,844648
13000,290772	0,000000	22,886411
13100,302208	0,000000	22,790930
13200,191487	0,000000	22,713039
13200,178861	0,000000	22,724200
13300,300094	0,000000	22,688755
13400,274356	0,000000	22,612971
13500,222385	0,000000	22,565259
13500,307973	0,000000	22,586183
13600,138755	0,000000	22,530009
13700,203318	0,000000	22,524781
13700,147629	0,000000	22,506452
13800,115912	0,000000	22,455632
13900,320924	0,000000	22,491997
14000,335582	0,000000	22,450626
14000,286319	0,000000	22,417003
14100,180655	0,000000	22,374532
14200,364801	0,000000	22,369789
14200,266075	0,000000	22,337979
14300,300258	0,000000	22,360746
14400,171112	0,000000	22,332825
14500,220661	0,000000	22,318186
14500,207465	0,000000	22,336759
14600,177814	0,000000	22,287087
14700,244791	0,000000	22,304804
14700,236917	0,000000	22,274482
14800,257096	0,000000	22,292519
14900,263583	0,000000	22,286853
15000,383193	0,000000	22,301843
15000,277717	0,000000	22,270251
