Frequency (Hz)	V_IN	V	
1499,960410	2,163659	2,149323
1600,024656	2,163661	2,149724
1700,076051	2,163608	2,149222
1800,117154	2,163391	2,149398
1800,072773	2,163507	2,148890
1900,167821	2,163393	2,148445
2000,015703	2,163153	2,148301
2000,008422	2,163628	2,148452
2099,958874	2,163248	2,148244
2200,011853	2,163300	2,148009
2300,045518	2,163453	2,147777
2300,080495	2,163743	2,147538
2400,053448	2,163385	2,147062
2500,074389	2,163624	2,147010
2500,127567	2,163337	2,146891
2600,148500	2,163635	2,146488
2700,181113	2,163514	2,145844
2700,150407	2,163245	2,145884
2799,940459	2,163063	2,145738
2900,015259	2,163435	2,145204
3000,002860	2,163347	2,144434
3000,042486	2,163233	2,144525
3100,039203	2,163309	2,144100
3200,040855	2,163328	2,143487
3200,030435	2,163357	2,143824
3300,111074	2,163372	2,143158
3400,234351	2,163269	2,142441
3500,008980	2,163271	2,141762
3500,024977	2,163518	2,141749
3600,013585	2,163457	2,141027
3700,028844	2,163696	2,140194
3700,011128	2,163583	2,140449
3800,041171	2,163416	2,139421
3900,075240	2,163700	2,138928
3900,044218	2,163657	2,138846
4000,161372	2,163872	2,137554
4100,163560	2,163919	2,136893
4200,169155	2,163818	2,135918
4200,167052	2,163940	2,135822
4299,996810	2,164113	2,134411
4399,999053	2,164018	2,133140
4400,048155	2,164139	2,133451
4499,963623	2,164255	2,131625
4600,082068	2,164412	2,130395
4700,103443	2,164980	2,128610
4700,086862	2,164902	2,128628
4800,100253	2,165099	2,126884
4900,179001	2,165690	2,125125
4900,176350	2,165334	2,124694
5000,152770	2,165790	2,122622
5099,949357	2,165993	2,119944
5100,023527	2,166379	2,120349
5200,056650	2,166334	2,117247
5300,049689	2,167049	2,114154
5400,120589	2,168058	2,110802
5400,016567	2,167754	2,110806
5500,106040	2,168230	2,106857
5600,147328	2,169168	2,102280
5700,243855	2,169941	2,097365
5700,176994	2,170076	2,097181
5800,195856	2,170927	2,091688
5900,073920	2,172027	2,085083
5899,967405	2,172197	2,084862
6000,094363	2,173551	2,077096
6100,088246	2,174859	2,068001
6200,088531	2,176963	2,057362
6200,154664	2,177004	2,056982
6300,150826	2,179337	2,044410
6400,169679	2,181851	2,029178
6400,145426	2,182062	2,028880
6500,194596	2,185300	2,010075
6600,068638	2,189282	1,987581
6700,098198	2,194546	1,959573
6700,074560	2,194686	1,958446
6800,110173	2,200375	1,923147
6900,108631	2,207646	1,880018
6900,084110	2,208289	1,877995
7000,167829	2,217032	1,822200
7100,159147	2,227878	1,755849
7200,178849	2,240049	1,673781
7200,185600	2,240839	1,669923
7300,210822	2,253686	1,580323
7400,056049	2,266022	1,487906
7400,076945	2,266253	1,485174
7500,070098	2,275465	1,412159
7600,085831	2,280030	1,376896
7700,159145	2,278834	1,388176
7700,158641	2,278449	1,388319
7800,167516	2,272330	1,439812
7900,237184	2,263315	1,513875
7900,214274	2,263610	1,511966
8000,251506	2,252572	1,591308
8100,311062	2,241860	1,669495
8200,096242	2,231596	1,737538
8200,056218	2,231755	1,735078
8300,081131	2,222348	1,795964
8400,155376	2,214538	1,845711
8400,100590	2,214367	1,843572
8500,131258	2,207712	1,885439
8600,205415	2,201014	1,921469
8700,277184	2,195813	1,951123
8700,230724	2,196453	1,950075
8800,206944	2,191431	1,975486
8900,301415	2,187679	1,996261
8900,294507	2,187723	1,995695
9000,083257	2,184533	2,013380
9100,130483	2,181419	2,028607
9200,213672	2,178954	2,041494
9200,194870	2,179095	2,041285
9300,149001	2,177210	2,052788
9400,218091	2,175161	2,062257
9400,234519	2,174997	2,062325
9500,179816	2,173294	2,070618
9600,232758	2,171875	2,077902
9700,060693	2,170840	2,084382
9700,095651	2,170524	2,084250
9800,085397	2,169456	2,089868
9900,197163	2,168442	2,094602
9900,174638	2,168175	2,094835
10000,159484	2,167780	2,099055
10100,172621	2,166515	2,103012
10200,176913	2,165708	2,106382
10200,227064	2,165928	2,106544
10300,220728	2,165384	2,110039
10400,251172	2,164557	2,112652
10500,116504	2,164285	2,115288
10500,127498	2,164195	2,115175
10600,169806	2,163632	2,117374
10700,136732	2,162890	2,119471
10700,163122	2,163162	2,119639
10800,204377	2,162727	2,121502
10900,198126	2,162167	2,123234
11000,254413	2,161839	2,124707
11000,262899	2,161901	2,124875
11100,252802	2,161513	2,126459
11200,302228	2,161338	2,127444
11200,281102	2,161020	2,127574
11300,144308	2,161196	2,128826
11400,143061	2,160489	2,129975
11500,162553	2,160748	2,131375
11500,176082	2,160615	2,131121
11600,213567	2,160332	2,131851
11700,187699	2,159903	2,133071
11800,266582	2,159596	2,133657
11800,286761	2,159621	2,133740
11900,316457	2,159467	2,134253
12000,230733	2,159563	2,135132
12000,343146	2,159265	2,134935
12100,107665	2,158785	2,135919
12200,222278	2,159196	2,136833
12300,220661	2,158921	2,136978
12300,211774	2,158864	2,137138
12400,242433	2,158660	2,137859
12500,220145	2,158185	2,137827
12500,244470	2,157999	2,137854
12600,267651	2,157909	2,138541
12700,317149	2,158102	2,139144
12800,155216	2,158109	2,139423
12800,147866	2,158190	2,139483
12900,235819	2,157798	2,140245
13000,233673	2,157930	2,140380
13000,224147	2,157838	2,140287
13100,215670	2,157930	2,140703
13200,281968	2,157633	2,141186
13300,241965	2,157466	2,141250
13300,314727	2,157607	2,141486
13400,291471	2,157502	2,141840
13500,311973	2,157374	2,141926
13500,319816	2,157245	2,142346
13600,213085	2,157167	2,142040
13700,208578	2,157133	2,142499
13800,247668	2,157291	2,142796
13800,230232	2,157127	2,142935
13900,258913	2,157044	2,143022
14000,242548	2,156758	2,142940
14100,294623	2,156924	2,143426
14100,264976	2,156685	2,143578
14200,309174	2,156865	2,143756
14300,324244	2,156914	2,143660
