Time (s)	V_IN	V_R	
0,000000	-0,003064	-0,003386
0,000005	-0,003708	-0,003386
0,000010	-0,004352	-0,003386
0,000015	-0,001454	-0,001132
0,000020	-0,001776	-0,003386
0,000025	-0,003386	-0,001776
0,000030	-0,003386	-0,004674
0,000035	-0,002098	-0,002420
0,000040	-0,003386	-0,000488
0,000045	-0,003386	-0,002742
0,000050	-0,003064	-0,004352
0,000055	-0,003386	-0,002098
0,000060	-0,003708	-0,003064
0,000065	-0,002098	-0,003064
0,000070	-0,001776	-0,001776
0,000075	-0,003064	-0,003708
0,000080	-0,004030	-0,002742
0,000085	-0,004030	-0,004030
0,000090	-0,004674	-0,005640
0,000095	-0,002742	-0,002098
0,000100	-0,002742	-0,002742
0,000105	-0,002742	-0,003708
0,000110	-0,003064	-0,002420
0,000115	-0,003386	-0,003386
0,000120	-0,001776	-0,002420
0,000125	-0,002420	-0,002742
0,000130	-0,002420	-0,001776
0,000135	-0,004674	-0,001776
0,000140	-0,003064	-0,001776
0,000145	-0,003064	-0,004352
0,000150	-0,003064	-0,003708
0,000155	-0,002742	-0,003064
0,000160	-0,004352	-0,002742
0,000165	-0,002742	-0,004674
0,000170	-0,003708	-0,003064
0,000175	-0,004352	-0,003386
0,000180	-0,003064	-0,003064
0,000185	-0,002098	-0,003064
0,000190	-0,002742	-0,003708
0,000195	-0,003708	-0,002098
0,000200	-0,003064	-0,004674
0,000205	-0,002742	-0,004030
0,000210	-0,002098	-0,002420
0,000215	-0,004030	-0,004030
0,000220	-0,002742	-0,004030
0,000225	-0,003064	-0,001776
0,000230	-0,004352	-0,002420
0,000235	-0,003386	-0,003064
0,000240	-0,002098	-0,003064
0,000245	-0,002742	-0,003386
0,000250	-0,002742	-0,002742
0,000255	-0,004996	-0,003708
0,000260	-0,003386	-0,004674
0,000265	-0,004352	-0,001132
0,000270	-0,004352	-0,002098
0,000275	-0,003386	-0,004996
0,000280	-0,002742	-0,004674
0,000285	-0,005318	-0,002742
0,000290	-0,004030	-0,003064
0,000295	-0,002742	-0,003708
0,000300	-0,002742	-0,003386
0,000305	-0,004352	-0,003386
0,000310	-0,002742	-0,002420
0,000315	-0,002420	-0,002742
0,000320	-0,002420	-0,003708
0,000325	-0,003386	-0,001776
0,000330	-0,003386	-0,003064
0,000335	-0,004352	-0,002098
0,000340	-0,003386	-0,002742
0,000345	-0,003064	-0,004352
0,000350	-0,002098	-0,001454
0,000355	-0,002742	-0,003064
0,000360	-0,002742	-0,002742
0,000365	-0,002420	-0,002742
0,000370	-0,003064	-0,002420
0,000375	-0,003064	-0,003708
0,000380	-0,003708	-0,003064
0,000385	-0,003064	-0,003064
0,000390	-0,004030	-0,002420
0,000395	-0,003386	-0,002098
0,000400	-0,003064	-0,003064
0,000405	-0,002742	-0,002098
0,000410	-0,003708	-0,005318
0,000415	-0,003708	-0,002098
0,000420	-0,003064	-0,003064
0,000425	-0,002420	-0,003708
0,000430	-0,004674	-0,002420
0,000435	-0,002742	-0,002420
0,000440	-0,004674	-0,002420
0,000445	-0,003386	-0,003064
0,000450	-0,002098	-0,004030
0,000455	-0,003708	-0,004996
0,000460	-0,004030	-0,002742
0,000465	-0,004674	-0,001776
0,000470	-0,000810	-0,002098
0,000475	-0,003386	-0,003708
0,000480	-0,003708	-0,002098
0,000485	-0,001454	-0,003708
0,000490	-0,002742	-0,003708
0,000495	-0,003708	-0,002742
