 2194.993488	 2.290029	 2.280443	 0.01
 2194.977245	 2.290221	 2.280512	 0.01
 2210.065581	 2.290105	 2.28046 	 0.01
 2210.072061	 2.290106	 2.280452	 0.01
 2224.966353	 2.290086	 2.280403	 0.01
 2224.967933	 2.290289	 2.280374	 0.01
 2240.043946	 2.290087	 2.28037 	 0.01
 2240.062272	 2.290191	 2.280429	 0.01
 2254.950489	 2.290084	 2.280238	 0.01
 2254.957449	 2.290061	 2.280392	 0.01
 2254.962779	 2.290297	 2.280387	 0.01
 2270.047989	 2.290052	 2.280197	 0.01
 2270.049536	 2.290124	 2.280353	 0.01
 2285.141142	 2.290201	 2.280253	 0.01
 2285.130571	 2.289959	 2.280256	 0.01
 2300.036483	 2.290043	 2.280262	 0.01
 2300.032502	 2.290238	 2.280379	 0.01
 2315.121417	 2.290078	 2.280257	 0.01
 2315.133046	 2.290145	 2.280422	 0.01
 2315.12563 	 2.290087	 2.280293	 0.01
 2330.022597	 2.290143	 2.280121	 0.01
 2330.029644	 2.290117	 2.280335	 0.01
 2345.107354	 2.290238	 2.280229	 0.01
 2345.113359	 2.28986 	 2.279968	 0.01
 2360.022323	 2.290046	 2.280134	 0.01
 2360.01491 	 2.290075	 2.28001 	 0.01
 2360.007499	 2.290018	 2.28008 	 0.01
 2375.103799	 2.290058	 2.280016	 0.01
 2375.104988	 2.29008 	 2.280071	 0.01
 2390.000938	 2.290039	 2.280035	 0.01
 2390.006517	 2.290061	 2.279987	 0.01
 2405.090377	 2.290296	 2.280237	 0.01
 2405.094367	 2.290088	 2.279918	 0.01
 2419.992128	 2.290089	 2.279947	 0.01
 2419.990608	 2.290023	 2.279992	 0.01
 2419.991798	 2.290027	 2.279935	 0.01
 2435.075525	 2.290036	 2.279856	 0.01
 2435.081327	 2.290188	 2.280003	 0.01
 2449.980286	 2.290147	 2.280051	 0.01
 2449.978027	 2.29001 	 2.279946	 0.01
 2465.072288	 2.290025	 2.2797  	 0.01
 2465.066702	 2.290018	 2.279871	 0.01
 2479.977779	 2.290089	 2.279947	 0.01
 2479.974735	 2.289946	 2.279958	 0.01
 2491.521091	 2.290082	 2.279688	 0.01
 2495.062665	 2.289951	 2.279673	 0.01
 2495.052685	 2.289955	 2.2798  	 0.01
 2509.959741	 2.289931	 2.279672	 0.01
 2509.958407	 2.289995	 2.279636	 0.01
 2525.049029	 2.290019	 2.279724	 0.01
 2525.043962	 2.290117	 2.279806	 0.01
 2540.13694 	 2.289966	 2.279602	 0.01
 2540.13922 	 2.289873	 2.279388	 0.01
 2540.129397	 2.290196	 2.279732	 0.01
 2555.034704	 2.289735	 2.279432	 0.01
 2555.039815	 2.289937	 2.279712	 0.01
 2570.123331	 2.289944	 2.279614	 0.01
 2570.13014 	 2.289918	 2.279549	 0.01
 2585.020905	 2.290032	 2.27933 	 0.01
 2585.034269	 2.290013	 2.279676	 0.01
 2600.114048	 2.289795	 2.279453	 0.01
 2600.0989  	 2.289872	 2.279543	 0.01
 2600.120634	 2.29014 	 2.279605	 0.01
 2615.011739	 2.289934	 2.279489	 0.01
 2615.019953	 2.289974	 2.279498	 0.01
 2630.104329	 2.289933	 2.279306	 0.01
 2630.106135	 2.290023	 2.279398	 0.01
 2644.996426	 2.289872	 2.27944 	 0.01
 2645.00538 	 2.289831	 2.279183	 0.01
 2660.09297 	 2.290082	 2.279511	 0.01
 2660.083671	 2.289815	 2.279378	 0.01
 2674.98996 	 2.28978 	 2.279125	 0.01
 2674.985488	 2.289857	 2.279098	 0.01
 2674.988764	 2.289767	 2.279227	 0.01
 2690.077384	 2.289831	 2.27919 	 0.01
 2690.080561	 2.289971	 2.279284	 0.01
 2704.991193	 2.289796	 2.279185	 0.01
 2704.987846	 2.28991 	 2.27934 	 0.01
 2720.059445	 2.290028	 2.279131	 0.01
 2720.072026	 2.289901	 2.279343	 0.01
 2734.967818	 2.289871	 2.279052	 0.01
 2734.974411	 2.289956	 2.279132	 0.01
 2734.975245	 2.289889	 2.27915 	 0.01
 2750.062865	 2.289894	 2.27908 	 0.01
 2750.054055	 2.289896	 2.279062	 0.01
 2764.956608	 2.289914	 2.279065	 0.01
 2764.958953	 2.289777	 2.279127	 0.01
 2780.035231	 2.289853	 2.278892	 0.01
 2780.04879 	 2.289812	 2.278896	 0.01
 2795.132479	 2.289838	 2.278774	 0.01
 2795.132649	 2.289669	 2.278874	 0.01
 2810.033575	 2.289773	 2.278806	 0.01
 2810.038615	 2.289594	 2.278913	 0.01
 2825.129144	 2.289778	 2.2788  	 0.01
 2825.129591	 2.28987 	 2.278842	 0.01
 2825.125481	 2.289798	 2.278796	 0.01
 2840.022889	 2.289878	 2.278944	 0.01
 2840.036235	 2.289715	 2.278579	 0.01
 2855.112697	 2.28963 	 2.278744	 0.01
 2855.111021	 2.289802	 2.278776	 0.01
 2870.012568	 2.28973 	 2.27868 	 0.01
 2870.011819	 2.289784	 2.278672	 0.01
 2885.098798	 2.289921	 2.278671	 0.01
 2885.110769	 2.28964 	 2.278563	 0.01
 2900.006454	 2.289864	 2.278619	 0.01
 2900.002637	 2.28973 	 2.278597	 0.01
 2915.091302	 2.289797	 2.278608	 0.01
 2915.089019	 2.28974 	 2.278565	 0.01
 2929.995325	 2.289854	 2.278535	 0.01
 2929.998413	 2.289948	 2.27858 	 0.01
 2930.063241	 2.28971 	 2.278506	 0.01
 2945.084167	 2.289647	 2.278402	 0.01
 2945.084178	 2.289708	 2.278304	 0.01
 2959.980422	 2.289757	 2.278492	 0.01
 2959.982479	 2.28982 	 2.278317	 0.01
 2975.071671	 2.289693	 2.278491	 0.01
 2975.06549 	 2.289782	 2.278407	 0.01
 2989.970499	 2.289577	 2.278328	 0.01
 2989.976135	 2.289865	 2.278277	 0.01
 3005.062874	 2.289649	 2.278203	 0.01
 3005.05911 	 2.28973 	 2.278281	 0.01
 3020.143156	 2.289795	 2.278181	 0.01
 3020.142723	 2.289534	 2.278094	 0.01
 3020.142979	 2.28973 	 2.27811 	 0.01
 3035.050161	 2.28972 	 2.278115	 0.01
 3035.043969	 2.289819	 2.278233	 0.01
 3050.136998	 2.289641	 2.278261	 0.01
 3050.12622 	 2.289716	 2.277981	 0.01
 3065.038219	 2.289637	 2.278156	 0.01
 3065.043654	 2.289549	 2.277965	 0.01
 3080.123627	 2.289651	 2.278058	 0.01
 3080.128878	 2.289606	 2.278071	 0.01
 3095.030089	 2.289449	 2.277786	 0.01
 3095.019023	 2.289676	 2.277868	 0.01
 3095.099115	 2.289681	 2.278093	 0.01
 3110.116257	 2.289871	 2.277973	 0.01
 3110.110264	 2.289601	 2.277959	 0.01
 3125.00976 	 2.289612	 2.278093	 0.01
 3125.021323	 2.289867	 2.277923	 0.01
 3140.101298	 2.289609	 2.277812	 0.01
 3140.110341	 2.28943 	 2.27778 	 0.01
 3154.997868	 2.2897  	 2.277765	 0.01
 3155.003315	 2.289677	 2.277709	 0.01
 3170.090885	 2.289515	 2.277827	 0.01
 3170.097555	 2.289598	 2.277787	 0.01
 3184.993291	 2.289554	 2.277631	 0.01
 3184.983025	 2.289952	 2.27776 	 0.01
 3200.071187	 2.289602	 2.277656	 0.01
 3200.088452	 2.289528	 2.27757 	 0.01
 3214.995626	 2.289689	 2.277553	 0.01
 3214.989333	 2.289681	 2.277636	 0.01
 3230.077938	 2.289633	 2.277492	 0.01
 3230.065827	 2.289505	 2.277483	 0.01
 3244.968344	 2.289525	 2.277604	 0.01
 3244.980133	 2.289642	 2.277475	 0.01
 3244.969944	 2.289705	 2.277585	 0.01
 3260.060214	 2.289611	 2.277408	 0.01
 3260.055125	 2.289531	 2.277416	 0.01
 3275.149986	 2.289666	 2.277488	 0.01
 3275.148959	 2.289609	 2.277224	 0.01
 3290.052421	 2.289579	 2.277355	 0.01
 3290.044977	 2.289614	 2.277113	 0.01
 3305.132939	 2.28946 	 2.277257	 0.01
 3305.141456	 2.289539	 2.277169	 0.01
 3320.037585	 2.289606	 2.277164	 0.01
 3320.041193	 2.289675	 2.277233	 0.01
 3335.121112	 2.289583	 2.277032	 0.01
 3335.132301	 2.289329	 2.27689 	 0.01
 3335.124734	 2.289408	 2.277006	 0.01
 3350.023542	 2.289617	 2.277061	 0.01
 3350.033857	 2.289345	 2.276961	 0.01
 3365.110906	 2.289342	 2.276855	 0.01
 3365.115364	 2.289292	 2.276896	 0.01
 3380.009903	 2.289415	 2.276921	 0.01
 3380.024486	 2.289387	 2.276731	 0.01
 3395.099614	 2.289478	 2.276816	 0.01
 3395.096675	 2.289441	 2.276819	 0.01
 3395.107667	 2.289435	 2.276691	 0.01
 3409.998173	 2.289542	 2.276685	 0.01
 3410.015935	 2.289467	 2.276803	 0.01
 3425.100972	 2.289429	 2.276517	 0.01
 3425.096649	 2.289493	 2.27673 	 0.01
 3439.996668	 2.289364	 2.276519	 0.01
 3439.993722	 2.28946 	 2.276615	 0.01
 3455.088597	 2.289375	 2.276452	 0.01
 3455.085702	 2.28938 	 2.276479	 0.01
 3469.982216	 2.289513	 2.276586	 0.01
 3469.986198	 2.289601	 2.276485	 0.01
 3485.070256	 2.289491	 2.276465	 0.01
 3485.066497	 2.289566	 2.276322	 0.01
 3499.97229 	 2.289501	 2.276401	 0.01
 3499.972647	 2.289597	 2.276545	 0.01
 3515.066141	 2.289505	 2.276456	 0.01
 3515.061596	 2.289369	 2.276298	 0.01
 3530.146138	 2.289485	 2.276381	 0.01
 3530.149901	 2.289468	 2.276172	 0.01
 3545.053641	 2.289342	 2.276283	 0.01
 3545.040263	 2.289722	 2.276142	 0.01
 3545.045215	 2.289391	 2.276294	 0.01
 3560.137017	 2.289481	 2.276171	 0.01
 3560.128565	 2.289428	 2.276146	 0.01
 3575.039634	 2.289447	 2.276065	 0.01
 3575.042798	 2.289278	 2.275999	 0.01
 3590.133618	 2.289242	 2.276089	 0.01
 3590.136916	 2.289418	 2.275929	 0.01
 3605.023045	 2.289352	 2.27581 	 0.01
 3605.025681	 2.289412	 2.275865	 0.01
 3620.12185 	 2.289454	 2.275909	 0.01
 3620.111131	 2.28955 	 2.275931	 0.01
 3635.013209	 2.289475	 2.27581 	 0.01
 3635.01887 	 2.289398	 2.275775	 0.01
 3650.112562	 2.289561	 2.275841	 0.01
 3650.102231	 2.289363	 2.275759	 0.01
 3665.00652 	 2.289418	 2.275547	 0.01
 3665.016105	 2.289274	 2.275627	 0.01
 3680.091079	 2.289324	 2.275593	 0.01
 3680.095171	 2.289349	 2.275613	 0.01
 3694.991243	 2.28941 	 2.275467	 0.01
 3695.000916	 2.289349	 2.275415	 0.01
 3710.082214	 2.28936 	 2.275463	 0.01
 3710.087726	 2.289269	 2.275281	 0.01
 3724.982105	 2.289338	 2.275176	 0.01
 3724.984552	 2.289253	 2.2752  	 0.01
 3724.986398	 2.289317	 2.275249	 0.01
 3740.064358	 2.289364	 2.275131	 0.01
 3740.06924 	 2.289247	 2.275088	 0.01
 3755.163652	 2.289226	 2.275122	 0.01
 3755.15929 	 2.28922 	 2.27504 	 0.01
 3770.061739	 2.289189	 2.275082	 0.01
 3770.065664	 2.289263	 2.274818	 0.01
 3785.147059	 2.289374	 2.275014	 0.01
 3785.15294 	 2.289339	 2.275063	 0.01
 3800.046644	 2.289312	 2.274934	 0.01
 3800.04325 	 2.289256	 2.274971	 0.01
 3815.131593	 2.289152	 2.274687	 0.01
 3815.139143	 2.289393	 2.274667	 0.01
 3830.037948	 2.289384	 2.274694	 0.01
 3830.04624 	 2.289365	 2.274702	 0.01
 3845.125043	 2.289286	 2.274796	 0.01
 3845.129402	 2.28924 	 2.274515	 0.01
 3860.031653	 2.289285	 2.27455 	 0.01
 3860.029241	 2.28922 	 2.274553	 0.01
 3875.115226	 2.289385	 2.274576	 0.01
 3875.113123	 2.289041	 2.274473	 0.01
 3879.293166	 2.288472	 2.273617	 0.01
 3890.019403	 2.289268	 2.274302	 0.01
 3890.027707	 2.289568	 2.274508	 0.01
 3905.105788	 2.289333	 2.274235	 0.01
 3905.103747	 2.289326	 2.274285	 0.01
 3920.009177	 2.289257	 2.274191	 0.01
 3920.009229	 2.28924 	 2.274067	 0.01
 3935.097031	 2.289369	 2.274362	 0.01
 3935.09547 	 2.289461	 2.274272	 0.01
 3950.00014 	 2.289374	 2.274274	 0.01
 3949.994098	 2.289388	 2.274139	 0.01
 3965.090215	 2.289187	 2.273921	 0.01
 3965.078951	 2.289371	 2.274044	 0.01
 3979.986268	 2.289176	 2.273843	 0.01
 3979.988876	 2.289276	 2.273927	 0.01
 3995.081635	 2.289511	 2.273953	 0.01
 3995.062979	 2.289307	 2.273703	 0.01
 4010.165208	 2.289251	 2.273671	 0.01
 4010.158227	 2.289376	 2.273751	 0.01
 4025.066651	 2.289286	 2.27359 	 0.01
 4025.062366	 2.289223	 2.273784	 0.01
 4025.067243	 2.289205	 2.273544	 0.01
 4040.150504	 2.289331	 2.273646	 0.01
 4040.147542	 2.289125	 2.273443	 0.01
 4055.055943	 2.289234	 2.273316	 0.01
 4055.052803	 2.289324	 2.273706	 0.01
 4070.141795	 2.289367	 2.273375	 0.01
 4070.141849	 2.289265	 2.273524	 0.01
 4085.04247 	 2.289233	 2.273241	 0.01
 4085.040486	 2.289351	 2.27359 	 0.01
 4100.125894	 2.289275	 2.273126	 0.01
 4100.124285	 2.289199	 2.273178	 0.01
 4115.022703	 2.289378	 2.272966	 0.01
 4115.026598	 2.28913 	 2.272934	 0.01
 4130.11376 	 2.289176	 2.27293 	 0.01
 4130.119114	 2.289361	 2.272846	 0.01
 4145.022302	 2.289221	 2.272954	 0.01
 4145.01477 	 2.289349	 2.272907	 0.01
 4160.113997	 2.28908 	 2.272654	 0.01
 4160.104307	 2.289295	 2.272805	 0.01
 4175.008825	 2.289236	 2.272627	 0.01
 4175.007182	 2.289256	 2.272757	 0.01
 4190.088214	 2.289432	 2.272616	 0.01
 4190.094122	 2.289229	 2.272658	 0.01
 4204.994656	 2.289343	 2.272642	 0.01
 4204.985249	 2.289152	 2.272497	 0.01
 4220.089011	 2.289131	 2.272434	 0.01
 4220.081237	 2.2891  	 2.272388	 0.01
 4234.982928	 2.289124	 2.272215	 0.01
 4234.983844	 2.289338	 2.272335	 0.01
 4250.07269 	 2.289347	 2.272234	 0.01
 4250.07058 	 2.289172	 2.272077	 0.01
 4265.162583	 2.289267	 2.272101	 0.01
 4265.166283	 2.289203	 2.271906	 0.01
 4280.054973	 2.28925 	 2.271872	 0.01
 4280.061656	 2.289165	 2.271708	 0.01
 4295.152587	 2.289057	 2.271643	 0.01
 4295.151798	 2.289086	 2.271816	 0.01
 4310.052479	 2.289085	 2.271361	 0.01
 4310.046814	 2.289012	 2.271559	 0.01
 4321.619998	 2.288221	 2.270669	 0.01
 4325.135131	 2.289096	 2.271507	 0.01
 4326.615436	 2.289701	 2.271962	 0.01
 4340.051006	 2.289151	 2.271561	 0.01
 4355.12602 	 2.289128	 2.271428	 0.01
 4355.125876	 2.289187	 2.271193	 0.01
 4355.117832	 2.288985	 2.27109 	 0.01
 4370.038786	 2.289086	 2.270988	 0.01
 4370.033056	 2.28927 	 2.271283	 0.01
 4385.116662	 2.289371	 2.271059	 0.01
 4385.115171	 2.289096	 2.270977	 0.01
 4400.027632	 2.289258	 2.270973	 0.01
 4400.017972	 2.28942 	 2.271052	 0.01
 4415.107871	 2.289151	 2.270926	 0.01
 4415.101396	 2.289072	 2.270771	 0.01
 4430.0091  	 2.289043	 2.270584	 0.01
 4430.00739 	 2.289374	 2.270684	 0.01
 4445.091603	 2.289501	 2.270793	 0.01
 4445.090021	 2.289253	 2.270771	 0.01
 4459.990865	 2.289341	 2.270749	 0.01
 4460.002096	 2.289251	 2.270486	 0.01
 4475.085125	 2.289394	 2.270607	 0.01
 4475.084316	 2.289282	 2.270505	 0.01
 4490.174541	 2.289309	 2.270397	 0.01
 4490.178437	 2.289386	 2.270265	 0.01
 4505.077264	 2.289306	 2.270228	 0.01
 4505.071992	 2.289501	 2.270339	 0.01
 4520.161217	 2.289408	 2.270048	 0.01
 4520.162192	 2.289254	 2.270132	 0.01
 4535.066763	 2.289263	 2.26998 	 0.01
 4535.059167	 2.289359	 2.269902	 0.01
 4550.149342	 2.289335	 2.269968	 0.01
 4550.152883	 2.289397	 2.269687	 0.01
 4565.043131	 2.289329	 2.269569	 0.01
 4565.048428	 2.289309	 2.269751	 0.01
 4580.141245	 2.289184	 2.269279	 0.01
 4580.133114	 2.289163	 2.269328	 0.01
 4595.051509	 2.28917 	 2.26921 	 0.01
 4595.040197	 2.289334	 2.269368	 0.01
 4610.135217	 2.289246	 2.269063	 0.01
 4610.125532	 2.289446	 2.269249	 0.01
 4625.024398	 2.289297	 2.269029	 0.01
 4625.033277	 2.289296	 2.269001	 0.01
 4640.114475	 2.289124	 2.268864	 0.01
 4640.115977	 2.289077	 2.268705	 0.01
 4655.020841	 2.289248	 2.268592	 0.01
 4655.012861	 2.289309	 2.268774	 0.01
 4670.112529	 2.289283	 2.268649	 0.01
 4670.102973	 2.289424	 2.268639	 0.01
 4685.004769	 2.289281	 2.268448	 0.01
 4685.009221	 2.289141	 2.268505	 0.01
 4700.096801	 2.289348	 2.268299	 0.01
 4700.092861	 2.289327	 2.268306	 0.01
 4714.999735	 2.289435	 2.268184	 0.01
 4714.991939	 2.289225	 2.267889	 0.01
 4730.088984	 2.289165	 2.268039	 0.01
 4730.091156	 2.289244	 2.267889	 0.01
 4745.182286	 2.289353	 2.267887	 0.01
 4745.171193	 2.289489	 2.267935	 0.01
 4760.078233	 2.289245	 2.267536	 0.01
 4760.06914 	 2.28932 	 2.267666	 0.01
 4775.15817 	 2.28928 	 2.267388	 0.01
 4775.161748	 2.289377	 2.267302	 0.01
 4790.059351	 2.289419	 2.267419	 0.01
 4790.073214	 2.289294	 2.267275	 0.01
 4805.155865	 2.289279	 2.267054	 0.01
 4805.15758 	 2.289464	 2.267142	 0.01
 4820.063882	 2.289443	 2.266856	 0.01
 4820.064533	 2.289362	 2.266895	 0.01
 4835.143712	 2.28931 	 2.266689	 0.01
 4835.137444	 2.28932 	 2.266793	 0.01
 4850.036564	 2.289359	 2.266582	 0.01
 4850.042461	 2.289359	 2.266515	 0.01
 4865.129829	 2.289375	 2.266311	 0.01
 4865.124841	 2.289144	 2.266425	 0.01
 4880.031819	 2.289129	 2.26605 	 0.01
 4880.02909 	 2.289358	 2.2661  	 0.01
 4895.120262	 2.289366	 2.265841	 0.01
 4895.123424	 2.289368	 2.266031	 0.01
 4910.024683	 2.289474	 2.265933	 0.01
 4910.018231	 2.289434	 2.265835	 0.01
 4925.111492	 2.289426	 2.2656  	 0.01
 4925.105911	 2.289445	 2.265476	 0.01
 4940.011309	 2.289469	 2.265375	 0.01
 4940.023329	 2.289292	 2.265428	 0.01
 4955.097428	 2.289432	 2.265357	 0.01
 4955.092079	 2.289469	 2.265287	 0.01
 4970.000225	 2.289256	 2.26505 	 0.01
 4970.009918	 2.289246	 2.264848	 0.01
 4985.076284	 2.289455	 2.264772	 0.01
 4985.085403	 2.289425	 2.264852	 0.01
 5000.172229	 2.28964 	 2.264746	 0.01
 5000.174526	 2.289507	 2.264769	 0.01
 5015.077042	 2.289479	 2.264512	 0.01
 5015.081846	 2.289466	 2.264444	 0.01
 5030.160031	 2.289411	 2.264282	 0.01
 5030.162182	 2.28946 	 2.264128	 0.01
 5045.062892	 2.289702	 2.264235	 0.01
 5045.072299	 2.289434	 2.264022	 0.01
 5060.151934	 2.289451	 2.263626	 0.01
 5060.151927	 2.289403	 2.263795	 0.01
 5075.055377	 2.289592	 2.263689	 0.01
 5075.053676	 2.289399	 2.263432	 0.01
 5090.129725	 2.289519	 2.263441	 0.01
 5090.140379	 2.289632	 2.263265	 0.01
 5105.048416	 2.289472	 2.263206	 0.01
 5105.039154	 2.289499	 2.26307 	 0.01
 5120.131127	 2.28948 	 2.262849	 0.01
 5120.127761	 2.289471	 2.262837	 0.01
 5135.034387	 2.289494	 2.262678	 0.01
 5135.027742	 2.289652	 2.262703	 0.01
 5150.124454	 2.289569	 2.262521	 0.01
 5150.119978	 2.289558	 2.262437	 0.01
 5165.019711	 2.289508	 2.262064	 0.01
 5165.027018	 2.289529	 2.262178	 0.01
 5180.112217	 2.28958 	 2.261899	 0.01
 5180.111462	 2.289616	 2.261962	 0.01
 5195.008711	 2.289486	 2.261553	 0.01
 5195.004815	 2.289423	 2.261779	 0.01
 5210.094229	 2.289426	 2.261344	 0.01
 5210.102518	 2.289683	 2.261318	 0.01
 5225.186738	 2.289578	 2.261144	 0.01
 5225.194125	 2.289576	 2.261123	 0.01
 5240.08886 	 2.289602	 2.260926	 0.01
 5240.088504	 2.289591	 2.261034	 0.01
 5255.166028	 2.289458	 2.260463	 0.01
 5255.169882	 2.289502	 2.260487	 0.01
 5270.076819	 2.289654	 2.260303	 0.01
 5270.359737	 2.289407	 2.260189	 0.01
 5285.163994	 2.289625	 2.260132	 0.01
 5285.166587	 2.289622	 2.260081	 0.01
 5300.066339	 2.289656	 2.259698	 0.01
 5300.061567	 2.289522	 2.259748	 0.01
 5315.148183	 2.289726	 2.259448	 0.01
 5315.426106	 2.289844	 2.259576	 0.01
 5330.060329	 2.289764	 2.259262	 0.01
 5330.054356	 2.289831	 2.259309	 0.01
 5345.140016	 2.289687	 2.258851	 0.01
 5360.048709	 2.289776	 2.25856 	 0.01
 5360.035938	 2.289862	 2.25857 	 0.01
 5375.131948	 2.28988 	 2.258383	 0.01
 5375.133186	 2.290012	 2.25833 	 0.01
 5390.036993	 2.289966	 2.258024	 0.01
 5390.036541	 2.289934	 2.258175	 0.01
 5405.120124	 2.289928	 2.257766	 0.01
 5405.121479	 2.290068	 2.257782	 0.01
 5420.012273	 2.289863	 2.257433	 0.01
 5420.022977	 2.289959	 2.257277	 0.01
 5435.10521 	 2.289992	 2.257024	 0.01
 5435.107352	 2.289923	 2.256928	 0.01
 5450.007467	 2.289941	 2.256624	 0.01
 5450.015765	 2.28984 	 2.256564	 0.01
 5465.093008	 2.289921	 2.256283	 0.01
 5465.102225	 2.289884	 2.256344	 0.01
 5480.18856 	 2.289943	 2.256008	 0.01
 5480.190525	 2.290146	 2.256195	 0.01
 5495.084309	 2.290092	 2.255582	 0.01
 5495.088248	 2.289824	 2.255733	 0.01
 5510.175954	 2.29012 	 2.255413	 0.01
 5510.176578	 2.290007	 2.255341	 0.01
 5525.078868	 2.290074	 2.255084	 0.01
 5525.076034	 2.290288	 2.255013	 0.01
 5540.165053	 2.290304	 2.254579	 0.01
 5540.161898	 2.290156	 2.254644	 0.01
 5555.075699	 2.290188	 2.254087	 0.01
 5570.160173	 2.290149	 2.25383 	 0.01
 5570.147864	 2.290298	 2.253901	 0.01
 5583.223197	 2.289357	 2.252574	 0.01
 5585.061653	 2.290173	 2.253271	 0.01
 5600.152578	 2.290182	 2.252918	 0.01
 5600.145385	 2.290301	 2.253034	 0.01
 5615.043985	 2.290199	 2.252504	 0.01
 5615.04075 	 2.290229	 2.252707	 0.01
 5630.145965	 2.290346	 2.252239	 0.01
 5630.132786	 2.290253	 2.252035	 0.01
 5645.039786	 2.290294	 2.251708	 0.01
 5645.028041	 2.290375	 2.251672	 0.01
 5660.113701	 2.290171	 2.251358	 0.01
 5660.11956 	 2.290196	 2.251344	 0.01
 5675.026362	 2.290453	 2.250901	 0.01
 5675.019488	 2.290424	 2.250889	 0.01
 5690.117497	 2.290457	 2.25036 	 0.01
 5690.107256	 2.290309	 2.250407	 0.01
 5705.015563	 2.290423	 2.24995 	 0.01
 5705.007478	 2.290473	 2.249917	 0.01
 5720.097403	 2.290459	 2.24945 	 0.01
 5720.092142	 2.290624	 2.24968 	 0.01
 5735.179524	 2.290498	 2.248836	 0.01
 5735.184319	 2.290674	 2.249105	 0.01
 5750.090988	 2.290453	 2.248495	 0.01
 5750.089436	 2.290722	 2.248774	 0.01
 5765.173516	 2.290669	 2.248034	 0.01
 5765.165667	 2.290796	 2.248128	 0.01
 5780.087998	 2.290831	 2.247709	 0.01
 5780.078593	 2.290773	 2.24763 	 0.01
 5795.164728	 2.290722	 2.24696 	 0.01
 5795.178493	 2.290704	 2.246967	 0.01
 5810.069859	 2.290571	 2.246398	 0.01
 5810.074738	 2.290738	 2.246391	 0.01
 5825.152726	 2.290729	 2.24582 	 0.01
 5825.162428	 2.290999	 2.245975	 0.01
 5840.061142	 2.2909  	 2.245295	 0.01
 5840.064451	 2.290788	 2.245277	 0.01
 5855.151045	 2.290911	 2.244774	 0.01
 5855.152919	 2.290874	 2.244766	 0.01
 5870.039551	 2.291019	 2.244198	 0.01
 5885.132544	 2.291047	 2.243602	 0.01
 5885.139541	 2.290985	 2.243568	 0.01
 5900.034225	 2.290934	 2.242975	 0.01
 5900.033518	 2.290845	 2.242816	 0.01
 5915.129548	 2.291201	 2.242382	 0.01
 5915.121837	 2.291011	 2.242518	 0.01
 5930.034224	 2.291229	 2.241755	 0.01
 5930.022444	 2.291256	 2.241654	 0.01
 5945.114902	 2.291269	 2.241246	 0.01
 5945.118917	 2.291384	 2.241114	 0.01
 5960.197949	 2.291147	 2.240268	 0.01
 5960.194334	 2.29111 	 2.24052 	 0.01
 5975.093443	 2.291393	 2.239824	 0.01
 5975.0867  	 2.291555	 2.239902	 0.01
 5990.193774	 2.291439	 2.238897	 0.01
 5990.190736	 2.291496	 2.23915 	 0.01
 6005.090487	 2.291523	 2.238435	 0.01
 6005.093236	 2.291676	 2.238474	 0.01
 6020.179498	 2.291491	 2.237601	 0.01
 6020.169853	 2.291399	 2.237652	 0.01
 6035.078054	 2.291538	 2.236779	 0.01
 6035.074093	 2.291329	 2.236607	 0.01
 6050.165727	 2.29164 	 2.23616 	 0.01
 6050.165276	 2.291825	 2.236231	 0.01
 6065.060573	 2.29171 	 2.235424	 0.01
 6065.065625	 2.291791	 2.235283	 0.01
 6080.155705	 2.291616	 2.234383	 0.01
 6080.159513	 2.291853	 2.234549	 0.01
 6095.053188	 2.292125	 2.233848	 0.01
 6095.056733	 2.291811	 2.233726	 0.01
 6110.146494	 2.292085	 2.232966	 0.01
 6110.141013	 2.292083	 2.232908	 0.01
 6125.049782	 2.291898	 2.231915	 0.01
 6125.049531	 2.292034	 2.232149	 0.01
 6140.133939	 2.292249	 2.231008	 0.01
 6146.015428	 2.292049	 2.230637	 0.01
 6155.041345	 2.292152	 2.230331	 0.01
 6170.125922	 2.292282	 2.229379	 0.01
 6170.124089	 2.292264	 2.229345	 0.01
 6185.022269	 2.292319	 2.228356	 0.01
 6185.026948	 2.292415	 2.228325	 0.01
 6200.109764	 2.292395	 2.227424	 0.01
 6200.108993	 2.292392	 2.227242	 0.01
 6215.198097	 2.292527	 2.226196	 0.01
 6215.199555	 2.292706	 2.226379	 0.01
 6230.104683	 2.292741	 2.225396	 0.01
 6230.107758	 2.292721	 2.225432	 0.01
 6245.185916	 2.292762	 2.224192	 0.01
 6245.191885	 2.292761	 2.224236	 0.01
 6260.087334	 2.292964	 2.223368	 0.01
 6260.088232	 2.292879	 2.223233	 0.01
 6275.178266	 2.293226	 2.222128	 0.01
 6275.182624	 2.293055	 2.221853	 0.01
 6290.081979	 2.293252	 2.22098 	 0.01
 6290.084551	 2.293111	 2.220795	 0.01
 6305.169212	 2.293152	 2.219643	 0.01
 6305.163419	 2.29326 	 2.219734	 0.01
 6320.070653	 2.293347	 2.218499	 0.01
 6320.067305	 2.293551	 2.218691	 0.01
 6335.160853	 2.293501	 2.217241	 0.01
 6350.061045	 2.293486	 2.215946	 0.01
 6350.052831	 2.293778	 2.216003	 0.01
 6365.139801	 2.293679	 2.214487	 0.01
 6365.145382	 2.293494	 2.214475	 0.01
 6380.059892	 2.293846	 2.213135	 0.01
 6380.04455 	 2.293705	 2.213206	 0.01
 6395.135394	 2.293976	 2.211725	 0.01
 6395.125978	 2.293777	 2.211858	 0.01
 6410.040196	 2.294044	 2.210217	 0.01
 6410.037995	 2.294275	 2.210452	 0.01
 6425.129251	 2.294333	 2.208867	 0.01
 6425.129073	 2.294166	 2.208803	 0.01
 6440.027962	 2.294375	 2.207415	 0.01
 6440.022323	 2.294438	 2.207373	 0.01
 6455.120098	 2.294544	 2.205861	 0.01
 6455.111598	 2.294675	 2.205908	 0.01
 6470.196799	 2.29456 	 2.203997	 0.01
 6470.196007	 2.294737	 2.203916	 0.01
 6485.105986	 2.294914	 2.202455	 0.01
 6485.103473	 2.294928	 2.202432	 0.01
 6500.190159	 2.294939	 2.200655	 0.01
 6515.081739	 2.295003	 2.198833	 0.01
 6515.091621	 2.295255	 2.198817	 0.01
 6530.171125	 2.29544 	 2.197087	 0.01
 6530.180471	 2.295441	 2.197045	 0.01
 6545.072376	 2.295617	 2.195006	 0.01
 6545.073225	 2.295613	 2.195196	 0.01
 6560.165595	 2.29565 	 2.192994	 0.01
 6560.164572	 2.295932	 2.193139	 0.01
 6575.075676	 2.295966	 2.191111	 0.01
 6575.060982	 2.295983	 2.191229	 0.01
 6590.158241	 2.296425	 2.189138	 0.01
 6590.147157	 2.296292	 2.189025	 0.01
 6605.05084 	 2.296241	 2.186682	 0.01
 6620.138107	 2.296713	 2.184551	 0.01
 6620.144535	 2.296534	 2.184541	 0.01
 6635.052727	 2.297129	 2.18256 	 0.01
 6635.041519	 2.296887	 2.182246	 0.01
 6650.138797	 2.297173	 2.179838	 0.01
 6650.13488 	 2.297257	 2.179948	 0.01
 6665.037917	 2.297376	 2.177331	 0.01
 6665.03297 	 2.297267	 2.177224	 0.01
 6680.12582 	 2.297616	 2.174756	 0.01
 6680.129555	 2.297702	 2.174727	 0.01
 6695.213667	 2.297932	 2.172107	 0.01
 6695.211414	 2.298035	 2.172177	 0.01
 6710.119366	 2.298285	 2.169361	 0.01
 6710.110715	 2.298282	 2.169213	 0.01
 6725.200289	 2.298437	 2.166412	 0.01
 6725.201447	 2.298525	 2.166225	 0.01
 6740.116654	 2.29872 	 2.163264	 0.01
 6740.099075	 2.298669	 2.163144	 0.01
 6755.195633	 2.298929	 2.160038	 0.01
 6755.193258	 2.298923	 2.160074	 0.01
 6770.0847  	 2.299386	 2.156898	 0.01
 6770.090533	 2.299316	 2.157056	 0.01
 6785.176712	 2.29967 	 2.15368 	 0.01
 6785.18106 	 2.299762	 2.153717	 0.01
 6800.08172 	 2.300211	 2.150165	 0.01
 6815.178262	 2.300474	 2.146491	 0.01
 6815.170379	 2.300321	 2.146619	 0.01
 6830.067288	 2.300678	 2.142724	 0.01
 6830.065761	 2.300817	 2.142809	 0.01
 6845.164844	 2.301289	 2.13889 	 0.01
 6845.162228	 2.301089	 2.138924	 0.01
 6860.060569	 2.30154 	 2.13481 	 0.01
 6860.06376 	 2.301547	 2.134639	 0.01
 6875.143479	 2.301795	 2.130287	 0.01
 6875.147768	 2.302049	 2.130567	 0.01
 6890.049659	 2.302457	 2.126209	 0.01
 6890.037938	 2.30249 	 2.126007	 0.01
 6905.139424	 2.302691	 2.121343	 0.01
 6905.137085	 2.302939	 2.121445	 0.01
 6920.039728	 2.30328 	 2.116708	 0.01
 6920.032823	 2.303355	 2.116693	 0.01
 6935.118943	 2.304071	 2.111918	 0.01
 6935.124207	 2.303923	 2.111552	 0.01
 6950.204788	 2.304338	 2.106517	 0.01
 6950.215232	 2.304493	 2.106542	 0.01
 6965.108547	 2.3048  	 2.101181	 0.01
 6980.204651	 2.305297	 2.095678	 0.01
 6980.202079	 2.305689	 2.095589	 0.01
 6995.092372	 2.305911	 2.089749	 0.01
 6995.101085	 2.306022	 2.089446	 0.01
 7010.187953	 2.306602	 2.083725	 0.01
 7010.201196	 2.306657	 2.08336 	 0.01
 7025.091659	 2.307106	 2.077148	 0.01
 7025.089727	 2.307159	 2.076926	 0.01
 7040.187636	 2.307732	 2.070472	 0.01
 7040.185263	 2.307775	 2.07048 	 0.01
 7055.074345	 2.308653	 2.063609	 0.01
 7055.078742	 2.308457	 2.063484	 0.01
 7070.165727	 2.309248	 2.056317	 0.01
 7070.168848	 2.30928 	 2.05617 	 0.01
 7085.066498	 2.309926	 2.048773	 0.01
 7085.072356	 2.309901	 2.048646	 0.01
 7100.158252	 2.310533	 2.040693	 0.01
 7100.161032	 2.310634	 2.040671	 0.01
 7115.061455	 2.311544	 2.0327  	 0.01
 7130.145675	 2.312378	 2.024473	 0.01
 7130.154022	 2.312301	 2.024148	 0.01
 7145.051155	 2.313106	 2.015541	 0.01
 7145.057948	 2.313197	 2.01516 	 0.01
 7160.135221	 2.314126	 2.006273	 0.01
 7160.137955	 2.314126	 2.00573 	 0.01
 7175.041845	 2.314813	 1.996294	 0.01
 7175.036991	 2.315096	 1.996298	 0.01
 7190.121524	 2.31589 	 1.986291	 0.01
 7190.125679	 2.31589 	 1.986064	 0.01
 7205.208059	 2.316789	 1.975624	 0.01
 7205.218909	 2.316961	 1.975353	 0.01
 7220.119503	 2.317979	 1.964711	 0.01
 7220.10646 	 2.31788 	 1.964497	 0.01
 7235.20422 	 2.318882	 1.953466	 0.01
 7235.20359 	 2.318905	 1.95316 	 0.01
 7250.110481	 2.320137	 1.941832	 0.01
 7250.099056	 2.31999 	 1.941343	 0.01
 7265.186164	 2.321064	 1.929397	 0.01
 7280.088176	 2.322277	 1.917524	 0.01
 7280.091874	 2.322169	 1.916784	 0.01
 7295.182554	 2.323335	 1.904423	 0.01
 7295.181807	 2.323208	 1.903884	 0.01
 7310.092124	 2.32447 	 1.891103	 0.01
 7310.078635	 2.324358	 1.890786	 0.01
 7325.168362	 2.325718	 1.87751 	 0.01
 7325.169021	 2.325827	 1.877064	 0.01
 7340.069224	 2.327064	 1.863608	 0.01
 7340.069246	 2.327119	 1.863185	 0.01
 7355.151412	 2.328292	 1.849374	 0.01
 7355.157982	 2.32828 	 1.848798	 0.01
 7370.05519 	 2.329551	 1.835082	 0.01
 7370.065833	 2.329435	 1.834586	 0.01
 7385.142668	 2.330822	 1.820201	 0.01
 7385.144879	 2.330833	 1.819758	 0.01
 7400.054075	 2.332037	 1.805495	 0.01
 7400.055802	 2.332133	 1.805294	 0.01
 7415.133687	 2.333194	 1.790902	 0.01
 7415.721731	 2.332864	 1.789846	 0.01
 7430.221459	 2.334402	 1.776003	 0.01
 7445.12924 	 2.335557	 1.762307	 0.01
 7445.128668	 2.335602	 1.761727	 0.01
 7460.216139	 2.33688 	 1.748016	 0.01
 7460.212626	 2.336929	 1.747591	 0.01
 7475.117146	 2.337856	 1.734054	 0.01
 7475.115222	 2.33802 	 1.733591	 0.01
 7490.202801	 2.338973	 1.720395	 0.01
 7490.19843 	 2.338996	 1.720238	 0.01
 7505.10482 	 2.34003 	 1.707609	 0.01
 7505.104703	 2.34017 	 1.707647	 0.01
 7520.192519	 2.341026	 1.695463	 0.01
 7520.187341	 2.341152	 1.695337	 0.01
 7535.092397	 2.34203 	 1.684205	 0.01
 7535.092564	 2.341883	 1.684295	 0.01
 7550.18617 	 2.342802	 1.673837	 0.01
 7550.181834	 2.342736	 1.673796	 0.01
 7565.0797  	 2.343428	 1.664518	 0.01
 7580.164427	 2.344204	 1.656159	 0.01
 7580.171864	 2.344164	 1.656128	 0.01
 7595.076297	 2.34473 	 1.649069	 0.01
 7595.069011	 2.344625	 1.649073	 0.01
 7610.167026	 2.345252	 1.643236	 0.01
 7610.156247	 2.345204	 1.643251	 0.01
 7625.056357	 2.345632	 1.63864 	 0.01
 7625.061759	 2.34548 	 1.638585	 0.01
 7640.148074	 2.345832	 1.635382	 0.01
 7640.148852	 2.345584	 1.635215	 0.01
 7655.053907	 2.345822	 1.633254	 0.01
 7655.046628	 2.345979	 1.633322	 0.01
 7670.138845	 2.345916	 1.632871	 0.01
 7670.133684	 2.345913	 1.632847	 0.01
 7685.230302	 2.345836	 1.633413	 0.01
 7700.113314	 2.345705	 1.635612	 0.01
 7700.125509	 2.345703	 1.635445	 0.01
 7715.218388	 2.34544 	 1.63871 	 0.01
 7715.214062	 2.345473	 1.638699	 0.01
 7730.113899	 2.344949	 1.643208	 0.01
 7730.117979	 2.345109	 1.643077	 0.01
 7745.195008	 2.344846	 1.648826	 0.01
 7745.197685	 2.344706	 1.648755	 0.01
 7760.098103	 2.344357	 1.655377	 0.01
 7760.109262	 2.344319	 1.655246	 0.01
 7775.191255	 2.343565	 1.662752	 0.01
 7775.187478	 2.343958	 1.662999	 0.01
 7790.092253	 2.343012	 1.671301	 0.01
 7793.988311	 2.342451	 1.672559	 0.01
 7805.181443	 2.342405	 1.680315	 0.01
 7820.087875	 2.341644	 1.690448	 0.01
 7820.081731	 2.341683	 1.690187	 0.01
 7835.166437	 2.340706	 1.700925	 0.01
 7835.172434	 2.340845	 1.700629	 0.01
 7850.070653	 2.33992 	 1.711626	 0.01
 7850.072302	 2.339966	 1.711513	 0.01
 7865.161266	 2.338948	 1.722858	 0.01
 7865.154595	 2.338856	 1.722783	 0.01
 7880.063248	 2.33806 	 1.734726	 0.01
 7880.062236	 2.338004	 1.734303	 0.01
 7895.159534	 2.337178	 1.746397	 0.01
 7895.150127	 2.337149	 1.746409	 0.01
 7910.045759	 2.335986	 1.758548	 0.01
 7910.054495	 2.336121	 1.758213	 0.01
 7925.134188	 2.335292	 1.770713	 0.01
 7925.140877	 2.334815	 1.770412	 0.01
 7940.227287	 2.334106	 1.782848	 0.01
 7955.12299 	 2.333215	 1.795554	 0.01
 7955.128322	 2.332828	 1.794841	 0.01
 7970.210005	 2.331809	 1.807494	 0.01
 7970.214453	 2.331933	 1.807164	 0.01
 7985.118758	 2.330962	 1.819468	 0.01
 7985.118745	 2.331015	 1.81893 	 0.01
 8000.207685	 2.329998	 1.831563	 0.01
 8000.213557	 2.329858	 1.831086	 0.01
 8015.105076	 2.328692	 1.843072	 0.01
 8015.111256	 2.328968	 1.842952	 0.01
 8030.20108 	 2.327992	 1.855017	 0.01
 8045.091669	 2.327063	 1.866891	 0.01
 8045.086721	 2.326788	 1.866252	 0.01
 8060.182258	 2.325873	 1.878016	 0.01
 8060.184549	 2.325853	 1.877516	 0.01
 8075.086767	 2.325018	 1.888886	 0.01
 8075.08095 	 2.324873	 1.888485	 0.01
 8090.179278	 2.323896	 1.899565	 0.01
 8090.176271	 2.323941	 1.899218	 0.01
 8105.074781	 2.322879	 1.910044	 0.01
 8105.069538	 2.322868	 1.909701	 0.01
 8120.159392	 2.321981	 1.920295	 0.01
 8120.160361	 2.322102	 1.920278	 0.01
 8135.066574	 2.32109 	 1.930381	 0.01
 8150.146616	 2.320065	 1.940628	 0.01
 8150.152749	 2.320241	 1.940305	 0.01
 8165.22727 	 2.319267	 1.950157	 0.01
 8165.243535	 2.319233	 1.949678	 0.01
 8180.132079	 2.318405	 1.959132	 0.01
 8180.140456	 2.31823 	 1.958848	 0.01
 8195.230246	 2.317519	 1.96802 	 0.01
 8195.224711	 2.317294	 1.967742	 0.01
 8210.139435	 2.316825	 1.976699	 0.01
 8225.21263 	 2.316004	 1.985633	 0.01
 8225.218813	 2.315833	 1.985079	 0.01
 8240.116978	 2.315118	 1.993581	 0.01
 8240.114697	 2.315069	 1.993231	 0.01
 8255.207973	 2.314221	 2.001693	 0.01
 8255.204228	 2.314459	 2.001384	 0.01
 8270.105872	 2.313648	 2.009405	 0.01
 8270.109403	 2.313626	 2.008926	 0.01
 8285.190865	 2.312773	 2.016707	 0.01
 8285.197807	 2.312925	 2.016639	 0.01
 8300.095441	 2.312188	 2.023829	 0.01
 8300.090341	 2.31239 	 2.02388 	 0.01
 8315.185593	 2.311672	 2.031158	 0.01
 8315.184382	 2.311668	 2.030901	 0.01
 8330.081489	 2.310772	 2.037748	 0.01
 8341.732767	 2.309337	 2.04195 	 0.01
 8345.159527	 2.310331	 2.04426 	 0.01
 8360.075938	 2.309577	 2.050827	 0.01
 8360.071566	 2.309608	 2.05068 	 0.01
 8375.158946	 2.309022	 2.057037	 0.01
 8375.162657	 2.309058	 2.056821	 0.01
 8390.063135	 2.308216	 2.062867	 0.01
 8390.070419	 2.30835 	 2.062754	 0.01
 8405.156308	 2.307777	 2.068791	 0.01
 8405.156617	 2.307726	 2.068625	 0.01
 8420.23185 	 2.307201	 2.074299	 0.01
 8435.136425	 2.306683	 2.079997	 0.01
 8435.139934	 2.306546	 2.079751	 0.01
 8450.229852	 2.306246	 2.085272	 0.01
 8450.226076	 2.306284	 2.085038	 0.01
 8465.123741	 2.305593	 2.090263	 0.01
 8465.128891	 2.305734	 2.090331	 0.01
 8480.217775	 2.305106	 2.095154	 0.01
 8480.219726	 2.305173	 2.095026	 0.01
 8495.116931	 2.304608	 2.09975 	 0.01
 8496.65345 	 2.304627	 2.100144	 0.01
 8510.202609	 2.304174	 2.104502	 0.01
 8525.111465	 2.303552	 2.108986	 0.01
 8525.105486	 2.303575	 2.108931	 0.01
 8540.202764	 2.303162	 2.11341 	 0.01
 8540.1999  	 2.303056	 2.11333 	 0.01
 8555.094563	 2.302757	 2.117379	 0.01
 8555.085496	 2.302788	 2.117394	 0.01
 8570.182927	 2.302368	 2.121431	 0.01
 8585.086139	 2.30185 	 2.125642	 0.01
 8585.080031	 2.301899	 2.125489	 0.01
 8600.171501	 2.301499	 2.129441	 0.01
 8600.185008	 2.301577	 2.12922 	 0.01
 8615.067904	 2.301099	 2.133106	 0.01
 8615.079517	 2.30126 	 2.133207	 0.01
 8630.165986	 2.300908	 2.136856	 0.01
 8645.065186	 2.300352	 2.140406	 0.01
 8645.065868	 2.300433	 2.140253	 0.01
 8660.151748	 2.300013	 2.143665	 0.01
 8660.150326	 2.29996 	 2.143568	 0.01
 8675.239155	 2.299682	 2.146832	 0.01
 8675.238901	 2.299581	 2.146812	 0.01
 8690.147849	 2.299129	 2.149903	 0.01
 8690.424493	 2.299451	 2.149903	 0.01
 8705.225626	 2.299061	 2.152919	 0.01
 8720.128632	 2.298597	 2.156093	 0.01
 8720.127831	 2.298563	 2.155976	 0.01
 8735.215491	 2.298431	 2.159155	 0.01
 8735.218097	 2.298333	 2.158734	 0.01
 8750.119111	 2.298137	 2.161677	 0.01
 8752.646376	 2.298486	 2.162655	 0.01
 8765.214217	 2.297613	 2.16426 	 0.01
 8780.107392	 2.297532	 2.167121	 0.01
 8780.10791 	 2.297475	 2.166893	 0.01
 8795.198632	 2.297152	 2.169605	 0.01
 8795.187247	 2.297226	 2.169827	 0.01
 8810.091146	 2.296898	 2.172198	 0.01
 8810.103021	 2.297022	 2.172186	 0.01
 8825.188144	 2.296729	 2.174526	 0.01
 8840.089116	 2.296359	 2.176792	 0.01
 8840.083482	 2.296302	 2.176948	 0.01
 8855.175519	 2.296236	 2.179312	 0.01
 8855.171639	 2.296065	 2.179294	 0.01
 8870.0702  	 2.295917	 2.181334	 0.01
 8870.07213 	 2.295867	 2.18137 	 0.01
 8885.169442	 2.295589	 2.183632	 0.01
 8900.249123	 2.295583	 2.185781	 0.01
 8900.251073	 2.295463	 2.185779	 0.01
 8915.154265	 2.295115	 2.187683	 0.01
 8915.152756	 2.295287	 2.187763	 0.01
 8930.241617	 2.295036	 2.189691	 0.01
 8930.24552 	 2.294886	 2.189645	 0.01
 8945.142205	 2.294489	 2.191542	 0.01
 8960.22028 	 2.294521	 2.193603	 0.01
 8960.229765	 2.294436	 2.193394	 0.01
 8975.130969	 2.294458	 2.195285	 0.01
 8975.123627	 2.294416	 2.195209	 0.01
 8990.230691	 2.294036	 2.197131	 0.01
 8990.220805	 2.294229	 2.197148	 0.01
 9005.117287	 2.29382 	 2.198783	 0.01
 9020.20572 	 2.293762	 2.200491	 0.01
 9020.205101	 2.293754	 2.200598	 0.01
 9035.108546	 2.293408	 2.201982	 0.01
 9035.110672	 2.293451	 2.201973	 0.01
 9050.19476 	 2.293535	 2.203721	 0.01
 9050.192791	 2.293472	 2.203642	 0.01
 9065.100937	 2.293238	 2.205171	 0.01
 9080.175774	 2.293103	 2.206685	 0.01
 9080.174791	 2.293269	 2.206792	 0.01
 9095.081675	 2.29292 	 2.208216	 0.01
 9095.09092 	 2.292876	 2.208018	 0.01
 9110.166271	 2.292645	 2.209522	 0.01
 9110.176194	 2.292565	 2.209365	 0.01
 9125.081611	 2.292646	 2.210912	 0.01
 9125.075669	 2.292473	 2.210699	 0.01
 9140.170535	 2.292385	 2.212229	 0.01
 9155.252758	 2.292193	 2.213342	 0.01
 9155.250013	 2.292319	 2.213437	 0.01
 9170.153395	 2.292036	 2.214652	 0.01
 9170.150068	 2.292105	 2.214795	 0.01
 9185.243191	 2.292   	 2.216218	 0.01
 9185.24056 	 2.292137	 2.216174	 0.01
 9200.134511	 2.291889	 2.217263	 0.01
 9200.143416	 2.291944	 2.217227	 0.01
 9215.232364	 2.291688	 2.21834 	 0.01
 9230.137245	 2.291498	 2.219443	 0.01
 9230.130203	 2.291433	 2.219318	 0.01
 9245.215124	 2.291418	 2.220711	 0.01
 9245.214848	 2.291328	 2.220484	 0.01
 9260.111077	 2.291139	 2.221645	 0.01
 9260.111477	 2.291253	 2.22165 	 0.01
 9275.211641	 2.290909	 2.222628	 0.01
 9290.115142	 2.291158	 2.223905	 0.01
 9290.104292	 2.290961	 2.223718	 0.01
 9305.185433	 2.290785	 2.224712	 0.01
 9305.196653	 2.290782	 2.224734	 0.01
 9320.10654 	 2.29051 	 2.225779	 0.01
 9320.095954	 2.290879	 2.225906	 0.01
 9335.193243	 2.290686	 2.226901	 0.01
 9350.087102	 2.290721	 2.227798	 0.01
 9350.088656	 2.290596	 2.227811	 0.01
 9365.177582	 2.290515	 2.228752	 0.01
 9365.190053	 2.290407	 2.228718	 0.01
 9380.0895  	 2.290535	 2.229839	 0.01
 9380.071661	 2.290589	 2.229599	 0.01
 9395.157985	 2.290031	 2.23039 	 0.01
 9410.240992	 2.290095	 2.231344	 0.01
 9410.259144	 2.29011 	 2.231184	 0.01
 9425.149775	 2.290022	 2.232098	 0.01
 9425.146306	 2.290037	 2.23217 	 0.01
 9440.24236 	 2.289878	 2.23293 	 0.01
 9445.877289	 2.289033	 2.232575	 0.01
 9455.145323	 2.289983	 2.233788	 0.01
 9470.228225	 2.289758	 2.234596	 0.01
 9470.22931 	 2.289892	 2.234609	 0.01
 9485.130213	 2.289763	 2.235403	 0.01
 9485.131701	 2.289788	 2.235385	 0.01
 9500.219209	 2.289553	 2.236179	 0.01
 9515.126334	 2.289535	 2.236698	 0.01
 9515.12267 	 2.289691	 2.236992	 0.01
 9530.206326	 2.289482	 2.237698	 0.01
 9530.208764	 2.289579	 2.23746 	 0.01
 9545.113311	 2.28938 	 2.238037	 0.01
 9545.114154	 2.289325	 2.238112	 0.01
 9560.193641	 2.289368	 2.238817	 0.01
 9575.081703	 2.289252	 2.239547	 0.01
 9575.097787	 2.28937 	 2.239527	 0.01
 9590.174393	 2.28919 	 2.240144	 0.01
 9590.191924	 2.289209	 2.240248	 0.01
 9605.089454	 2.289173	 2.240948	 0.01
 9605.088607	 2.289066	 2.240837	 0.01
 9620.17643 	 2.288706	 2.241385	 0.01
 9635.261928	 2.288941	 2.242033	 0.01
 9635.262891	 2.288847	 2.24198 	 0.01
 9650.158513	 2.288756	 2.242608	 0.01
 9650.168456	 2.288873	 2.242616	 0.01
 9665.252836	 2.288663	 2.243128	 0.01
 9680.149768	 2.288613	 2.243838	 0.01
 9680.151782	 2.288614	 2.243795	 0.01
 9695.237469	 2.288726	 2.244389	 0.01
 9695.247824	 2.288494	 2.244213	 0.01
 9710.143982	 2.288346	 2.244778	 0.01
 9710.219045	 2.288588	 2.244902	 0.01
 9725.230297	 2.288398	 2.245297	 0.01
 9740.134402	 2.288283	 2.246202	 0.01
 9740.124478	 2.28849 	 2.245981	 0.01
 9755.224585	 2.288374	 2.246517	 0.01
 9755.209437	 2.28822 	 2.246376	 0.01
 9770.12824 	 2.288082	 2.246914	 0.01
 9785.212318	 2.2881  	 2.247415	 0.01
 9785.211239	 2.288042	 2.247327	 0.01
 9800.101444	 2.28795 	 2.247804	 0.01
 9800.109244	 2.288051	 2.247922	 0.01
 9815.192128	 2.288112	 2.248458	 0.01
 9830.092902	 2.28788 	 2.248879	 0.01
 9830.101827	 2.287854	 2.248776	 0.01
 9845.190529	 2.287753	 2.249086	 0.01
 9845.185171	 2.28787 	 2.249268	 0.01
 9860.097947	 2.287767	 2.249741	 0.01
 9860.088686	 2.287792	 2.249498	 0.01
 9875.175308	 2.287746	 2.250238	 0.01
 9890.273564	 2.287635	 2.250565	 0.01
 9890.266   	 2.287689	 2.250581	 0.01
 9905.161527	 2.287671	 2.250968	 0.01
 9905.168183	 2.287533	 2.250918	 0.01
 9920.252725	 2.287553	 2.251315	 0.01
 9920.317424	 2.287703	 2.251337	 0.01
 9935.15346 	 2.287382	 2.251808	 0.01
 9950.244988	 2.287415	 2.25236 	 0.01
 9950.245307	 2.287688	 2.252299	 0.01
 9965.149015	 2.28744 	 2.252504	 0.01
 9965.143023	 2.287483	 2.252653	 0.01
 9980.231738	 2.287367	 2.252838	 0.01
 9995.137975	 2.287304	 2.253417	 0.01
 9995.129398	 2.287344	 2.253398	 0.01
10010.22011 	 2.287224	 2.253459	 0.01
10010.22843 	 2.287449	 2.253574	 0.01
10025.1174  	 2.287112	 2.253903	 0.01
10040.20646 	 2.287011	 2.254233	 0.01
10040.20361 	 2.287052	 2.254261	 0.01
10055.11514 	 2.286965	 2.254593	 0.01
10055.11536 	 2.287186	 2.254758	 0.01
10070.19741 	 2.287149	 2.255083	 0.01
10071.71335 	 2.286637	 2.254475	 0.01
10085.09757 	 2.287212	 2.255401	 0.01
10100.19378 	 2.287146	 2.255701	 0.01
10100.18626 	 2.286997	 2.255548	 0.01
10115.09202 	 2.286894	 2.2559  	 0.01
10115.09478 	 2.287082	 2.256049	 0.01
10130.17419 	 2.286919	 2.256346	 0.01
10145.27208 	 2.286892	 2.256669	 0.01
10145.26566 	 2.286995	 2.25673 	 0.01
10160.15651 	 2.286689	 2.256894	 0.01
10160.16789 	 2.286772	 2.256956	 0.01
10175.25864 	 2.286725	 2.257292	 0.01
10190.17361 	 2.286784	 2.257741	 0.01
10190.15626 	 2.286615	 2.257453	 0.01
10205.24239 	 2.286825	 2.257717	 0.01
10205.24455 	 2.286729	 2.257731	 0.01
10220.14135 	 2.286498	 2.258008	 0.01
10220.14593 	 2.286623	 2.258131	 0.01
10235.23645 	 2.286635	 2.258366	 0.01
10250.13865 	 2.286584	 2.258618	 0.01
10250.13836 	 2.286641	 2.258654	 0.01
10265.22494 	 2.286663	 2.259082	 0.01
10265.21909 	 2.286484	 2.25894 	 0.01
10280.13061 	 2.286275	 2.259263	 0.01
10295.20556 	 2.286349	 2.259402	 0.01
10295.21137 	 2.286405	 2.259404	 0.01
10310.11286 	 2.286456	 2.259536	 0.01
10310.11526 	 2.286281	 2.259594	 0.01
10325.19875 	 2.286182	 2.259782	 0.01
10340.11209 	 2.286393	 2.260234	 0.01
10340.10831 	 2.286245	 2.260141	 0.01
10355.19038 	 2.286393	 2.260282	 0.01
10355.18629 	 2.286383	 2.260444	 0.01
10370.27585 	 2.286152	 2.260542	 0.01
10385.17598 	 2.286243	 2.261047	 0.01
10385.17603 	 2.286124	 2.260875	 0.01
10400.2642  	 2.286213	 2.261093	 0.01
10400.27112 	 2.286321	 2.261264	 0.01
10415.16557 	 2.286128	 2.261247	 0.01
10415.15744 	 2.286059	 2.261266	 0.01
10430.25765 	 2.286198	 2.261548	 0.01
10445.1663  	 2.286125	 2.261623	 0.01
10445.16139 	 2.286121	 2.261979	 0.01
10460.24886 	 2.286126	 2.26201 	 0.01
10460.24319 	 2.286175	 2.261915	 0.01
10475.13833 	 2.28598 	 2.262178	 0.01
10490.23395 	 2.285874	 2.262453	 0.01
10490.23083 	 2.285795	 2.262244	 0.01
10505.13158 	 2.286045	 2.262519	 0.01
10505.13821 	 2.285886	 2.262505	 0.01
10520.21762 	 2.28586 	 2.262773	 0.01
10533.03746 	 2.28517 	 2.26204 	 0.01
10535.12586 	 2.286063	 2.262938	 0.01
10550.20788 	 2.285876	 2.263117	 0.01
10550.20715 	 2.286069	 2.263229	 0.01
10565.11335 	 2.285877	 2.263464	 0.01
10580.19836 	 2.286045	 2.263538	 0.01
10580.19    	 2.286026	 2.263665	 0.01
10595.09815 	 2.285746	 2.263773	 0.01
10595.10821 	 2.285831	 2.263667	 0.01
10610.1877  	 2.285834	 2.263911	 0.01
10625.2795  	 2.285757	 2.264308	 0.01
10625.27972 	 2.285708	 2.264005	 0.01
10640.17725 	 2.285692	 2.264411	 0.01
10640.17628 	 2.285781	 2.264255	 0.01
10655.26527 	 2.285841	 2.264649	 0.01
10670.16625 	 2.285767	 2.264602	 0.01
10670.16572 	 2.285693	 2.2647  	 0.01
10685.25759 	 2.28579 	 2.264922	 0.01
10685.25489 	 2.285554	 2.26473 	 0.01
10700.15632 	 2.285751	 2.264946	 0.01
10715.24799 	 2.285488	 2.265274	 0.01
10715.23836 	 2.285587	 2.26497 	 0.01
10730.15156 	 2.285488	 2.265239	 0.01
10730.13607 	 2.285543	 2.265247	 0.01
10745.23288 	 2.285635	 2.265387	 0.01
10760.1341  	 2.285539	 2.265474	 0.01
10760.13344 	 2.285577	 2.265646	 0.01
10775.22229 	 2.285412	 2.265709	 0.01
10775.22712 	 2.285601	 2.265948	 0.01
10790.12511 	 2.285389	 2.265909	 0.01
10805.21088 	 2.285336	 2.266102	 0.01
10805.21599 	 2.285486	 2.266162	 0.01
10820.10747 	 2.285303	 2.266162	 0.01
10820.11158 	 2.285406	 2.266201	 0.01
10835.20157 	 2.285465	 2.2665  	 0.01
10850.10519 	 2.285477	 2.26668 	 0.01
10850.10385 	 2.285375	 2.266421	 0.01
10865.18879 	 2.285204	 2.266603	 0.01
10865.19623 	 2.285306	 2.266462	 0.01
10880.27757 	 2.285458	 2.266979	 0.01
10895.17055 	 2.28526 	 2.26689 	 0.01
10895.18024 	 2.285308	 2.266979	 0.01
10910.26066 	 2.285257	 2.267035	 0.01
10925.16663 	 2.285165	 2.267145	 0.01
10925.16689 	 2.285131	 2.267   	 0.01
10940.25398 	 2.285304	 2.267434	 0.01
10940.25895 	 2.285185	 2.267466	 0.01
10955.14815 	 2.28512 	 2.267294	 0.01
10970.23832 	 2.28509 	 2.267505	 0.01
10970.24447 	 2.285272	 2.267683	 0.01
10985.15022 	 2.285065	 2.267789	 0.01
10985.15384 	 2.285207	 2.267702	 0.01
11000.23918 	 2.285195	 2.26778 	 0.01
11015.13719 	 2.28505 	 2.267835	 0.01
11015.13187 	 2.285265	 2.267997	 0.01
11030.22277 	 2.285125	 2.267975	 0.01
11045.12078 	 2.2851  	 2.268179	 0.01
11045.12026 	 2.28522 	 2.268142	 0.01
11060.20885 	 2.285078	 2.26829 	 0.01
11060.21383 	 2.285009	 2.2682  	 0.01
11075.11158 	 2.285265	 2.268432	 0.01
11090.19337 	 2.28478 	 2.268515	 0.01
11090.20143 	 2.285183	 2.268524	 0.01
11105.28548 	 2.284921	 2.268687	 0.01
11105.30577 	 2.285032	 2.268555	 0.01
11120.18091 	 2.285086	 2.268622	 0.01
11135.27436 	 2.285097	 2.268938	 0.01
11135.27933 	 2.285051	 2.268863	 0.01
11150.18077 	 2.285133	 2.268921	 0.01
11150.17914 	 2.285075	 2.268928	 0.01
11165.26633 	 2.284826	 2.269061	 0.01
11180.15603 	 2.284985	 2.269229	 0.01
11180.16746 	 2.284767	 2.269198	 0.01
11195.25408 	 2.284803	 2.269164	 0.01
11195.25271 	 2.284961	 2.269263	 0.01
11210.1678  	 2.284941	 2.269441	 0.01
11225.24577 	 2.285077	 2.269582	 0.01
11225.26082 	 2.284882	 2.269316	 0.01
11240.14742 	 2.284846	 2.269656	 0.01
11251.77112 	 2.285025	 2.269892	 0.01
11255.23435 	 2.284776	 2.269566	 0.01
11270.13884 	 2.284637	 2.269863	 0.01
11270.13053 	 2.284844	 2.269716	 0.01
11285.22256 	 2.284819	 2.269875	 0.01
11300.11925 	 2.284699	 2.269817	 0.01
11300.12469 	 2.284654	 2.269737	 0.01
11315.22259 	 2.284723	 2.270001	 0.01
11315.21486 	 2.284739	 2.269909	 0.01
11330.11373 	 2.284628	 2.270221	 0.01
11345.20332 	 2.284622	 2.270319	 0.01
11345.19571 	 2.284724	 2.270276	 0.01
11360.29681 	 2.284609	 2.270395	 0.01
11360.29362 	 2.284732	 2.270295	 0.01
11375.1845  	 2.284834	 2.270412	 0.01
11390.28775 	 2.284788	 2.270497	 0.01
11390.27583 	 2.284787	 2.270597	 0.01
11405.17581 	 2.285013	 2.270994	 0.01
11405.18759 	 2.284791	 2.270696	 0.01
11420.26869 	 2.284573	 2.270645	 0.01
11435.17525 	 2.284568	 2.270811	 0.01
11435.1678  	 2.284779	 2.270804	 0.01
11450.26694 	 2.284552	 2.270856	 0.01
11465.16241 	 2.284954	 2.270997	 0.01
11465.16413 	 2.284638	 2.27094 	 0.01
11480.24398 	 2.284671	 2.271249	 0.01
11480.24382 	 2.284738	 2.271182	 0.01
11495.14806 	 2.284671	 2.271191	 0.01
11510.24418 	 2.284659	 2.271329	 0.01
11510.23373 	 2.28476 	 2.27126 	 0.01
11525.14242 	 2.2845  	 2.271414	 0.01
11525.13745 	 2.284707	 2.271475	 0.01
11540.23158 	 2.284542	 2.271426	 0.01
11555.13465 	 2.284473	 2.271462	 0.01
11555.12656 	 2.284519	 2.271293	 0.01
11570.21749 	 2.284514	 2.271525	 0.01
11570.22727 	 2.284738	 2.271689	 0.01
11585.11524 	 2.284403	 2.27165 	 0.01
11600.19993 	 2.284472	 2.271719	 0.01
11600.1973  	 2.284387	 2.271702	 0.01
11615.29133 	 2.284423	 2.271722	 0.01
11630.20426 	 2.28461 	 2.271983	 0.01
11630.1857  	 2.28453 	 2.271925	 0.01
11645.27899 	 2.284303	 2.271623	 0.01
11660.17526 	 2.284433	 2.27172 	 0.01
11660.18865 	 2.284501	 2.271822	 0.01
11675.27726 	 2.28444 	 2.271854	 0.01
11675.26639 	 2.284496	 2.271951	 0.01
11690.17331 	 2.284325	 2.272075	 0.01
11705.26332 	 2.284415	 2.271965	 0.01
11705.26471 	 2.284498	 2.271994	 0.01
11720.16638 	 2.284101	 2.272126	 0.01
11720.163   	 2.284242	 2.272021	 0.01
11735.24148 	 2.2844  	 2.27235 	 0.01
11750.14688 	 2.284333	 2.272411	 0.01
11750.13863 	 2.284305	 2.272219	 0.01
11765.23057 	 2.284278	 2.272334	 0.01
11780.139   	 2.284487	 2.272415	 0.01
11780.14019 	 2.284135	 2.272235	 0.01
11795.21989 	 2.284333	 2.272457	 0.01
11810.12677 	 2.284336	 2.272718	 0.01
11810.13032 	 2.284324	 2.27256 	 0.01
11825.22005 	 2.284216	 2.27259 	 0.01
11825.21125 	 2.284371	 2.272697	 0.01
11840.30265 	 2.284222	 2.272791	 0.01
11855.19673 	 2.284122	 2.272713	 0.01
11855.20532 	 2.284304	 2.272646	 0.01
11870.29616 	 2.284178	 2.272647	 0.01
11885.19062 	 2.284239	 2.272865	 0.01
11885.19388 	 2.284354	 2.272923	 0.01
11900.28808 	 2.284405	 2.273121	 0.01
11900.27326 	 2.284318	 2.272928	 0.01
11915.18125 	 2.284307	 2.273057	 0.01
11930.27465 	 2.284348	 2.273003	 0.01
11930.26731 	 2.284257	 2.272969	 0.01
11945.17281 	 2.284325	 2.273282	 0.01
11960.26736 	 2.284289	 2.273287	 0.01
11960.25958 	 2.284143	 2.273292	 0.01
11975.16506 	 2.284194	 2.273136	 0.01
11975.15856 	 2.284362	 2.273161	 0.01
11990.24847 	 2.284015	 2.273233	 0.01
12005.15063 	 2.284015	 2.273435	 0.01
12005.16051 	 2.284112	 2.273258	 0.01
12020.2353  	 2.284257	 2.273518	 0.01
12035.14281 	 2.284337	 2.27339 	 0.01
12035.15092 	 2.284181	 2.273444	 0.01
12050.21586 	 2.284151	 2.273543	 0.01
12050.22319 	 2.284033	 2.273538	 0.01
12065.1249  	 2.284154	 2.273706	 0.01
12080.2127  	 2.28411 	 2.273538	 0.01
12080.22075 	 2.283933	 2.273515	 0.01
12095.29636 	 2.28402 	 2.273758	 0.01
12110.20971 	 2.28401 	 2.27363 	 0.01
12110.20579 	 2.284106	 2.273778	 0.01
12125.29282 	 2.284094	 2.273622	 0.01
12136.78159 	 2.283092	 2.272976	 0.01
12140.19849 	 2.284081	 2.273777	 0.01
12155.28335 	 2.284111	 2.273732	 0.01
12155.27759 	 2.283913	 2.273771	 0.01
12170.18364 	 2.283837	 2.273722	 0.01
12185.27348 	 2.283954	 2.27385 	 0.01
12185.26824 	 2.283891	 2.273796	 0.01
12200.17339 	 2.283849	 2.273879	 0.01
12200.15787 	 2.283869	 2.27379 	 0.01
12215.26076 	 2.284058	 2.27408 	 0.01
12230.1622  	 2.283854	 2.27408 	 0.01
12230.16943 	 2.284014	 2.274106	 0.01
12245.25112 	 2.283977	 2.273892	 0.01
12249.39594 	 2.282831	 2.272924	 0.01
12260.14825 	 2.283942	 2.274093	 0.01
12275.23927 	 2.284018	 2.274134	 0.01
12275.2452  	 2.28388 	 2.274023	 0.01
12290.1459  	 2.283835	 2.274139	 0.01
12305.22302 	 2.283936	 2.27424 	 0.01
12305.22226 	 2.283888	 2.27411 	 0.01
12320.12685 	 2.284082	 2.274288	 0.01
12320.13093 	 2.28384 	 2.274249	 0.01
12335.21733 	 2.283962	 2.274335	 0.01
12350.31452 	 2.284049	 2.274409	 0.01
12350.30489 	 2.283877	 2.274304	 0.01
12365.20542 	 2.283793	 2.274482	 0.01
12365.20418 	 2.283839	 2.274344	 0.01
12380.2959  	 2.283672	 2.274347	 0.01
12395.19158 	 2.283802	 2.274423	 0.01
12395.20299 	 2.283849	 2.274403	 0.01
12410.28304 	 2.28381 	 2.274471	 0.01
12425.19708 	 2.283851	 2.274509	 0.01
12425.18303 	 2.283879	 2.274662	 0.01
12440.264   	 2.283595	 2.274541	 0.01
12440.27783 	 2.283982	 2.274753	 0.01
12455.17339 	 2.283765	 2.274683	 0.01
12470.25792 	 2.283847	 2.274569	 0.01
12470.26274 	 2.283764	 2.274678	 0.01
12485.16975 	 2.283587	 2.274637	 0.01
12500.2517  	 2.283626	 2.274772	 0.01
12500.26763 	 2.283918	 2.274923	 0.01
12515.14184 	 2.283632	 2.274715	 0.01
12515.15787 	 2.283983	 2.274782	 0.01
12530.2374  	 2.283644	 2.274664	 0.01
12545.1347  	 2.283645	 2.274805	 0.01
12545.14071 	 2.283659	 2.274774	 0.01
12560.23135 	 2.283762	 2.27502 	 0.01
12575.32122 	 2.283775	 2.274981	 0.01
12575.3139  	 2.28364 	 2.274812	 0.01
12590.21886 	 2.283651	 2.275075	 0.01
12590.21652 	 2.283715	 2.274941	 0.01
12605.31503 	 2.283696	 2.274928	 0.01
12620.20354 	 2.283623	 2.274938	 0.01
12620.2055  	 2.283691	 2.274894	 0.01
12635.29879 	 2.283597	 2.275062	 0.01
12650.19469 	 2.283525	 2.27499 	 0.01
12650.19898 	 2.283511	 2.274999	 0.01
12665.27978 	 2.283615	 2.275069	 0.01
12665.2878  	 2.283622	 2.274927	 0.01
12680.18165 	 2.283647	 2.274945	 0.01
12695.26833 	 2.283586	 2.275087	 0.01
12695.27712 	 2.283557	 2.275083	 0.01
12710.17235 	 2.283557	 2.275345	 0.01
12725.26178 	 2.283661	 2.275444	 0.01
12725.26201 	 2.283487	 2.275224	 0.01
12740.16527 	 2.283639	 2.275203	 0.01
12755.25773 	 2.283585	 2.275215	 0.01
12755.25426 	 2.28355 	 2.275199	 0.01
12770.14886 	 2.283459	 2.275286	 0.01
12770.14264 	 2.283541	 2.275259	 0.01
12785.23854 	 2.283518	 2.275418	 0.01
12800.14403 	 2.283641	 2.275347	 0.01
12800.14919 	 2.283524	 2.275277	 0.01
12815.23131 	 2.28354 	 2.275356	 0.01
12830.31326 	 2.283449	 2.275285	 0.01
12830.3107  	 2.283531	 2.275305	 0.01
12845.21815 	 2.283658	 2.275646	 0.01
12845.21982 	 2.2836  	 2.275306	 0.01
12860.29907 	 2.283326	 2.27541 	 0.01
12875.20369 	 2.283483	 2.275298	 0.01
12875.2026  	 2.283579	 2.275455	 0.01
12890.29869 	 2.283422	 2.275436	 0.01
12905.19868 	 2.283433	 2.275459	 0.01
12905.1982  	 2.283486	 2.275663	 0.01
12920.28071 	 2.283342	 2.275537	 0.01
12920.54396 	 2.283756	 2.275861	 0.01
12935.181   	 2.283516	 2.275665	 0.01
12950.27448 	 2.283437	 2.275688	 0.01
12950.27685 	 2.283589	 2.27567 	 0.01
12965.17457 	 2.283499	 2.27554 	 0.01
12980.26624 	 2.283376	 2.275506	 0.01
12980.26436 	 2.283548	 2.275747	 0.01
12995.15623 	 2.283385	 2.275737	 0.01
13010.24736 	 2.283249	 2.275691	 0.01
13010.25801 	 2.283583	 2.275884	 0.01
13025.15294 	 2.283517	 2.275772	 0.01
13025.14871 	 2.283388	 2.275763	 0.01
13040.22787 	 2.283506	 2.275782	 0.01
13055.14161 	 2.283329	 2.275709	 0.01
13055.14166 	 2.283459	 2.275904	 0.01
13070.23147 	 2.28355 	 2.27602 	 0.01
13085.32603 	 2.28343 	 2.275865	 0.01
13085.31647 	 2.28336 	 2.275951	 0.01
13100.21583 	 2.283435	 2.275989	 0.01
13115.30508 	 2.283433	 2.276029	 0.01
13115.30786 	 2.283546	 2.276055	 0.01
13130.20582 	 2.283284	 2.275772	 0.01
13145.2914  	 2.283346	 2.276033	 0.01
13145.28794 	 2.283557	 2.275944	 0.01
13160.18811 	 2.283453	 2.276011	 0.01
13160.20419 	 2.28338 	 2.276127	 0.01
13175.2837  	 2.283391	 2.276103	 0.01
13190.18593 	 2.283322	 2.276053	 0.01
13190.18696 	 2.283154	 2.276007	 0.01
13205.27608 	 2.283189	 2.275992	 0.01
13220.17334 	 2.283158	 2.276134	 0.01
13220.1773  	 2.283252	 2.276146	 0.01
13235.25831 	 2.283088	 2.276005	 0.01
13250.16482 	 2.283213	 2.27611 	 0.01
13250.17031 	 2.283219	 2.276024	 0.01
13265.25324 	 2.283271	 2.276039	 0.01
13265.25111 	 2.283418	 2.276119	 0.01
13280.15644 	 2.283268	 2.276158	 0.01
13295.24178 	 2.283407	 2.276213	 0.01
13295.24281 	 2.283386	 2.276304	 0.01
13310.33025 	 2.283313	 2.276128	 0.01
13325.23289 	 2.283262	 2.276313	 0.01
13325.22976 	 2.283398	 2.276172	 0.01
13340.31315 	 2.283277	 2.276176	 0.01
13355.21562 	 2.283191	 2.276421	 0.01
13355.21782 	 2.283185	 2.276115	 0.01
13370.31077 	 2.283307	 2.276429	 0.01
13385.20823 	 2.283299	 2.276432	 0.01
13385.21539 	 2.283148	 2.276252	 0.01
13400.28942 	 2.283076	 2.27627 	 0.01
13415.19385 	 2.283192	 2.27652 	 0.01
13415.20125 	 2.283103	 2.276291	 0.01
13430.28351 	 2.283301	 2.276313	 0.01
13430.28997 	 2.283403	 2.276476	 0.01
13445.19278 	 2.283161	 2.276343	 0.01
13460.27208 	 2.283258	 2.276444	 0.01
13460.27728 	 2.283157	 2.27637 	 0.01
13475.1855  	 2.283253	 2.27654 	 0.01
13490.25615 	 2.283066	 2.27638 	 0.01
13490.26028 	 2.28303 	 2.276312	 0.01
13505.16856 	 2.283288	 2.276498	 0.01
13520.25705 	 2.283074	 2.276424	 0.01
13520.25331 	 2.283157	 2.276421	 0.01
13535.1566  	 2.28313 	 2.276454	 0.01
13535.15096 	 2.283187	 2.276514	 0.01
13550.24949 	 2.283243	 2.276543	 0.01
13565.33246 	 2.283039	 2.276522	 0.01
13565.32174 	 2.283149	 2.276645	 0.01
13580.24093 	 2.28304 	 2.276645	 0.01
13595.31722 	 2.283169	 2.276704	 0.01