 2240.051438	 158.052942 	 159.319432 	 0	 1.26649
 2240.056066	 6.637487   	 7.909166   	 0	 1.271679
 2240.063651	 -22.764311 	 -21.488346 	 0	 1.275965
 2254.963394	 -106.49482 	 -105.212252	 0	 1.282568
 2254.955748	 43.483729  	 44.758268  	 0	 1.274539
 2270.049552	 81.807426  	 83.099357  	 0	 1.291931
 2270.048194	 -5.345507  	 -4.059735  	 0	 1.285772
 2285.135915	 42.277849  	 43.581325  	 0	 1.303476
 2285.131826	 41.827106  	 43.122866  	 0	 1.29576
 2300.030742	 94.463841  	 95.767791  	 0	 1.30395
 2300.027468	 -5.744658  	 -4.448737  	 0	 1.295921
 2315.123575	 1.370421   	 2.680777   	 0	 1.310356
 2315.123271	 -126.854721	 -125.536586	 0	 1.318135
 2316.622276	 51.060531  	 52.358548  	 0	 1.298017
 2330.021719	 -49.726246 	 -48.403244 	 0	 1.323002
 2330.026029	 52.769211  	 54.092052  	 0	 1.322841
 2345.11034 	 -100.721452	 -99.404568 	 0	 1.316884
 2345.10655 	 126.437602 	 127.761743 	 0	 1.324141
 2360.010724	 149.715496 	 151.040233 	 0	 1.324737
 2360.024019	 150.184523 	 151.534452 	 0	 1.349929
 2375.103033	 -2.724335  	 -1.381066  	 0	 1.343269
 2375.093111	 -176.895805	 -175.549785	 0	 1.34602
 2389.135287	 -81.987618 	 -80.634282 	 0	 1.353336
 2390.000871	 149.04768  	 150.401181 	 0	 1.353501
 2389.989197	 -121.106137	 -119.762799	 0	 1.343338
 2405.089835	 36.011419  	 37.353393  	 0	 1.341974
 2405.090125	 -125.563301	 -124.207437	 0	 1.355864
 2419.990162	 -160.875071	 -159.509685	 0	 1.365386
 2419.994862	 -75.06584  	 -73.70496  	 0	 1.36088
 2435.077297	 154.708856 	 156.072109 	 0	 1.363253
 2435.066179	 98.112689  	 99.472784  	 0	 1.360095
 2449.988755	 157.848676 	 159.22826  	 0	 1.379584
 2449.988645	 99.355446  	 100.739703 	 0	 1.384257
 2449.984329	 59.65758   	 61.036363  	 0	 1.378783
 2465.064409	 -142.080746	 -140.690273	 0	 1.390473
 2465.060901	 97.360774  	 98.744003  	 0	 1.383229
 2479.967859	 96.821547  	 98.207887  	 0	 1.38634
 2479.969   	 -135.701289	 -134.308398	 0	 1.392891
 2495.053413	 -101.12569 	 -99.725696 	 0	 1.399994
 2495.061908	 51.65173   	 53.058259  	 0	 1.406529
 2509.955856	 -42.165843 	 -40.769013 	 0	 1.39683
 2509.971251	 137.326925 	 138.745956 	 0	 1.419031
 2525.045472	 114.55867  	 115.973045 	 0	 1.414375
 2525.048974	 -1.139544  	 0.279991   	 0	 1.419535
 2540.128723	 69.872056  	 71.301353  	 0	 1.429297
 2540.12696 	 -157.606645	 -156.186406	 0	 1.420239
 2540.135329	 -1.643325  	 -0.221122  	 0	 1.422203
 2555.032566	 -166.206926	 -164.796395	 0	 1.410531
 2555.032625	 -81.992206 	 -80.562234 	 0	 1.429972
 2570.123016	 176.217917 	 177.648003 	 0	 1.430086
 2570.122064	 66.098219  	 67.538857  	 0	 1.440638
 2585.01827 	 -100.288005	 -98.85664  	 0	 1.431365
 2585.022227	 96.105266  	 97.56216   	 0	 1.456894
 2600.105336	 -56.218498 	 -54.770304 	 0	 1.448194
 2600.118598	 -125.574122	 -124.131039	 0	 1.443083
 2615.010472	 18.652315  	 20.10643   	 0	 1.454115
 2615.011447	 -95.075984 	 -93.618295 	 0	 1.457689
 2630.096719	 22.961244  	 24.432698  	 0	 1.471454
 2630.095444	 150.058822 	 151.524239 	 0	 1.465417
 2630.104834	 135.623176 	 137.09245  	 0	 1.469274
 2645.000459	 1.709821   	 3.171068   	 0	 1.461247
 2645.002191	 -26.828266 	 -25.353546 	 0	 1.47472
 2660.090995	 -39.424663 	 -37.94492  	 0	 1.479743
 2660.09498 	 -104.419924	 -102.937845	 0	 1.482079
 2674.992401	 84.016327  	 85.495522  	 0	 1.479195
 2674.998065	 -51.13751  	 -49.64736  	 0	 1.49015
 2690.072777	 -82.204793 	 -80.709889 	 0	 1.494904
 2690.079565	 -105.825483	 -104.336159	 0	 1.489324
 2704.979239	 104.108572 	 105.608832 	 0	 1.50026
 2704.980521	 14.159095  	 15.652783  	 0	 1.493688
 2720.07087 	 89.359521  	 90.869181  	 0	 1.50966
 2720.066368	 83.125651  	 84.636024  	 0	 1.510373
 2720.076879	 -39.808551 	 -38.292188 	 0	 1.516363
 2734.971858	 149.834094 	 151.348703 	 0	 1.514609
 2734.971569	 -139.701409	 -138.184746	 0	 1.516663
 2750.053469	 63.512009  	 65.027632  	 0	 1.515623
 2750.063136	 -74.100988 	 -72.5759   	 0	 1.525088
 2764.968627	 -23.076684 	 -21.544367 	 0	 1.532317
 2764.956601	 131.056002 	 132.584832 	 0	 1.52883
 2780.051748	 159.366663 	 160.907516 	 0	 1.540853
 2780.041535	 24.34434   	 25.885473  	 0	 1.541133
 2795.13611 	 46.470099  	 48.001655  	 0	 1.531556
 2795.130031	 -165.036184	 -163.49881 	 0	 1.537374
 2810.040286	 150.159136 	 151.712834 	 0	 1.553698
 2810.042686	 -113.703926	 -112.155268	 0	 1.548658
 2812.46865 	 27.540008  	 29.081848  	 0	 1.54184
 2825.124088	 176.833829 	 178.390878 	 0	 1.557049
 2825.119929	 -139.712561	 -138.160065	 0	 1.552496
 2840.027623	 156.085619 	 157.651236 	 0	 1.565617
 2840.039079	 -167.867305	 -166.299863	 0	 1.567442
 2855.114788	 -3.930099  	 -2.358869  	 0	 1.57123
 2855.115833	 -22.316255 	 -20.736188 	 0	 1.580067
 2870.024809	 113.741304 	 115.338357 	 0	 1.597053
 2870.01323 	 -44.091711 	 -42.524645 	 0	 1.567066
 2885.112211	 -82.508229 	 -80.917704 	 0	 1.590525
 2885.104949	 -120.293128	 -118.708981	 0	 1.584147
 2900.002171	 -74.899855 	 -73.314189 	 0	 1.585666
 2900.000703	 -154.176328	 -152.579522	 0	 1.596806
 2915.099873	 167.595104 	 169.197674 	 0	 1.60257
 2915.096026	 -2.148484  	 -0.549384  	 0	 1.5991
 2915.097943	 115.543262 	 117.142471 	 0	 1.599209
 2929.994545	 154.806334 	 156.415843 	 0	 1.609509
 2929.994581	 -34.781064 	 -33.179633 	 0	 1.601431
 2945.079206	 20.77307   	 22.372344  	 0	 1.599274
 2945.075494	 -138.580534	 -136.97291 	 0	 1.607624
 2959.979867	 57.259956  	 58.869846  	 0	 1.60989
 2959.99098 	 -60.639937 	 -59.033184 	 0	 1.606753
 2975.077717	 21.575861  	 23.202695  	 0	 1.626834
 2975.066619	 -96.882017 	 -95.265416 	 0	 1.616601
 2989.976515	 -18.995383 	 -17.354387 	 0	 1.640996
 2989.975577	 -130.693181	 -129.06392 	 0	 1.629261
 2989.983942	 -3.928346  	 -2.286775  	 0	 1.641571
 3005.07199 	 -141.862729	 -140.220242	 0	 1.642487
 3005.06573 	 81.267308  	 82.901529  	 0	 1.634221
 3020.144038	 -117.206783	 -115.56383 	 0	 1.642953
 3020.154848	 -127.941231	 -126.295348	 0	 1.645883
 3035.053302	 -59.382308 	 -57.728348 	 0	 1.65396
 3035.04422 	 120.65579  	 122.297207 	 0	 1.641417
 3050.129322	 101.273665 	 102.920831 	 0	 1.647166
 3050.139436	 -170.871287	 -169.213934	 0	 1.657353
 3065.041379	 -10.824545 	 -9.155714  	 0	 1.668831
 3065.038573	 17.590712  	 19.257767  	 0	 1.667055
 3080.124373	 -147.188944	 -145.521872	 0	 1.667072
 3080.1208  	 -111.464425	 -109.797092	 0	 1.667333
 3095.022913	 -177.094992	 -175.422613	 0	 1.672379
 3095.028508	 -169.128279	 -167.454678	 0	 1.673601
 3095.03215 	 73.877582  	 75.556048  	 0	 1.678466
 3110.113258	 -159.102881	 -157.430588	 0	 1.672293
 3110.113099	 97.909008  	 99.582136  	 0	 1.673128
 3125.015616	 -42.726667 	 -41.035833 	 0	 1.690834
 3125.016736	 147.158357 	 148.845217 	 0	 1.68686
 3140.110881	 -11.243208 	 -9.544745  	 0	 1.698463
 3140.109234	 -139.268962	 -137.582528	 0	 1.686434
 3155.005873	 -107.36452 	 -105.675322	 0	 1.689198
 3154.994127	 -158.667354	 -156.972746	 0	 1.694608
 3170.095648	 -71.389611 	 -69.683761 	 0	 1.70585
 3170.081382	 85.018586  	 86.708437  	 0	 1.689851
 3184.988998	 77.057995  	 78.776308  	 0	 1.718313
 3184.994765	 -44.142535 	 -42.439378 	 0	 1.703157
 3200.083574	 144.575277 	 146.284646 	 0	 1.709369
 3200.083348	 -140.200224	 -138.488591	 0	 1.711633
 3214.988418	 -41.161998 	 -39.43687  	 0	 1.725128
 3214.984076	 135.21849  	 136.945906 	 0	 1.727416
 3230.077255	 -86.018699 	 -84.287571 	 0	 1.731128
 3230.068604	 158.835263 	 160.56223  	 0	 1.726967
 3244.978413	 0.681988   	 2.423975   	 0	 1.741987
 3244.968082	 -53.481469 	 -51.752007 	 0	 1.729462
 3260.055976	 -26.57847  	 -24.848548 	 0	 1.729922
 3260.061692	 -131.167765	 -129.426043	 0	 1.741722
 3275.144769	 5.190124   	 6.937448   	 0	 1.747324
 3275.143515	 80.600561  	 82.344112  	 0	 1.743551
 3290.043457	 32.123604  	 33.869465  	 0	 1.745861
 3290.051161	 -0.415271  	 1.333036   	 0	 1.748307
 3305.138683	 51.424101  	 53.178977  	 0	 1.754876
 3305.134037	 25.090116  	 26.852031  	 0	 1.761915
 3305.137557	 29.44618   	 31.206395  	 0	 1.760215
 3320.039303	 -140.61605 	 -138.850571	 0	 1.765479
 3335.127618	 91.45727   	 93.233475  	 0	 1.776205
 3335.126262	 -89.840528 	 -88.070389 	 0	 1.770139
 3350.030157	 40.046938  	 41.82939   	 0	 1.782452
 3350.020374	 -141.200328	 -139.436732	 0	 1.763596
 3350.023872	 105.213148 	 106.98075  	 0	 1.767602
 3365.107181	 -177.075312	 -175.296556	 0	 1.778756
 3380.012829	 172.964095 	 174.742976 	 0	 1.778881
 3380.022687	 -157.88319 	 -156.08412 	 0	 1.79907
 3395.114718	 111.929311 	 113.72667  	 0	 1.797359
 3395.100512	 -15.882244 	 -14.108982 	 0	 1.773262
 3410.007642	 -15.924751 	 -14.130636 	 0	 1.794115
 3410.015143	 -137.854629	 -136.057394	 0	 1.797235
 3425.092784	 96.677782  	 98.475007  	 0	 1.797225
 3425.092779	 -105.306414	 -103.501698	 0	 1.804716
 3439.995183	 138.104265 	 139.914414 	 0	 1.810149
 3440.001037	 158.794473 	 160.604887 	 0	 1.810414
 3455.082916	 -75.598095 	 -73.780704 	 0	 1.817391
 3455.078726	 -148.109282	 -146.297496	 0	 1.811786
 3469.977532	 30.284075  	 32.100567  	 0	 1.816492
 3469.982571	 -56.45559  	 -54.638486 	 0	 1.817104
 3485.069891	 136.003599 	 137.825165 	 0	 1.821566
 3485.078397	 -34.832921 	 -33.011978 	 0	 1.820943
 3498.834311	 79.645891  	 81.473434  	 0	 1.827543
 3499.971784	 60.225994  	 62.040384  	 0	 1.81439
 3499.975415	 28.025775  	 29.857279  	 0	 1.831504
 3515.054991	 122.078027 	 123.901742 	 0	 1.823715
 3530.144478	 43.921765  	 45.755747  	 0	 1.833982
 3530.155206	 -91.748331 	 -89.904895 	 0	 1.843436
 3530.152164	 -132.828456	 -130.986507	 0	 1.841949
 3545.047146	 -123.050504	 -121.217157	 0	 1.833347
 3545.048573	 -54.156433 	 -52.321412 	 0	 1.835021
 3560.135666	 45.94493   	 47.788124  	 0	 1.843194
 3560.12725 	 -8.221093  	 -6.377759  	 0	 1.843334
 3575.041194	 139.757606 	 141.608859 	 0	 1.851253
 3575.03009 	 -67.376593 	 -65.538985 	 0	 1.837608
 3590.132989	 -159.326057	 -157.467216	 0	 1.858841
 3590.122924	 87.40461   	 89.25687   	 0	 1.85226
 3605.023886	 19.755171  	 21.618037  	 0	 1.862866
 3605.025755	 42.619226  	 44.475364  	 0	 1.856138
 3620.119184	 -37.2722   	 -35.409318 	 0	 1.862882
 3620.111655	 90.737396  	 92.596543  	 0	 1.859147
 3635.018607	 142.817217 	 144.694387 	 0	 1.87717
 3635.00875 	 -101.951733	 -100.084109	 0	 1.867624
 3650.099461	 15.665975  	 17.539265  	 0	 1.87329
 3650.114394	 -67.306516 	 -65.419413 	 0	 1.887103
 3665.000873	 -4.041739  	 -2.172193  	 0	 1.869546
 3664.999407	 -142.859363	 -140.979233	 0	 1.88013
 3680.098787	 163.272944 	 165.160379 	 0	 1.887435
 3680.097489	 -39.57634  	 -37.680429 	 0	 1.895911
 3694.995276	 -129.540758	 -127.644747	 0	 1.896011
 3694.991858	 28.040199  	 29.924914  	 0	 1.884715
 3710.083874	 -161.697212	 -159.803978	 0	 1.893234
 3710.076963	 -150.465783	 -148.577328	 0	 1.888455
 3724.983319	 -144.837741	 -142.934872	 0	 1.902869
 3724.977593	 -78.427557 	 -76.52794  	 0	 1.899617
 3740.063375	 -85.186338 	 -83.285062 	 0	 1.901276
 3740.074283	 -151.987665	 -150.083461	 0	 1.904204
 3754.09802 	 -16.850892 	 -14.975456 	 0	 1.875436
 3755.151829	 43.981054  	 45.880421  	 0	 1.899367
 3770.062116	 -44.307924 	 -42.396831 	 0	 1.911093
 3770.06166 	 -175.570675	 -173.664234	 0	 1.906441
 3785.137106	 -123.671656	 -121.761282	 0	 1.910374
 3785.141495	 47.334297  	 49.241306  	 0	 1.907009
 3800.047184	 93.392489  	 95.315158  	 0	 1.922669
 3800.052868	 -112.27685 	 -110.352723	 0	 1.924127
 3815.133763	 -34.983281 	 -33.071093 	 0	 1.912188
 3815.135021	 71.654492  	 73.576516  	 0	 1.922024
 3830.038745	 -4.205792  	 -2.285362  	 0	 1.92043
 3830.039109	 159.320277 	 161.241353 	 0	 1.921076
 3830.096356	 82.423195  	 84.350473  	 0	 1.927278
 3845.123575	 126.979548 	 128.899063 	 0	 1.919515
 3860.027714	 -84.819579 	 -82.880663 	 0	 1.938916
 3860.027496	 144.570975 	 146.506894 	 0	 1.935919
 3875.113981	 61.003925  	 62.931484  	 0	 1.927559
 3875.127397	 62.805589  	 64.750875  	 0	 1.945286
 3890.024978	 -91.557182 	 -89.607222 	 0	 1.94996
 3890.011215	 161.535806 	 163.466212 	 0	 1.930406
 3905.102561	 -79.671993 	 -77.727531 	 0	 1.944462
 3905.103438	 162.326502 	 164.263593 	 0	 1.937091
 3919.998536	 -107.342889	 -105.406605	 0	 1.936284
 3920.006024	 -97.287224 	 -95.337924 	 0	 1.9493
 3935.096223	 19.600174  	 21.547204  	 0	 1.94703
 3935.090968	 -65.250862 	 -63.301291 	 0	 1.949571
 3950.005592	 4.30855    	 6.274589   	 0	 1.966039
 3949.989655	 -124.565911	 -122.616791	 0	 1.94912
 3965.078284	 -91.28317  	 -89.330904 	 0	 1.952266
 3965.082049	 -4.49503   	 -2.531072  	 0	 1.963958
 3979.986209	 140.794115 	 142.762535 	 0	 1.96842
 3979.996707	 -68.68262  	 -66.714765 	 0	 1.967855
 3995.082966	 -36.830136 	 -34.856838 	 0	 1.973298
 3995.073782	 159.606941 	 161.571173 	 0	 1.964232
 4010.165946	 -7.58557   	 -5.614875  	 0	 1.970695
 4010.160396	 18.159617  	 20.133015  	 0	 1.973398
 4025.056086	 142.904226 	 144.866113 	 0	 1.961887
 4025.064275	 -120.086988	 -118.118442	 0	 1.968546
 4040.14452 	 -92.025321 	 -90.054261 	 0	 1.97106
 4040.1538  	 -54.477739 	 -52.505388 	 0	 1.972351
 4055.053901	 107.322087 	 109.308295 	 0	 1.986208
 4055.05023 	 84.93246   	 86.912277  	 0	 1.979817
 4070.143065	 133.025924 	 135.003067 	 0	 1.977143
 4070.136548	 -159.525625	 -157.537625	 0	 1.988
 4085.035816	 -132.147286	 -130.169263	 0	 1.978023
 4085.032513	 -42.598262 	 -40.617659 	 0	 1.980603
 4100.125938	 -58.914752 	 -56.936803 	 0	 1.977949
 4100.130935	 -110.750933	 -108.756581	 0	 1.994352
 4115.032664	 -170.907381	 -168.917454	 0	 1.989927
 4130.12587 	 64.0947    	 66.093512  	 0	 1.998812
 4130.120447	 -52.656156 	 -50.662976 	 0	 1.99318
 4145.017998	 120.444976 	 122.446112 	 0	 2.001136
 4145.020053	 -141.241186	 -139.241946	 0	 1.99924
 4160.097051	 25.091554  	 27.082349  	 0	 1.990795
 4160.096898	 85.21096   	 87.204181  	 0	 1.993221
 4175.009231	 -79.948968 	 -77.954657 	 0	 1.994311
 4175.003641	 70.407253  	 72.398592  	 0	 1.991339
 4190.089137	 -34.371043 	 -32.382422 	 0	 1.988621
 4190.097125	 -78.742338 	 -76.743529 	 0	 1.998809
 4205.006345	 134.7414   	 136.738708 	 0	 1.997308
 4204.996434	 43.288026  	 45.291814  	 0	 2.003788
 4220.091592	 19.540142  	 21.5523    	 0	 2.012158
 4220.087166	 -158.685983	 -156.673015	 0	 2.012968
 4234.98203 	 38.803127  	 40.808821  	 0	 2.005694
 4234.980472	 -95.923301 	 -93.917921 	 0	 2.00538
 4250.072627	 117.498565 	 119.50593  	 0	 2.007365
 4250.078342	 24.700847  	 26.719809  	 0	 2.018962
 4265.166634	 -177.337972	 -175.317992	 0	 2.01998
 4265.158548	 82.293218  	 84.297777  	 0	 2.004559
 4280.062683	 130.861174 	 132.872999 	 0	 2.011825
 4280.064612	 31.904451  	 33.91821   	 0	 2.013759
 4295.141396	 -32.629211 	 -30.624866 	 0	 2.004345
 4295.150318	 -107.46178 	 -105.448553	 0	 2.013227
 4310.053129	 145.001991 	 147.031097 	 0	 2.029106
 4310.057965	 6.381959   	 8.401446   	 0	 2.019487
 4325.144169	 177.939817 	 179.967948 	 0	 2.028131
 4325.13815 	 -44.449762 	 -42.428664 	 0	 2.021098
 4340.03617 	 -27.675116 	 -25.665632 	 0	 2.009484
 4340.038363	 -5.350423  	 -3.33664   	 0	 2.013783
 4355.12709 	 -171.203675	 -169.193259	 0	 2.010416
 4355.136454	 83.44956   	 85.475412  	 0	 2.025852
 4370.027948	 -39.457679 	 -37.432094 	 0	 2.025585
 4370.029612	 79.296065  	 81.330292  	 0	 2.034227
 4385.113711	 158.120499 	 160.121516 	 0	 2.001017
 4386.290542	 30.199819  	 32.224117  	 0	 2.024298
 4400.01209 	 127.647598 	 129.662345 	 0	 2.014747
 4415.106844	 -52.651398 	 -50.623648 	 0	 2.02775
 4415.101506	 92.506995  	 94.533005  	 0	 2.02601
 4430.010143	 123.225674 	 125.257238 	 0	 2.031564
 4430.009663	 107.886391 	 109.909479 	 0	 2.023088
 4445.096823	 32.857558  	 34.888809  	 0	 2.031251
 4445.092805	 -65.353616 	 -63.320925 	 0	 2.032691
 4459.993187	 99.799779  	 101.816923 	 0	 2.017144
 4460.005293	 109.435724 	 111.465109 	 0	 2.029385
 4475.087076	 145.892452 	 147.918062 	 0	 2.02561
 4475.083374	 97.549953  	 99.574781  	 0	 2.024828
 4490.17241 	 13.405473  	 15.427123  	 0	 2.02165
 4490.16899 	 116.47087  	 118.493371 	 0	 2.022501
 4505.079834	 -6.187195  	 -4.156081  	 0	 2.031114
 4505.076449	 139.568072 	 141.601723 	 0	 2.033651
 4520.158634	 54.282427  	 56.308192  	 0	 2.025765
 4520.163611	 -53.11299  	 -51.076332 	 0	 2.036658
 4535.069337	 158.17727  	 160.206565 	 0	 2.029295
 4550.152147	 -1.965574  	 0.066707   	 0	 2.032281
 4550.138263	 -4.227377  	 -2.212589  	 0	 2.014788
 4565.056028	 103.097801 	 105.13502  	 0	 2.037219
 4565.053375	 73.622667  	 75.650501  	 0	 2.027834
 4580.145783	 7.644899   	 9.684868   	 0	 2.039969
 4580.142266	 139.21785  	 141.254254 	 0	 2.036404
 4595.052601	 56.144178  	 58.187648  	 0	 2.04347
 4595.037034	 65.669155  	 67.696582  	 0	 2.027427
 4610.127975	 -170.127144	 -168.092908	 0	 2.034236
 4610.133656	 -147.071816	 -145.040098	 0	 2.031718
 4625.023562	 -40.224113 	 -38.195758 	 0	 2.028355
 4625.031118	 160.440293 	 162.476996 	 0	 2.036703
 4640.115002	 82.050507  	 84.079951  	 0	 2.029444
 4640.121687	 77.494654  	 79.528183  	 0	 2.033529
 4655.019241	 -41.535568 	 -39.514953 	 0	 2.020615
 4655.017537	 -61.769691 	 -59.737319 	 0	 2.032372
 4670.111348	 108.770568 	 110.805154 	 0	 2.034586
 4670.104901	 -124.248551	 -122.220243	 0	 2.028308
 4685.013656	 -146.538813	 -144.505918	 0	 2.032895
 4685.010619	 17.870428  	 19.900945  	 0	 2.030517
 4700.104109	 -159.673911	 -157.642147	 0	 2.031764
 4700.097436	 16.531846  	 18.558637  	 0	 2.026791
 4715.000888	 24.530521  	 26.565598  	 0	 2.035077
 4714.997061	 124.226011 	 126.256466 	 0	 2.030455
 4730.087189	 107.208653 	 109.23043  	 0	 2.021777
 4736.063105	 -130.456617	 -128.421727	 0	 2.03489
 4745.172537	 177.858188 	 179.879304 	 0	 2.021116
 4760.07679 	 69.715197  	 71.713329  	 0	 1.998132
 4760.07825 	 109.079774 	 111.092473 	 0	 2.012699
 4775.166917	 109.151002 	 111.170502 	 0	 2.0195
 4775.159477	 93.206759  	 95.217584  	 0	 2.010825
 4790.062435	 75.205472  	 77.229867  	 0	 2.024395
 4790.061523	 -64.135805 	 -62.119287 	 0	 2.016518
 4805.15206 	 -20.12     	 -18.113427 	 0	 2.006573
 4805.159843	 2.681416   	 4.703735   	 0	 2.022319
 4820.05867 	 12.337542  	 14.353372  	 0	 2.01583
 4820.059536	 -21.970942 	 -19.952081 	 0	 2.018861
 4835.141099	 -119.451585	 -117.438566	 0	 2.013019
 4835.139391	 -89.698044 	 -87.69187  	 0	 2.006174
 4850.04585 	 48.1705    	 50.186474  	 0	 2.015974
 4865.130515	 -125.128342	 -123.119971	 0	 2.008371
 4865.126554	 142.401658 	 144.404377 	 0	 2.002719
 4880.027747	 -147.488361	 -145.484301	 0	 2.00406
 4880.024723	 -58.880758 	 -56.877444 	 0	 2.003314
 4895.115059	 -23.52291  	 -21.526756 	 0	 1.996154
 4895.118482	 58.532797  	 60.533554  	 0	 2.000757
 4910.022793	 -89.928967 	 -87.93459  	 0	 1.994377
 4910.019557	 111.494115 	 113.488189 	 0	 1.994074
 4925.102998	 9.006197   	 10.990719  	 0	 1.984522
 4925.104396	 -50.864411 	 -48.878588 	 0	 1.985823
 4940.013338	 -70.506793 	 -68.516891 	 0	 1.989902
 4940.000359	 -170.102799	 -168.113804	 0	 1.988995
 4955.098721	 3.934309   	 5.927749   	 0	 1.99344
 4955.098169	 61.24078   	 63.23517   	 0	 1.99439
 4969.988115	 -17.808213 	 -15.825412 	 0	 1.982801
 4969.998554	 -168.190486	 -166.205645	 0	 1.984841
 4985.088383	 -7.123841  	 -5.144815  	 0	 1.979026
 4985.082174	 -56.741182 	 -54.763874 	 0	 1.977308
 5000.181659	 72.897437  	 74.886108  	 0	 1.988671
 5015.082137	 35.098707  	 37.082113  	 0	 1.983406
 5015.081227	 -63.113366 	 -61.132689 	 0	 1.980677
 5030.166438	 -133.633285	 -131.663522	 0	 1.969763
 5030.162741	 128.221207 	 130.185721 	 0	 1.964514
 5045.066727	 142.523801 	 144.487658 	 0	 1.963857
 5045.066138	 -16.840862 	 -14.880149 	 0	 1.960713
 5060.155032	 -119.75421 	 -117.797228	 0	 1.956982
 5060.155493	 167.242983 	 169.20534  	 0	 1.962357
 5075.058715	 25.445752  	 27.406529  	 0	 1.960777
 5075.057965	 -125.697711	 -123.750509	 0	 1.947202
 5090.141975	 112.472026 	 114.42275  	 0	 1.950724
 5090.140836	 60.929451  	 62.874311  	 0	 1.94486
 5105.043222	 47.533324  	 49.474392  	 0	 1.941068
 5110.756136	 25.926089  	 27.883413  	 0	 1.957324
 5120.131579	 -134.720969	 -132.785721	 0	 1.935248
 5135.033457	 90.239559  	 92.175391  	 0	 1.935832
 5135.038409	 76.813625  	 78.757301  	 0	 1.943676
 5150.120436	 157.874439 	 159.810473 	 0	 1.936034
 5150.12305 	 119.414455 	 121.335911 	 0	 1.921456
 5165.024812	 9.834043   	 11.756618  	 0	 1.922575
 5165.016979	 -100.54917 	 -98.63805  	 0	 1.91112
 5180.109223	 -70.478024 	 -68.559479 	 0	 1.918545
 5180.108672	 -163.420381	 -161.49663 	 0	 1.923751
 5194.998375	 -69.392828 	 -67.482469 	 0	 1.910359
 5195.018759	 -111.086722	 -109.179342	 0	 1.90738
 5210.095549	 38.642107  	 40.540774  	 0	 1.898667
 5210.098867	 127.680438 	 129.591453 	 0	 1.911015
 5225.17922 	 -95.284132 	 -93.38709  	 0	 1.897042
 5240.085558	 149.275928 	 151.165492 	 0	 1.889564
 5240.087156	 143.89959  	 145.788683 	 0	 1.889093
 5255.186661	 35.139123  	 37.03603   	 0	 1.896907
 5255.178932	 -97.960583 	 -96.073538 	 0	 1.887045
 5270.088578	 -162.125732	 -160.235869	 0	 1.889863
 5270.063367	 -139.136021	 -137.284999	 0	 1.851022
 5285.159039	 -25.638694 	 -23.782082 	 0	 1.856612
 5285.158092	 -126.618585	 -124.746673	 0	 1.871912
 5300.06991 	 85.195563  	 87.059137  	 0	 1.863574
 5300.065113	 116.536128 	 118.402873 	 0	 1.866745
 5315.156101	 -41.343445 	 -39.489257 	 0	 1.854188
 5315.158859	 17.857646  	 19.708795  	 0	 1.851149
 5330.059696	 6.830932   	 8.684526   	 0	 1.853594
 5330.05187 	 47.076538  	 48.9242    	 0	 1.847662
 5345.142683	 42.068923  	 43.906525  	 0	 1.837602
 5345.138932	 148.035173 	 149.87503  	 0	 1.839857
 5360.034395	 126.55522  	 128.37321  	 0	 1.81799
 5375.128274	 -41.669518 	 -39.853832 	 0	 1.815686
 5375.120387	 -89.316395 	 -87.514924 	 0	 1.801471
 5390.030128	 -19.901747 	 -18.091223 	 0	 1.810524
 5390.039094	 -12.72488  	 -10.901426 	 0	 1.823454
 5405.12753 	 91.818809  	 93.632352  	 0	 1.813543
 5405.12108 	 7.927351   	 9.732967   	 0	 1.805616
 5420.024875	 151.029671 	 152.827685 	 0	 1.798014
 5420.025706	 -43.212614 	 -41.408026 	 0	 1.804588
 5435.115152	 155.12367  	 156.913913 	 0	 1.790243
 5435.113842	 163.725675 	 165.516231 	 0	 1.790556
 5450.020857	 148.678731 	 150.453791 	 0	 1.77506
 5450.013276	 -169.990856	 -168.219499	 0	 1.771357
 5465.101553	 -89.541622 	 -87.78064  	 0	 1.760982
 5480.186417	 27.128586  	 28.891301  	 0	 1.762715
 5480.184668	 135.866137 	 137.616847 	 0	 1.75071
 5495.08571 	 -170.601313	 -168.859486	 0	 1.741827
 5495.085684	 0.778947   	 2.515866   	 0	 1.736919
 5510.17677 	 -54.075903 	 -52.343613 	 0	 1.73229
 5510.180088	 154.92021  	 156.649888 	 0	 1.729678
 5525.080256	 -160.484255	 -158.756537	 0	 1.727718
 5525.082802	 -147.834768	 -146.112379	 0	 1.722389
 5540.169289	 -2.958848  	 -1.251991  	 0	 1.706857
 5555.064825	 -175.642344	 -173.946308	 0	 1.696036
 5555.072076	 -108.859559	 -107.163313	 0	 1.696246
 5570.151389	 -51.327024 	 -49.654802 	 0	 1.672222
 5570.153456	 119.861819 	 121.550609 	 0	 1.68879
 5585.055097	 44.135567  	 45.797665  	 0	 1.662098
 5585.060708	 -172.870587	 -171.19668 	 0	 1.673907
 5600.144484	 81.666691  	 83.325539  	 0	 1.658848
 5600.136624	 -23.695564 	 -22.039097 	 0	 1.656467
 5615.051106	 -84.789507 	 -83.14599  	 0	 1.643517
 5615.043445	 -79.353157 	 -77.713958 	 0	 1.639199
 5630.136409	 -175.53804 	 -173.897597	 0	 1.640443
 5645.026463	 -88.541203 	 -86.939685 	 0	 1.601518
 5645.031677	 55.632773  	 57.249762  	 0	 1.616989
 5660.119712	 -39.352614 	 -37.7464   	 0	 1.606214
 5660.118553	 168.026791 	 169.628548 	 0	 1.601757
 5675.022982	 82.85889   	 84.451094  	 0	 1.592204
 5675.023923	 -81.4764   	 -79.88835  	 0	 1.58805
 5690.109857	 -86.183862 	 -84.61179  	 0	 1.572072
 5690.115214	 75.730199  	 77.310933  	 0	 1.580734
 5705.00871 	 -106.733744	 -105.18659 	 0	 1.547154
 5705.017387	 167.795891 	 169.353621 	 0	 1.55773
 5720.101649	 24.240526  	 25.786871  	 0	 1.546345
 5720.094518	 -56.242728 	 -54.708515 	 0	 1.534213
 5735.183179	 -35.549118 	 -34.021301 	 0	 1.527817
 5735.186299	 113.10817  	 114.625129 	 0	 1.516959
 5750.083212	 -97.542318 	 -96.047812 	 0	 1.494506
 5765.174725	 -22.257085 	 -20.776403 	 0	 1.480682
 5765.188357	 -65.759455 	 -64.261931 	 0	 1.497524
 5780.076509	 -155.550218	 -154.085195	 0	 1.465023
 5780.076628	 108.583896 	 110.048331 	 0	 1.464435
 5795.15828 	 79.374665  	 80.832908  	 0	 1.458243
 5795.160002	 -79.072123 	 -77.613516 	 0	 1.458607
 5810.070969	 106.346024 	 107.793606 	 0	 1.447582
 5810.060881	 125.165684 	 126.589722 	 0	 1.424038
 5825.156171	 133.032057 	 134.449986 	 0	 1.417929
 5825.159697	 -72.35575  	 -70.929028 	 0	 1.426722
 5840.049681	 100.493046 	 101.893087 	 0	 1.400041
 5855.148547	 125.791501 	 127.182394 	 0	 1.390893
 5855.140228	 16.773248  	 18.155145  	 0	 1.381897
 5870.044491	 -30.455844 	 -29.09146  	 0	 1.364384
 5870.044294	 157.550966 	 158.911383 	 0	 1.360417
 5885.137817	 -38.477772 	 -37.132767 	 0	 1.345005
 5885.135373	 169.038947 	 170.378573 	 0	 1.339626
 5900.030513	 151.908444 	 153.237009 	 0	 1.328565
 5900.033916	 -119.619787	 -118.297037	 0	 1.32275
 5915.121395	 -22.278408 	 -20.980506 	 0	 1.297902
 5915.128014	 3.048035   	 4.353418   	 0	 1.305383
 5930.02256 	 45.612828  	 46.888916  	 0	 1.276088
 5945.116724	 91.490924  	 92.751654  	 0	 1.26073
 5945.102832	 -70.432842 	 -69.178513 	 0	 1.254329
 5960.189531	 136.744485 	 137.971723 	 0	 1.227238
 5960.192541	 68.395057  	 69.625976  	 0	 1.230919
 5975.095233	 -44.189331 	 -42.991709 	 0	 1.197622
 5975.095047	 -65.147991 	 -63.949205 	 0	 1.198786
 5990.193939	 -109.769217	 -108.571763	 0	 1.197454
 5990.186278	 127.208782 	 128.392246 	 0	 1.183464
 6005.091128	 141.939818 	 143.114107 	 0	 1.174289
 6020.189427	 46.484996  	 47.635806  	 0	 1.15081
 6020.180589	 83.409481  	 84.554643  	 0	 1.145162
 6035.070745	 44.51122   	 45.618219  	 0	 1.106999
 6035.084013	 104.194595 	 105.30955  	 0	 1.114955
 6050.171841	 98.685025  	 99.780944  	 0	 1.095919
 6050.169056	 44.738692  	 45.831106  	 0	 1.092414
 6065.065774	 86.120295  	 87.180936  	 0	 1.060641
 6065.069919	 -120.410646	 -119.345114	 0	 1.065532
 6080.154716	 69.291642  	 70.331797  	 0	 1.040155
 6095.060272	 58.762036  	 59.780926  	 0	 1.01889
 6095.06374 	 61.788104  	 62.807355  	 0	 1.019251
 6110.145991	 97.033738  	 98.008426  	 0	 0.974688
 6110.1408  	 -65.820596 	 -64.841785 	 0	 0.978811
 6125.055697	 -128.654137	 -127.691065	 0	 0.963072
 6125.04806 	 75.630504  	 76.597082  	 0	 0.966578
 6140.128816	 -170.319139	 -169.389322	 0	 0.929817
 6155.036095	 -173.610216	 -172.720632	 0	 0.889584
 6155.029557	 -135.492039	 -134.593605	 0	 0.898434
 6170.122099	 149.71696  	 150.582745 	 0	 0.865785
 6170.123342	 55.346018  	 56.215064  	 0	 0.869046
 6185.023946	 143.418664 	 144.250857 	 0	 0.832193
 6185.021018	 175.477379 	 176.324684 	 0	 0.847305
 6200.110688	 137.542582 	 138.344982 	 0	 0.8024
 6200.121794	 -26.508502 	 -25.702232 	 0	 0.80627
 6215.198348	 116.179262 	 116.95074  	 0	 0.771478
 6215.193509	 156.831218 	 157.597444 	 0	 0.766226
 6230.096875	 67.925267  	 68.663958  	 0	 0.738691
 6245.195923	 0.110171   	 0.812412   	 0	 0.702241
 6245.186495	 92.960619  	 93.65768   	 0	 0.697061
 6260.088277	 44.423664  	 45.09      	 0	 0.666336
 6260.095663	 158.175052 	 158.84117  	 0	 0.666118
 6275.178425	 122.770456 	 123.404986 	 0	 0.63453
 6275.173183	 152.621757 	 153.24088  	 0	 0.619123
 6290.078812	 36.051217  	 36.64495   	 0	 0.593733
 6290.078968	 -76.082217 	 -75.485275 	 0	 0.596942
 6305.168341	 -62.383153 	 -61.832918 	 0	 0.550235
 6307.834365	 133.408774 	 133.991828 	 0	 0.583054
 6320.067888	 -76.396929 	 -75.879555 	 0	 0.517374
 6335.164517	 51.960767  	 52.444858  	 0	 0.484091
 6335.152246	 16.843724  	 17.327859  	 0	 0.484135
 6350.054944	 -27.066028 	 -26.622515 	 0	 0.443513
 6350.062596	 23.661283  	 24.109642  	 0	 0.448359
 6365.146947	 -97.439694 	 -97.031061 	 0	 0.408633
 6365.144104	 -154.639522	 -154.236976	 0	 0.402546
 6380.044201	 39.197203  	 39.557667  	 0	 0.360464
 6380.034891	 33.251329  	 33.603201  	 0	 0.351872
 6395.140027	 -170.922249	 -170.592097	 0	 0.330152
 6410.032258	 -21.858005 	 -21.588692 	 0	 0.269313
 6410.037843	 163.172263 	 163.451514 	 0	 0.279251
 6425.120437	 -177.579744	 -177.342734	 0	 0.23701
 6425.125131	 -32.241617 	 -32.003773 	 0	 0.237844
 6440.028165	 -24.746163 	 -24.557171 	 0	 0.188992
 6440.025688	 -63.084606 	 -62.905414 	 0	 0.179192
 6455.117097	 3.331334   	 3.476027   	 0	 0.144693
 6455.106027	 111.941271 	 112.083942 	 0	 0.142671
 6470.200925	 -50.761337 	 -50.665826 	 0	 0.095511
 6470.199234	 167.477717 	 167.569301 	 0	 0.091584
 6485.105713	 92.817403  	 92.863492  	 0	 0.046089
 6500.186831	 71.470781  	 71.484956  	 0	 0.014175
 6500.186652	 8.329044   	 8.324165   	 0	 -0.004879
 6515.096447	 66.507969  	 66.461343  	 0	 -0.046626
 6515.094828	 16.808001  	 16.761867  	 0	 -0.046134
 6530.178268	 20.019574  	 19.923354  	 0	 -0.09622
 6530.175466	 69.02726   	 68.925214  	 0	 -0.102046
 6545.069463	 89.602163  	 89.444087  	 0	 -0.158076
 6545.083235	 -138.157779	 -138.311578	 0	 -0.153799
 6560.158944	 -129.038072	 -129.243344	 0	 -0.205272
 6560.164091	 82.494186  	 82.277687  	 0	 -0.216499
 6575.063401	 115.393629 	 115.133238 	 0	 -0.260391
 6590.14705 	 93.641899  	 93.334334  	 0	 -0.307565
 6590.15065 	 -155.045536	 -155.367675	 0	 -0.322139
 6605.061864	 -127.101316	 -127.466938	 0	 -0.365622
 6605.051821	 72.07174   	 71.696185  	 0	 -0.375555
 6620.134962	 -86.062151 	 -86.506082 	 0	 -0.443931
 6620.138906	 135.800277 	 135.363481 	 0	 -0.436796
 6635.046606	 178.504245 	 178.013246 	 0	 -0.490999
 6635.04978 	 -45.194196 	 -45.680715 	 0	 -0.486519
 6650.134373	 -111.653546	 -112.201532	 0	 -0.547986
 6665.037263	 -126.037623	 -126.638345	 0	 -0.600722
 6665.038747	 59.881777  	 59.268307  	 0	 -0.61347
 6680.125642	 -97.885105 	 -98.562838 	 0	 -0.677733
 6680.121575	 70.519992  	 69.844065  	 0	 -0.675927
 6695.211301	 -97.070531 	 -97.802994 	 0	 -0.732463
 6695.214124	 81.73877   	 81.005978  	 0	 -0.732792
 6710.109887	 -40.673746 	 -41.471497 	 0	 -0.797751
 6710.110379	 12.518955  	 11.710294  	 0	 -0.808661
 6725.197817	 -156.310488	 -157.179174	 0	 -0.868686
 6740.101586	 50.53947   	 49.607109  	 0	 -0.932361
 6740.100064	 28.648884  	 27.713962  	 0	 -0.934922
 6755.190045	 66.657028  	 65.659355  	 0	 -0.997673
 6755.195332	 -98.42257  	 -99.417288 	 0	 -0.994718
 6770.089703	 -53.201082 	 -54.266186 	 0	 -1.065104
 6770.089107	 -28.630557 	 -29.694651 	 0	 -1.064094
 6785.180176	 -118.014039	 -119.148728	 0	 -1.134689
 6785.167108	 60.284269  	 59.144802  	 0	 -1.139467
 6800.074764	 -75.436688 	 -76.650852 	 0	 -1.214164
 6815.171031	 129.426486 	 128.148164 	 0	 -1.278322
 6815.168934	 36.664399  	 35.391874  	 0	 -1.272525
 6830.080552	 64.102491  	 62.758737  	 0	 -1.343754
 6830.066162	 -24.571079 	 -25.926021 	 0	 -1.354942
 6845.144635	 6.522064   	 5.082832   	 0	 -1.439232
 6860.059709	 25.278482  	 23.771476  	 0	 -1.507006
 6860.057211	 -44.651107 	 -46.162841 	 0	 -1.511734
 6875.140312	 14.16949   	 12.577783  	 0	 -1.591707
 6875.155663	 68.725832  	 67.151147  	 0	 -1.574685
 6890.046393	 22.982077  	 21.314021  	 0	 -1.668056
 6890.046583	 178.71607  	 177.059958 	 0	 -1.656112
 6905.141887	 16.697865  	 14.964666  	 0	 -1.733199
 6906.648845	 4.33799    	 2.610073   	 0	 -1.727917
 6920.040986	 85.238272  	 83.434731  	 0	 -1.803541
 6935.116577	 90.829134  	 88.927555  	 0	 -1.901579
 6935.125821	 22.049141  	 20.158794  	 0	 -1.890347
 6950.218717	 -78.990661 	 -80.959401 	 0	 -1.96874
 6950.207483	 -98.485976 	 -100.484262	 0	 -1.998286
 6965.116008	 83.85065   	 81.778911  	 0	 -2.071739
 6965.118063	 12.63779   	 10.578113  	 0	 -2.059677
 6980.196898	 -27.109028 	 -29.254415 	 0	 -2.145387
 6995.095231	 73.6621    	 71.429468  	 0	 -2.232632
 6995.08969 	 144.976364 	 142.745226 	 0	 -2.231138
 7010.181334	 -3.115855  	 -5.416032  	 0	 -2.300177
 7010.187153	 -139.209894	 -141.511744	 0	 -2.30185
 7025.093275	 -53.957465 	 -56.330779 	 0	 -2.373314
 7025.090762	 -142.878639	 -145.245674	 0	 -2.367035
 7040.185686	 -175.053461	 -177.499403	 0	 -2.445942
 7055.073625	 -159.763863	 -162.301163	 0	 -2.5373
 7055.080855	 -78.457891 	 -81.001394 	 0	 -2.543503
 7070.168815	 -53.374833 	 -55.982012 	 0	 -2.607179
 7070.170649	 -146.837439	 -149.443312	 0	 -2.605873
 7085.067282	 109.696018 	 107.014285 	 0	 -2.681733
 7085.065166	 -3.383573  	 -6.07163   	 0	 -2.688057
 7100.161405	 68.956221  	 66.199705  	 0	 -2.756516
 7100.159154	 106.208783 	 103.451461 	 0	 -2.757322
 7115.049506	 102.855446 	 100.022006 	 0	 -2.83344
 7130.140384	 -170.93082 	 -173.826154	 0	 -2.895334
 7130.147947	 158.495048 	 155.597891 	 0	 -2.897157
 7145.041337	 144.677823 	 141.732892 	 0	 -2.944931
 7145.054483	 21.52865   	 18.588172  	 0	 -2.940478
 7160.131008	 -6.893775  	 -9.890549  	 0	 -2.996774
 7160.130599	 -122.306834	 -125.304661	 0	 -2.997827
 7175.043541	 -99.967535 	 -103.012678	 0	 -3.045143
 7190.12507 	 -158.923771	 -162.02678 	 0	 -3.103009
 7190.128665	 -111.519508	 -114.609416	 0	 -3.089908
 7205.205022	 23.818828  	 20.681606  	 0	 -3.137222
 7205.209818	 -151.125817	 -154.258626	 0	 -3.132809
 7220.116068	 -30.254812 	 -33.403949 	 0	 -3.149137
 7220.111526	 -10.611829 	 -13.75655  	 0	 -3.144721
 7235.198532	 153.08443  	 149.929689 	 0	 -3.154741
 7250.05398 	 152.993144 	 149.87469  	 0	 -3.118454
 7250.09952 	 -28.169153 	 -31.347654 	 0	 -3.178501
 7265.185302	 122.197655 	 119.030716 	 0	 -3.166939
 7265.184585	 28.840332  	 25.691131  	 0	 -3.149201
 7280.093407	 36.510678  	 33.395566  	 0	 -3.115112
 7280.095392	 -179.538927	 177.342432 	 0	 356.881359
 7295.185171	 -3.787373  	 -6.860076  	 0	 -3.072703
 7295.188763	 105.649327 	 102.588678 	 0	 -3.060649
 7310.078774	 101.996485 	 98.990242  	 0	 -3.006243
 7325.170822	 -127.802422	 -130.730847	 0	 -2.928425
 7325.168483	 44.793489  	 41.874771  	 0	 -2.918718
 7340.067872	 24.322569  	 21.492666  	 0	 -2.829903
 7340.067385	 -134.907783	 -137.724372	 0	 -2.816589
 7355.159929	 56.04051   	 53.367259  	 0	 -2.673251
 7355.166765	 -48.430736 	 -51.103342 	 0	 -2.672606
 7370.06707 	 -9.818678  	 -12.343309 	 0	 -2.524631
 7381.886243	 -39.712036 	 -42.564744 	 0	 -2.852708
 7385.149154	 -80.00139  	 -82.334232 	 0	 -2.332842
 7400.051171	 30.884656  	 28.76321   	 0	 -2.121446
 7400.06044 	 111.778849 	 109.675185 	 0	 -2.103664
 7415.145149	 -140.223197	 -142.079233	 0	 -1.856036
 7415.137761	 -97.577075 	 -99.422766 	 0	 -1.845691
 7430.226435	 43.572139  	 42.029222  	 0	 -1.542917
 7435.788854	 148.767543 	 146.869701 	 0	 -1.897842
 7445.129305	 -90.626819 	 -91.856667 	 0	 -1.229848
 7460.209609	 -73.241102 	 -74.120726 	 0	 -0.879624
 7460.213845	 15.297567  	 14.436996  	 0	 -0.860571
 7475.116558	 -69.256453 	 -69.721332 	 0	 -0.464879
 7475.11373 	 6.493348   	 6.044299   	 0	 -0.449049
 7490.201196	 115.165603 	 115.161386 	 0	 -0.004217
 7505.105036	 176.748749 	 177.197455 	 0	 0.448706
 7505.098466	 -80.517163 	 -80.051031 	 0	 0.466132
 7520.188055	 20.442809  	 21.423281  	 0	 0.980472
 7520.186257	 110.584613 	 111.57332  	 0	 0.988707
 7535.089002	 67.972866  	 69.499302  	 0	 1.526436
 7535.099363	 148.546998 	 150.103198 	 0	 1.5562
 7550.192716	 5.70037    	 7.816785   	 0	 2.116415
 7561.715277	 -56.682362 	 -54.937606 	 0	 1.744756
 7565.079414	 -2.529378  	 0.221937   	 0	 2.751315
 7580.177746	 63.275735  	 66.681666  	 0	 3.405931
 7580.176681	 66.305254  	 69.716039  	 0	 3.410785
 7595.073391	 -50.79593  	 -46.727489 	 0	 4.068441
 7595.069162	 -128.883742	 -124.816253	 0	 4.067489
 7610.162748	 -86.89969  	 -82.121743 	 0	 4.777947
 7625.066709	 -38.836326 	 -33.367875 	 0	 5.468451
 7625.061193	 -69.506572 	 -64.032994 	 0	 5.473578
 7640.148493	 -64.274254 	 -58.087123 	 0	 6.187131
 7640.148617	 -27.376382 	 -21.163847 	 0	 6.212535
 7655.053953	 -154.986469	 -148.082208	 0	 6.904261
 7655.052524	 34.979669  	 41.898389  	 0	 6.91872
 7670.137752	 -173.897536	 -166.261534	 0	 7.636002
 7685.214106	 1.117556   	 9.461653   	 0	 8.344097
 7685.215081	 95.17175   	 103.516539 	 0	 8.344789
 7700.129989	 -98.38265  	 -89.300409 	 0	 9.082241
 7700.138525	 -97.479409 	 -88.390338 	 0	 9.089071
 7715.209941	 -165.637451	 -155.878797	 0	 9.758654
 7715.213815	 -66.722314 	 -56.969322 	 0	 9.752992
 7730.112397	 146.2492   	 156.6826   	 0	 10.4334
 7745.203209	 -134.732333	 -123.625858	 0	 11.106475
 7745.212622	 -132.059456	 -120.95803 	 0	 11.101426
 7760.109627	 -59.861851 	 -48.155222 	 0	 11.706629
 7760.094875	 72.972866  	 84.679818  	 0	 11.706952
 7775.207448	 -168.407382	 -156.087898	 0	 12.319484
 7775.195731	 -130.995727	 -118.685949	 0	 12.309778
 7790.091009	 -75.512262 	 -62.632912 	 0	 12.87935
 7805.181886	 116.643037 	 130.062424 	 0	 13.419387
 7805.17244 	 94.577413  	 107.990422 	 0	 13.413009
 7820.077647	 -75.904646 	 -61.975923 	 0	 13.928723
 7820.079597	 99.361279  	 113.274412 	 0	 13.913133
 7835.176802	 175.313008 	 -170.284008	 0	 -345.597016
 7850.073278	 110.337892 	 125.175678 	 0	 14.837786
 7850.077164	 -38.464872 	 -23.630059 	 0	 14.834813
 7865.154633	 -96.057775 	 -80.812675 	 0	 15.2451
 7865.163724	 -105.749329	 -90.505529 	 0	 15.2438
 7880.057761	 -106.788597	 -91.164895 	 0	 15.623702
 7887.659864	 -40.939205 	 -25.503105 	 0	 15.4361
 7895.148431	 -63.083767 	 -47.123381 	 0	 15.960386
 7910.047326	 82.154494  	 98.431658  	 0	 16.277164
 7910.046462	 -171.898082	 -155.639181	 0	 16.258901
 7925.13631 	 178.372358 	 -165.066455	 0	 -343.438813
 7925.130655	 -116.09889 	 -99.548609 	 0	 16.550281
 7940.232186	 109.934692 	 126.76561  	 0	 16.830918
 7955.1287  	 161.986408 	 179.034225 	 0	 17.047817
 7955.125545	 -146.633168	 -129.580325	 0	 17.052843
 7970.218076	 0.020676   	 17.294991  	 0	 17.274315
 7970.211916	 69.161301  	 86.406513  	 0	 17.245212
 7985.114086	 -23.575757 	 -6.140969  	 0	 17.434788
 8000.218879	 -62.017144 	 -44.409083 	 0	 17.608061
 8000.201612	 -141.891514	 -124.292965	 0	 17.598549
 8015.102226	 122.925999 	 140.659609 	 0	 17.73361
 8015.110641	 137.099983 	 154.840244 	 0	 17.740261
 8030.192738	 170.504241 	 -171.624774	 0	 -342.129015
 8030.196284	 -168.612914	 -150.745882	 0	 17.867032
 8045.09554 	 65.658327  	 83.631841  	 0	 17.973514
 8060.180264	 138.0424   	 156.102484 	 0	 18.060084
 8060.18998 	 82.502504  	 100.564562 	 0	 18.062058
 8075.089283	 38.777142  	 56.911241  	 0	 18.134099
 8075.080338	 156.201977 	 174.331689 	 0	 18.129712
 8090.167366	 9.440691   	 27.628434  	 0	 18.187743
 8105.070549	 -109.245041	 -91.016951 	 0	 18.22809
 8105.080062	 141.336896 	 159.581276 	 0	 18.24438
 8120.158515	 56.615051  	 74.887842  	 0	 18.272791
 8120.165092	 163.253573 	 -178.464044	 0	 -341.717617
 8135.069346	 -91.802728 	 -73.488076 	 0	 18.314652
 8150.150861	 -164.186342	 -145.877565	 0	 18.308777
 8150.15254 	 -17.421174 	 0.894279   	 0	 18.315453
 8165.241208	 54.816835  	 73.133811  	 0	 18.316976
 8165.23131 	 -42.065617 	 -23.749739 	 0	 18.315878
 8180.14158 	 -73.547077 	 -55.231954 	 0	 18.315123
 8195.22719 	 -79.604256 	 -61.293374 	 0	 18.310882
 8195.223689	 178.626585 	 -163.067489	 0	 -341.694074
 8210.124868	 -71.563581 	 -53.26106  	 0	 18.302521
 8210.125262	 121.213993 	 139.506818 	 0	 18.292825
 8225.210158	 74.887304  	 93.153174  	 0	 18.26587
 8240.113526	 -41.831665 	 -23.591289 	 0	 18.240376
 8240.124466	 61.99061   	 80.250584  	 0	 18.259974
 8255.199218	 43.43133   	 61.637684  	 0	 18.206354
 8255.204848	 -106.863252	 -88.64228  	 0	 18.220972
 8270.104747	 167.49632  	 -174.336692	 0	 -341.833012
 8285.191114	 -127.440912	 -109.306632	 0	 18.13428
 8285.188807	 166.029016 	 -175.846487	 0	 -341.875503
 8300.101899	 -84.497141 	 -66.406587 	 0	 18.090554
 8300.097479	 -128.000998	 -109.903114	 0	 18.097884
 8315.180416	 11.653422  	 29.695927  	 0	 18.042505
 8330.085126	 164.727729 	 -177.280136	 0	 -342.007865
 8330.083252	 -38.735261 	 -20.730121 	 0	 18.00514
 8345.166261	 -8.34854   	 9.590468   	 0	 17.939008
 8345.168173	 -164.645327	 -146.713258	 0	 17.932069
 8360.074081	 -25.298609 	 -7.412846  	 0	 17.885763
 8375.159403	 -168.178722	 -150.357237	 0	 17.821485
 8375.160805	 -19.202903 	 -1.373728  	 0	 17.829175
 8390.05783 	 -106.510821	 -88.749468 	 0	 17.761353
 8390.08212 	 -88.351844 	 -70.550609 	 0	 17.801235
 8405.146923	 -60.453169 	 -42.746214 	 0	 17.706955
 8420.232876	 41.970052  	 59.604111  	 0	 17.634059
 8420.232912	 36.027963  	 53.668372  	 0	 17.640409
 8435.138686	 40.368875  	 57.955752  	 0	 17.586877
 8435.138934	 44.789901  	 62.376106  	 0	 17.586205
 8450.229729	 38.282666  	 55.801478  	 0	 17.518812
 8465.127396	 -2.049868  	 15.397886  	 0	 17.447754
 8465.129425	 -132.071643	 -114.6135  	 0	 17.458143
 8480.21793 	 -95.822351 	 -78.431085 	 0	 17.391266
 8495.122056	 -39.859021 	 -22.53123  	 0	 17.327791
 8495.114623	 -73.592659 	 -56.265511 	 0	 17.327148
 8510.201865	 21.189176  	 38.447971  	 0	 17.258795
 8510.206128	 -123.50024 	 -106.242324	 0	 17.257916
 8525.106697	 -90.003852 	 -72.796436 	 0	 17.207416
 8540.195776	 67.451392  	 84.590662  	 0	 17.13927
 8540.199929	 -83.589351 	 -66.455083 	 0	 17.134268
 8555.095588	 -69.539354 	 -52.472849 	 0	 17.066505
 8555.099959	 -142.585373	 -125.518985	 0	 17.066388
 8570.195522	 -167.499482	 -150.485646	 0	 17.013836
 8585.080783	 58.614042  	 75.544403  	 0	 16.930361
 8585.095579	 -29.421926 	 -12.484239 	 0	 16.937687
 8600.166074	 138.545918 	 155.416026 	 0	 16.870108
 8600.180567	 -166.652551	 -149.767166	 0	 16.885385
 8615.074706	 155.098416 	 171.913592 	 0	 16.815176
 8630.162759	 -71.385316 	 -54.639231 	 0	 16.746085
 8630.166702	 -16.826236 	 -0.075577  	 0	 16.750659
 8645.061357	 -148.806327	 -132.130564	 0	 16.675763
 8645.065321	 55.914986  	 72.59352   	 0	 16.678534
 8660.150054	 -8.980097  	 7.637879   	 0	 16.617976
 8675.241484	 73.985195  	 90.537993  	 0	 16.552798
 8675.234698	 147.142784 	 163.700961 	 0	 16.558177
 8690.140315	 -146.989685	 -130.498339	 0	 16.491346
 8690.145875	 -89.441061 	 -72.948778 	 0	 16.492283
 8705.226551	 114.736358 	 131.172235 	 0	 16.435877
 8720.12867 	 125.259864 	 141.626231 	 0	 16.366367
 8720.129029	 -21.046326 	 -4.680368  	 0	 16.365958
 8735.207938	 -5.041846  	 11.256919  	 0	 16.298765
 8750.110976	 57.892407  	 74.126853  	 0	 16.234446
 8750.127254	 -79.534074 	 -63.271283 	 0	 16.262791
 8765.206521	 -148.774924	 -132.575815	 0	 16.199109
 8780.108786	 170.586903 	 -173.282543	 0	 -343.869446
 8780.115864	 -168.26212 	 -152.12564 	 0	 16.13648
 8795.19627 	 131.400679 	 147.483798 	 0	 16.083119
 8795.195368	 -16.982664 	 -0.915685  	 0	 16.066979
 8810.10266 	 -97.106373 	 -81.085842 	 0	 16.020531
 8825.183322	 65.836161  	 81.797248  	 0	 15.961087
 8825.183696	 117.515165 	 133.479866 	 0	 15.964701
 8840.099903	 149.380461 	 165.303355 	 0	 15.922894
 8840.077591	 -148.325007	 -132.414226	 0	 15.910781
 8855.176354	 61.240403  	 77.095637  	 0	 15.855234
 8870.078082	 37.664648  	 53.465741  	 0	 15.801093
 8870.074744	 115.468255 	 131.264422 	 0	 15.796167
 8885.161402	 97.786246  	 113.541689 	 0	 15.755443
 8900.24757 	 -55.986968 	 -40.298722 	 0	 15.688246
 8900.253344	 49.07292   	 64.768977  	 0	 15.696057
 8915.153033	 54.59271   	 70.243913  	 0	 15.651203
 8915.149299	 159.376991 	 175.028189 	 0	 15.651198
 8930.240519	 58.637691  	 74.232062  	 0	 15.594371
 8945.145346	 -8.911832  	 6.637234   	 0	 15.549066
 8945.141143	 98.299124  	 113.850195 	 0	 15.551071
 8960.227661	 -102.554791	 -87.055996 	 0	 15.498795
 8960.2273  	 -151.225608	 -135.730039	 0	 15.495569
 8975.139403	 -5.201023  	 10.258907  	 0	 15.45993
 8990.212611	 -132.485689	 -117.086205	 0	 15.399484
 8990.222424	 -45.311608 	 -29.895337 	 0	 15.416271
 9005.12304 	 -134.206534	 -118.845223	 0	 15.361311
 9020.208013	 -161.699187	 -146.379544	 0	 15.319643
 9020.19862 	 -12.596777 	 2.712247   	 0	 15.309024
 9035.113982	 126.074036 	 141.348936 	 0	 15.2749
 9050.201769	 -60.34374  	 -45.116998 	 0	 15.226742
 9050.195075	 -123.27212 	 -108.04718 	 0	 15.22494
 9065.094051	 57.914796  	 73.099439  	 0	 15.184643
 9065.096104	 92.916729  	 108.098263 	 0	 15.181534
 9080.175733	 131.9603   	 147.085108 	 0	 15.124808
 9095.088901	 87.052631  	 102.155248 	 0	 15.102617
 9095.082758	 48.720332  	 63.81244   	 0	 15.092108
 9110.17209 	 13.094824  	 28.149967  	 0	 15.055143
 9125.081204	 -113.537195	 -98.512245 	 0	 15.02495
 9125.079433	 124.786464 	 139.806528 	 0	 15.020064
 9140.164864	 -54.234797 	 -39.258323 	 0	 14.976474
 9140.164062	 43.244662  	 58.224227  	 0	 14.979565
 9155.251962	 123.84366  	 138.789293 	 0	 14.945633
 9170.154965	 32.660597  	 47.577667  	 0	 14.91707
 9170.152434	 46.027792  	 60.929365  	 0	 14.901573
 9185.23435 	 41.707337  	 56.560033  	 0	 14.852696
 9200.142575	 -168.315998	 -153.484675	 0	 14.831323
 9200.147163	 -163.207736	 -148.367282	 0	 14.840454
 9215.230241	 -100.998904	 -86.195761 	 0	 14.803143
 9215.231985	 -84.699298 	 -69.908949 	 0	 14.790349
 9230.1381  	 41.937535  	 56.68977   	 0	 14.752235
 9245.221981	 94.642443  	 109.368331 	 0	 14.725888
 9245.224567	 32.716257  	 47.444946  	 0	 14.728689
 9260.127032	 -25.332081 	 -10.626502 	 0	 14.705579
 9275.206114	 10.89169   	 25.543624  	 0	 14.651934
 9275.213027	 78.090241  	 92.75685   	 0	 14.666609
 9290.106521	 8.774411   	 23.393977  	 0	 14.619566
 9290.110511	 110.480565 	 125.105382 	 0	 14.624817
 9305.198677	 120.615354 	 135.202302 	 0	 14.586948
 9320.099279	 -45.965471 	 -31.398564 	 0	 14.566907
 9320.099366	 152.636786 	 167.201519 	 0	 14.564733
 9335.178891	 89.670216  	 104.192569 	 0	 14.522353
 9350.081828	 -131.591726	 -117.096245	 0	 14.495481
 9350.086968	 -112.397517	 -97.905479 	 0	 14.492038
 9365.171305	 -59.156886 	 -44.695618 	 0	 14.461268
 9365.180045	 -77.287965 	 -62.80392  	 0	 14.484045
 9380.072234	 144.51954  	 158.95994  	 0	 14.4404
 9395.169379	 -152.128087	 -137.703371	 0	 14.424716
 9395.159496	 75.046709  	 89.466708  	 0	 14.419999
 9410.250807	 -143.927726	 -129.544578	 0	 14.383148
 9425.160193	 -38.169547 	 -23.802977 	 0	 14.36657
 9425.160101	 119.025984 	 133.392779 	 0	 14.366795
 9440.248697	 86.532066  	 100.868641 	 0	 14.336575
 9455.144525	 62.562622  	 76.861418  	 0	 14.298796
 9455.151264	 158.448492 	 172.769512 	 0	 14.32102
 9470.23385 	 -101.312649	 -87.020393 	 0	 14.292256
 9485.132708	 65.302673  	 79.558459  	 0	 14.255786
 9485.131031	 -50.12273  	 -35.871077 	 0	 14.251653
 9500.217263	 -77.2994   	 -63.076828 	 0	 14.222572
 9500.228509	 -107.501601	 -93.255275 	 0	 14.246326
 9515.116059	 -32.600752 	 -18.394657 	 0	 14.206095
 9530.207751	 167.876585 	 -177.938511	 0	 -345.815096
 9530.211131	 155.609751 	 169.794251 	 0	 14.1845
 9545.113431	 -35.099563 	 -20.928954 	 0	 14.170609
 9560.197349	 -22.295188 	 -8.144464  	 0	 14.150724
 9560.189799	 5.252849   	 19.38348   	 0	 14.130631
 9575.101623	 95.343937  	 109.465619 	 0	 14.121682
 9590.185681	 33.291166  	 47.381572  	 0	 14.090406
 9590.174868	 -101.763826	 -87.694235 	 0	 14.069591
 9605.085624	 61.90572   	 75.981936  	 0	 14.076216
 9620.173385	 44.970117  	 59.00612   	 0	 14.036003
 9620.184487	 114.28633  	 128.345599 	 0	 14.059269
 9635.269092	 -27.700917 	 -13.666306 	 0	 14.034611
 9635.26409 	 42.623937  	 56.660988  	 0	 14.037051
 9650.172026	 120.104597 	 134.111612 	 0	 14.007015
 9665.253699	 -17.39076  	 -3.398394  	 0	 13.992366
 9665.251187	 -131.662229	 -117.666179	 0	 13.99605
 9680.157116	 19.569993  	 33.534348  	 0	 13.964355
 9695.24072 	 149.807943 	 163.759015 	 0	 13.951072
 9695.239645	 129.579059 	 143.529424 	 0	 13.950365
 9710.147342	 -105.825621	 -91.882945 	 0	 13.942676
 9725.227208	 -37.761202 	 -23.850682 	 0	 13.91052
 9725.227935	 36.42214   	 50.334794  	 0	 13.912654
 9740.147045	 90.316708  	 104.238137 	 0	 13.921429
 9755.216479	 -118.608311	 -104.729161	 0	 13.87915
 9755.22559 	 65.475968  	 79.356143  	 0	 13.880175
 9770.122271	 -9.540421  	 4.328619   	 0	 13.86904
 9785.20671 	 74.827247  	 88.667061  	 0	 13.839814
 9785.206569	 -37.291881 	 -23.449918 	 0	 13.841963
 9800.10731 	 1.532721   	 15.361297  	 0	 13.828576
 9815.201315	 -31.372099 	 -17.553019 	 0	 13.81908
 9815.187289	 -12.315517 	 1.49174    	 0	 13.807257
 9830.104201	 81.503589  	 95.309907  	 0	 13.806318
 9845.19076 	 161.18828  	 174.976961 	 0	 13.788681
 9845.196578	 139.457836 	 153.249584 	 0	 13.791748
 9860.090327	 -57.762862 	 -43.98798  	 0	 13.774882
 9871.66716 	 -80.913005 	 -67.135539 	 0	 13.777466
 9875.177369	 135.84836  	 149.604423 	 0	 13.756063
 9890.263648	 -31.229705 	 -17.493222 	 0	 13.736483
 9890.265345	 178.883528 	 -167.376479	 0	 -346.260007
 9905.164608	 23.059031  	 36.782256  	 0	 13.723225
 9920.258375	 94.324108  	 108.039617 	 0	 13.715509
 9920.261755	 -96.16592  	 -82.440389 	 0	 13.725531
 9935.151098	 -112.40592 	 -98.718137 	 0	 13.687783
 9950.242542	 -52.078285 	 -38.396945 	 0	 13.68134
 9950.239529	 -75.92588  	 -62.243842 	 0	 13.682038
 9965.149826	 -148.275501	 -134.588307	 0	 13.687194
 9980.224349	 106.489153 	 120.13781  	 0	 13.648657
 9980.226458	 134.850162 	 148.492416 	 0	 13.642254
 9995.126254	 -107.066275	 -93.441619 	 0	 13.624656
10010.23341 	 -0.011366  	 13.639968  	 0	 13.651334
10010.21459 	 -22.460401 	 -8.818325  	 0	 13.642076
10025.12392 	 -149.426943	 -135.792731	 0	 13.634212
10040.20509 	 -129.281345	 -115.678561	 0	 13.602784
10040.21192 	 -170.591987	 -156.983942	 0	 13.608045
10055.10953 	 -26.584747 	 -12.985372 	 0	 13.599375
10070.2013  	 -121.602581	 -108.008648	 0	 13.593933
10070.19807 	 -37.893871 	 -24.311792 	 0	 13.582079
10085.10968 	 111.738158 	 125.316578 	 0	 13.57842
10100.18823 	 27.74513   	 41.312879  	 0	 13.567749
10100.18573 	 -85.046486 	 -71.477516 	 0	 13.56897
10115.09009 	 61.352417  	 74.90501   	 0	 13.552593
10130.18302 	 88.387628  	 101.940719 	 0	 13.553091
10130.17575 	 -50.208609 	 -36.65359  	 0	 13.555019
10145.26249 	 129.46095  	 142.995575 	 0	 13.534625
10145.26683 	 -24.232172 	 -10.688368 	 0	 13.543804
10160.16137 	 -87.504811 	 -73.973205 	 0	 13.531606
10175.24611 	 -67.355898 	 -53.840488 	 0	 13.51541
10175.24913 	 -75.527167 	 -62.009343 	 0	 13.517824
10190.15878 	 -140.760543	 -127.242783	 0	 13.51776
10205.25103 	 -10.060135 	 3.456983   	 0	 13.517118
10205.24273 	 123.681573 	 137.18247  	 0	 13.500897
10220.14509 	 -99.05421  	 -85.564946 	 0	 13.489264
10235.24036 	 -39.666617 	 -26.178103 	 0	 13.488514
10235.23092 	 -163.009965	 -149.525136	 0	 13.484829
10250.13876 	 -124.339089	 -110.857006	 0	 13.482083
10265.2239  	 81.069833  	 94.548708  	 0	 13.478875
10265.22736 	 -69.854517 	 -56.381994 	 0	 13.472523
10280.12472 	 -68.627809 	 -55.164994 	 0	 13.462815
10295.21315 	 35.103346  	 48.563585  	 0	 13.460239
10295.20917 	 -41.658888 	 -28.19871  	 0	 13.460178
10310.12057 	 93.454603  	 106.904915 	 0	 13.450312
10325.20103 	 169.013236 	 -177.546996	 0	 -346.560232
10325.19032 	 -123.583377	 -110.160089	 0	 13.423288
10340.10981 	 -138.885133	 -125.443442	 0	 13.441691
10355.17927 	 -149.037149	 -135.6234  	 0	 13.413749
10355.18694 	 8.439812   	 21.85778   	 0	 13.417968
10370.27116 	 -106.792144	 -93.376792 	 0	 13.415352
10385.17839 	 -162.182257	 -148.774462	 0	 13.407795
10385.1746  	 131.475363 	 144.88333  	 0	 13.407967
10400.25605 	 33.224853  	 46.62213   	 0	 13.397277
10415.17652 	 -163.702453	 -150.275576	 0	 13.426877
10415.1788  	 -104.555261	 -91.13387  	 0	 13.421391
10430.24968 	 -155.049602	 -141.660026	 0	 13.389576
10445.16549 	 117.934157 	 131.332162 	 0	 13.398005
10445.15691 	 145.563319 	 158.95234  	 0	 13.389021
10460.24455 	 76.294217  	 89.675294  	 0	 13.381077
10475.14415 	 -157.608432	 -144.235675	 0	 13.372757
10475.14621 	 137.0359   	 150.412057 	 0	 13.376157
10490.23425 	 136.186424 	 149.554599 	 0	 13.368175
10505.1294  	 135.583687 	 148.946544 	 0	 13.362857
10505.1354  	 -78.689207 	 -65.318074 	 0	 13.371133
10520.22052 	 -160.509156	 -147.136779	 0	 13.372377
10535.12914 	 177.48302  	 -169.152046	 0	 -346.635066
10535.13035 	 -155.968302	 -142.600248	 0	 13.368054
10550.20778 	 -15.046061 	 -1.695086  	 0	 13.350975
10565.11288 	 90.755536  	 104.114963 	 0	 13.359427
10565.10402 	 -68.376898 	 -55.026477 	 0	 13.350421
10580.20122 	 73.873526  	 87.228321  	 0	 13.354795
10595.10828 	 44.479361  	 57.823459  	 0	 13.344098
10595.11101 	 -31.039626 	 -17.69283  	 0	 13.346796
10610.19166 	 66.655992  	 80.012561  	 0	 13.356569
10625.27766 	 32.287637  	 45.629657  	 0	 13.34202
10625.27774 	 72.786965  	 86.12841   	 0	 13.341445
10640.17488 	 -156.435854	 -143.094319	 0	 13.341535
10655.26755 	 -22.526484 	 -9.184562  	 0	 13.341922
10655.27826 	 -23.23735  	 -9.886671  	 0	 13.350679
10670.16782 	 83.527889  	 96.864265  	 0	 13.336376
10685.25216 	 -152.607976	 -139.280034	 0	 13.327942
10685.25342 	 -38.260731 	 -24.934965 	 0	 13.325766
10700.15087 	 67.453186  	 80.778912  	 0	 13.325726
10715.24259 	 -52.595237 	 -39.268166 	 0	 13.327071
10715.24749 	 70.386325  	 83.718317  	 0	 13.331992
10730.1466  	 -173.674131	 -160.356863	 0	 13.317268
10745.23221 	 -163.018481	 -149.691372	 0	 13.327109
10745.23245 	 -33.344528 	 -20.024444 	 0	 13.320084
10760.14531 	 18.629412  	 31.96182   	 0	 13.332408
10775.22138 	 -77.941455 	 -64.624588 	 0	 13.316867
10775.22052 	 128.317196 	 141.628142 	 0	 13.310946
10790.12574 	 -167.056833	 -153.741698	 0	 13.315135
10805.21223 	 26.970026  	 40.280322  	 0	 13.310296
10820.11449 	 51.469803  	 64.780897  	 0	 13.311094
10820.11542 	 -89.772172 	 -76.454839 	 0	 13.317333
10835.20739 	 136.490201 	 149.807595 	 0	 13.317394
10850.10045 	 -4.555215  	 8.753749   	 0	 13.308964
10850.10099 	 63.764944  	 77.072782  	 0	 13.307838
10865.18933 	 152.668663 	 165.969558 	 0	 13.300895
10880.27964 	 -26.116252 	 -12.804097 	 0	 13.312155
10880.27928 	 -22.124433 	 -8.810959  	 0	 13.313474
10895.19103 	 -159.397305	 -146.087705	 0	 13.3096
10910.27064 	 -164.251087	 -150.936366	 0	 13.314721
10910.27383 	 -167.964488	 -154.648902	 0	 13.315586
10925.1653  	 -13.550976 	 -0.24101   	 0	 13.309966
10940.26074 	 65.448269  	 78.756238  	 0	 13.307969
10941.65577 	 -71.252602 	 -57.952398 	 0	 13.300204
10955.16385 	 135.492421 	 148.793987 	 0	 13.301566
10970.24455 	 99.759044  	 113.060403 	 0	 13.301359
10985.15348 	 -160.1713  	 -146.860475	 0	 13.310825
10985.14757 	 130.477565 	 143.78999  	 0	 13.312425
11000.23016 	 -112.692251	 -99.386148 	 0	 13.306103
11015.13419 	 148.347201 	 161.651708 	 0	 13.304507
11015.13353 	 78.980248  	 92.29311   	 0	 13.312862
11030.22306 	 -122.392423	 -109.090566	 0	 13.301857
11045.12353 	 170.518625 	 -176.176942	 0	 -346.695567
11045.12426 	 -121.274674	 -107.964992	 0	 13.309682
11060.21581 	 57.410056  	 70.72001   	 0	 13.309954
11075.11001 	 47.855532  	 61.154968  	 0	 13.299436
11075.10712 	 -24.781612 	 -11.478711 	 0	 13.302901
11090.20711 	 -139.998672	 -126.673525	 0	 13.325147
11105.28248 	 -70.898765 	 -57.588024 	 0	 13.310741
11105.27625 	 -99.998239 	 -86.708872 	 0	 13.289367
11120.20282 	 37.119467  	 50.447349  	 0	 13.327882
11135.28446 	 8.584442   	 21.911688  	 0	 13.327246
11135.27786 	 -45.446174 	 -32.144813 	 0	 13.301361
11150.18495 	 162.085911 	 175.402569 	 0	 13.316658
11165.26268 	 -142.28248 	 -128.979513	 0	 13.302967
11165.2704  	 -98.028279 	 -84.7073   	 0	 13.320979
11180.16507 	 -165.298877	 -151.979709	 0	 13.319168
11195.2607  	 154.352228 	 167.673753 	 0	 13.321525
11195.25986 	 49.81154   	 63.125015  	 0	 13.313475
11210.1588  	 32.186707  	 45.507801  	 0	 13.321094
11225.23994 	 -80.001779 	 -66.677947 	 0	 13.323832
11240.15144 	 118.013511 	 131.337636 	 0	 13.324125
11240.14807 	 22.098559  	 35.4213    	 0	 13.322741
11255.2339  	 178.197014 	 -168.486496	 0	 -346.68351
11270.13591 	 63.163031  	 76.495714  	 0	 13.332683
11270.12432 	 51.844874  	 65.166588  	 0	 13.321714
11285.23065 	 110.252825 	 123.581439 	 0	 13.328614
11300.12299 	 6.721899   	 20.044697  	 0	 13.322798
11300.12803 	 24.950784  	 38.285962  	 0	 13.335178
11315.21215 	 47.634867  	 60.962546  	 0	 13.327679
11330.11007 	 20.537268  	 33.867229  	 0	 13.329961
11330.11369 	 -172.553676	 -159.226404	 0	 13.327272
11345.20369 	 144.336014 	 157.673509 	 0	 13.337495
11360.28368 	 -118.850667	 -105.521257	 0	 13.32941
11375.1918  	 -44.4812   	 -31.144328 	 0	 13.336872
11375.19218 	 7.317896   	 20.659778  	 0	 13.341882
11390.27942 	 -60.613478 	 -47.270157 	 0	 13.343321
11405.17807 	 -5.025312  	 8.31756    	 0	 13.342872
11405.17391 	 18.857844  	 32.197529  	 0	 13.339685
11420.27277 	 -54.593755 	 -41.24183  	 0	 13.351925
11435.15992 	 19.398948  	 32.748021  	 0	 13.349073
11435.1806  	 26.121649  	 39.473472  	 0	 13.351823
11450.25208 	 125.839579 	 139.186186 	 0	 13.346607
11465.16117 	 -102.517031	 -89.154877 	 0	 13.362154
11476.72182 	 -93.331731 	 -79.979265 	 0	 13.352466
11480.24945 	 -4.298852  	 9.066669   	 0	 13.365521
11495.14844 	 -125.315558	 -111.961409	 0	 13.354149
11510.23935 	 100.591813 	 113.957429 	 0	 13.365616
11510.23967 	 67.506197  	 80.873882  	 0	 13.367685
11525.13505 	 127.866016 	 141.22655  	 0	 13.360534
11540.21948 	 178.838146 	 -167.789518	 0	 -346.627664
11540.21832 	 -163.912554	 -150.550487	 0	 13.362067
11555.12555 	 149.139836 	 162.520899 	 0	 13.381063
11570.21896 	 -90.768164 	 -77.390833 	 0	 13.377331
11570.21749 	 167.348222 	 -179.273905	 0	 -346.622127
11585.11708 	 -158.141747	 -144.750916	 0	 13.390831
11600.21089 	 113.843124 	 127.231473 	 0	 13.388349
11600.19824 	 151.218543 	 164.603213 	 0	 13.38467
11615.28824 	 -137.90585 	 -124.520252	 0	 13.385598
11630.18966 	 -99.66372  	 -86.276883 	 0	 13.386837
11645.27874 	 -24.46984  	 -11.081279 	 0	 13.388561
11645.27271 	 58.883132  	 72.271011  	 0	 13.387879
11660.18341 	 -124.377703	 -110.977267	 0	 13.400436
11675.27201 	 -35.56335  	 -22.156631 	 0	 13.406719
11675.27744 	 -29.047572 	 -15.63745  	 0	 13.410122
11690.17279 	 150.876612 	 164.286331 	 0	 13.409719
11705.2557  	 -36.99371  	 -23.587714 	 0	 13.405996
11705.26173 	 75.796703  	 89.213057  	 0	 13.416354
11720.15954 	 -125.698128	 -112.283451	 0	 13.414677
11735.24524 	 -40.650693 	 -27.232008 	 0	 13.418685
11750.1521  	 -99.535624 	 -86.101096 	 0	 13.434528
11750.15228 	 -93.561473 	 -80.146318 	 0	 13.415155
11765.23363 	 -60.140383 	 -46.719581 	 0	 13.420802
11780.13773 	 159.067648 	 172.500623 	 0	 13.432975
11780.14074 	 97.494528  	 110.92744  	 0	 13.432912
11795.22672 	 154.635454 	 168.068779 	 0	 13.433325
11810.12522 	 110.543459 	 123.991182 	 0	 13.447723
11810.1322  	 -138.771838	 -125.315403	 0	 13.456435
11825.20806 	 -147.375934	 -133.935627	 0	 13.440307
11840.29693 	 48.260753  	 61.709374  	 0	 13.448621
11840.30557 	 53.858712  	 67.31629   	 0	 13.457578
11855.20619 	 -162.621031	 -149.160593	 0	 13.460438
11870.29192 	 8.29731    	 21.759511  	 0	 13.462201
11885.19515 	 -150.622253	 -137.152996	 0	 13.469257
11900.28791 	 -163.624812	 -150.136243	 0	 13.488569
11900.27819 	 -145.111893	 -131.635227	 0	 13.476666
11915.18259 	 -144.327621	 -130.844506	 0	 13.483115
11930.26488 	 41.278692  	 54.760218  	 0	 13.481526
11930.26819 	 -71.500707 	 -58.011285 	 0	 13.489422
11945.1695  	 -52.560189 	 -39.071429 	 0	 13.48876
11960.25539 	 -166.107657	 -152.622116	 0	 13.485541
11975.162   	 61.04496   	 74.541999  	 0	 13.497039
11975.15868 	 6.145183   	 19.639613  	 0	 13.49443
11990.23929 	 -46.110873 	 -32.612758 	 0	 13.498115
12005.15113 	 150.842305 	 164.352679 	 0	 13.510374
12005.15224 	 133.386413 	 146.895514 	 0	 13.509101
12020.22974 	 -36.87757  	 -23.366496 	 0	 13.511074
12035.14759 	 -35.942046 	 -22.415513 	 0	 13.526533
12050.22247 	 92.109597  	 105.631318 	 0	 13.521721
12050.23084 	 7.58552    	 21.132908  	 0	 13.547388
12065.12921 	 134.055243 	 147.585752 	 0	 13.530509
12080.21656 	 3.151023   	 16.686957  	 0	 13.535934
12080.21659 	 58.310313  	 71.846243  	 0	 13.53593
12095.312   	 92.632374  	 106.19103  	 0	 13.558656
12110.20498 	 -36.924341 	 -23.375469 	 0	 13.548872
12125.29595 	 7.928324   	 21.486609  	 0	 13.558285
12125.29347 	 -47.417297 	 -33.863411 	 0	 13.553886
12140.19286 	 -2.662958  	 10.882115  	 0	 13.545073
12155.27135 	 1.508442   	 15.06887   	 0	 13.560428
12155.2854  	 -145.239149	 -131.676353	 0	 13.562796
12170.18914 	 -84.524571 	 -70.947625 	 0	 13.576946
12185.27037 	 92.491635  	 106.071432 	 0	 13.579797
12200.16907 	 164.923493 	 178.496881 	 0	 13.573388
12200.16477 	 13.949878  	 27.52832   	 0	 13.578442
12215.26169 	 -57.102454 	 -43.515343 	 0	 13.587111
12230.17179 	 -87.439941 	 -73.829552 	 0	 13.610389
12230.17861 	 -83.533289 	 -69.927289 	 0	 13.606
12245.25159 	 57.073329  	 70.672048  	 0	 13.598719
12260.15315 	 -174.233728	 -160.630494	 0	 13.603234
12260.14909 	 58.405742  	 72.01339   	 0	 13.607648
12275.23781 	 41.341418  	 54.963961  	 0	 13.622543
12290.14208 	 83.387084  	 97.006744  	 0	 13.61966
12305.23411 	 -176.819043	 -163.1953  	 0	 13.623743
12305.22824 	 -132.283829	 -118.665701	 0	 13.618128
12320.13328 	 86.347224  	 99.98349   	 0	 13.636266
12335.20781 	 -0.688759  	 12.937173  	 0	 13.625932
12335.21387 	 -68.256224 	 -54.612765 	 0	 13.643459
12350.30443 	 -83.188409 	 -69.537061 	 0	 13.651348
12365.21038 	 -126.9166  	 -113.258499	 0	 13.658101
12380.29402 	 -84.058136 	 -70.405667 	 0	 13.652469
12380.29716 	 -146.84553 	 -133.192687	 0	 13.652843
12395.20242 	 161.752962 	 175.425158 	 0	 13.672196
12410.28078 	 64.216134  	 77.885639  	 0	 13.669505
12410.27334 	 87.549747  	 101.212824 	 0	 13.663077
12425.18564 	 -50.472106 	 -36.785437 	 0	 13.686669
12440.26874 	 -170.035094	 -156.351989	 0	 13.683105
12440.26956 	 -28.930802 	 -15.240898 	 0	 13.689904
12455.17335 	 -20.20187  	 -6.5067    	 0	 13.69517
12470.26339 	 92.45971   	 106.156454 	 0	 13.696744
12485.15721 	 -115.888102	 -102.18159 	 0	 13.706512
12485.16934 	 -166.932371	 -153.209642	 0	 13.722729
12500.277   	 98.640528  	 112.382704 	 0	 13.742176
12515.14582 	 -39.600674 	 -25.896714 	 0	 13.70396
12515.15175 	 163.063438 	 176.775135 	 0	 13.711697
12530.2423  	 44.797797  	 58.533223  	 0	 13.735426
12545.13912 	 -97.945191 	 -84.212859 	 0	 13.732332
12560.22824 	 -49.155427 	 -35.415688 	 0	 13.739739
12560.22723 	 19.298498  	 33.031653  	 0	 13.733155
12575.31665 	 54.979479  	 68.725453  	 0	 13.745974
12590.22382 	 -37.364635 	 -23.596151 	 0	 13.768484
12590.22315 	 134.239199 	 148.003664 	 0	 13.764465
12605.30081 	 -26.518107 	 -12.766073 	 0	 13.752034
12620.2108  	 -37.372777 	 -23.603789 	 0	 13.768988
12635.294   	 122.099912 	 135.872101 	 0	 13.772189
12635.28554 	 -170.567308	 -156.800464	 0	 13.766844
12650.19854 	 -66.298587 	 -52.507451 	 0	 13.791136
12665.288   	 -26.85476  	 -13.057287 	 0	 13.797473
12666.78162 	 -153.270979	 -139.494779	 0	 13.7762
12680.183   	 47.634368  	 61.434015  	 0	 13.799647
12695.26918 	 163.217031 	 177.021422 	 0	 13.804391
12710.18017 	 -107.764998	 -93.94729  	 0	 13.817708
12710.17282 	 23.318931  	 37.134018  	 0	 13.815087
12725.25582 	 52.048027  	 65.865887  	 0	 13.81786
12740.16334 	 -77.564063 	 -63.730544 	 0	 13.833519
12755.25186 	 -25.891256 	 -12.061286 	 0	 13.82997
12755.24934 	 96.93613   	 110.771511 	 0	 13.835381
12770.15495 	 73.20504   	 87.051486  	 0	 13.846446
12785.24184 	 -22.522044 	 -8.672763  	 0	 13.849281
12800.13229 	 97.205558  	 111.054403 	 0	 13.848845
12800.14615 	 -39.193581 	 -25.327575 	 0	 13.866006
12815.23307 	 93.1834    	 107.051781 	 0	 13.868381
12830.32254 	 -131.06802 	 -117.188634	 0	 13.879386
12830.31678 	 134.902462 	 148.769575 	 0	 13.867113
12845.21357 	 134.626226 	 148.507668 	 0	 13.881442
12860.31272 	 56.740642  	 70.640655  	 0	 13.900013
12860.30146 	 -72.01756  	 -58.139774 	 0	 13.877786
12875.20922 	 162.001577 	 175.899768 	 0	 13.898191
12890.29261 	 17.516403  	 31.424295  	 0	 13.907892
12905.20045 	 -111.785099	 -97.872461 	 0	 13.912638
12905.19021 	 42.541101  	 56.455379  	 0	 13.914278
12920.28471 	 3.178237   	 17.09961   	 0	 13.921373
12935.18544 	 15.081222  	 29.016259  	 0	 13.935037
12950.2771  	 21.349425  	 35.288628  	 0	 13.939203
12950.27237 	 18.117602  	 32.054996  	 0	 13.937394
12965.16603 	 155.82884  	 169.763889 	 0	 13.935049
12980.25862 	 -111.676852	 -97.726982 	 0	 13.94987
12995.17253 	 -10.558315 	 3.410163   	 0	 13.968478
12995.16517 	 166.116337 	 -179.93273 	 0	 -346.049067
13010.24909 	 -133.336331	 -119.371249	 0	 13.965082
13025.15459 	 -49.106279 	 -35.124632 	 0	 13.981647
13025.15422 	 58.439034  	 72.420651  	 0	 13.981617
13040.23704 	 145.839612 	 159.836355 	 0	 13.996743
13055.1402  	 -149.900479	 -135.91191 	 0	 13.988569
13070.23038 	 114.478573 	 128.481743 	 0	 14.00317
13070.23316 	 -70.59144  	 -56.591149 	 0	 14.000291
13085.31373 	 -134.012012	 -120.004202	 0	 14.00781
13100.21955 	 -78.031097 	 -64.010707 	 0	 14.02039
13102.91105 	 -41.120661 	 -27.111726 	 0	 14.008935
13115.30695 	 125.96694  	 139.986457 	 0	 14.019517
13130.21    	 49.458291  	 63.495719  	 0	 14.037428
13145.29299 	 -157.840342	 -143.794426	 0	 14.045916
13145.29007 	 -164.558146	 -150.517508	 0	 14.040638
13160.20415 	 158.067067 	 172.124173 	 0	 14.057106
13175.27872 	 77.127056  	 91.176801  	 0	 14.049745
13190.1854  	 114.631724 	 128.695571 	 0	 14.063847
13190.17567 	 86.896087  	 100.949291 	 0	 14.053204
13205.27005 	 171.044321 	 -174.882696	 0	 -345.927017
13220.17399 	 16.553203  	 30.627656  	 0	 14.074453
13220.17432 	 -12.68525  	 1.402611   	 0	 14.087861
13235.25881 	 128.306805 	 142.400842 	 0	 14.094037
13250.17028 	 -96.18055  	 -82.072461 	 0	 14.108089
13265.24742 	 38.740615  	 52.845471  	 0	 14.104856
13265.2561  	 43.479594  	 57.594808  	 0	 14.115214
13280.15047 	 25.214466  	 39.319733  	 0	 14.105267
13295.2413  	 -113.310395	 -99.184585 	 0	 14.12581
13310.33107 	 -136.449424	 -122.3081  	 0	 14.141324
13310.32471 	 -21.44569  	 -7.311291  	 0	 14.134399
13325.23323 	 -108.378196	 -94.228903 	 0	 14.149293
13340.32036 	 117.258959 	 131.420083 	 0	 14.161124
13355.22275 	 136.09239  	 150.252922 	 0	 14.160532
13355.21791 	 -134.035648	 -119.879566	 0	 14.156082
13370.30933 	 -101.514194	 -87.33985  	 0	 14.174344
13385.20443 	 177.458121 	 -168.370444	 0	 -345.828565
13385.20379 	 -11.631613 	 2.539609   	 0	 14.171222
13400.30682 	 39.24541   	 53.441673  	 0	 14.196263
13415.20028 	 -159.463157	 -145.264794	 0	 14.198363
13430.2862  	 -99.923909 	 -85.712628 	 0	 14.211281
13430.28634 	 42.974266  	 57.187001  	 0	 14.212735
13445.19427 	 -177.339694	 -163.118069	 0	 14.221625
13460.27583 	 53.834929  	 68.058958  	 0	 14.224029
13475.17046 	 -157.082082	 -142.861183	 0	 14.220899
13475.17406 	 135.057263 	 149.282778 	 0	 14.225515
13490.26152 	 -85.932997 	 -71.696434 	 0	 14.236563
13505.16002 	 105.699205 	 119.938868 	 0	 14.239663
13520.24848 	 19.11991   	 33.376731  	 0	 14.256821
13520.2625  	 101.120169 	 115.386322 	 0	 14.266153
13535.15241 	 37.316258  	 51.583797  	 0	 14.267539
13550.24401 	 154.753717 	 169.022474 	 0	 14.268757
13565.32311 	 4.96571    	 19.246897  	 0	 14.281187
13565.32522 	 -118.208882	 -103.93739 	 0	 14.271492
13580.23247 	 172.787447 	 -172.914914	 0	 -345.702361
13595.31935 	 82.975122  	 97.275886  	 0	 14.300764
13610.21828 	 -33.22217  	 -18.913221 	 0	 14.308949
13610.22131 	 -12.216892 	 2.086289   	 0	 14.303181
13625.3086  	 -162.596279	 -148.280841	 0	 14.315438
13640.20643 	 141.374572 	 155.700703 	 0	 14.326131
13655.29486 	 137.715057 	 152.057393 	 0	 14.342336
13655.29601 	 -152.000584	 -137.661297	 0	 14.339287
13670.19902 	 156.56577  	 170.912777 	 0	 14.347007
13685.2806  	 55.951538  	 70.301168  	 0	 14.34963
13700.18596 	 165.610442 	 179.973973 	 0	 14.363531
13700.19103 	 -130.201085	 -115.8393  	 0	 14.361785
            	            	            	  	 
            	            	            	  	 
            	            	            	  	 
            	            	            	  	 
            	            	            	  	 
            	            	            	  	 
            	            	            	  	 
            	            	            	  	 
            	            	            	  	 
            	            	            	  	 
            	            	            	  	 
            	            	            	  	 
            	            	            	  	 
            	            	            	  	 
            	            	            	  	 
            	            	            	  	 
            	            	            	  	 
            	            	            	  	 
            	            	            	  	 
            	            	            	  	 
            	            	            	  	 
            	            	            	  	 
            	            	            	  	 
            	            	            	  	 
            	            	            	  	 
            	            	            	  	 
            	            	            	  	 
            	            	            	  	 
            	            	            	  	 
            	            	            	  	 
            	            	            	  	 
            	            	            	  	 
            	            	            	  	 
            	            	            	  	 
            	            	            	  	 
            	            	            	  	 
            	            	            	  	 
            	            	            	  	 
            	            	            	  	 
            	            	            	  	 
            	            	            	  	 
            	            	            	  	 
            	            	            	  	 
            	            	            	  	 
            	            	            	  	 
            	            	            	  	 
            	            	            	  	 
            	            	            	  	 
            	            	            	  	 
            	            	            	  	 
            	            	            	  	 
            	            	            	  	 
            	            	            	  	 
            	            	            	  	 
            	            	            	  	 
            	            	            	  	 
            	            	            	  	 
            	            	            	  	 
            	            	            	  	 
            	            	            	  	 
            	            	            	  	 
            	            	            	  	 
            	            	            	  	 
            	            	            	  	 
            	            	            	  	 
            	            	            	  	 
            	            	            	  	 
            	            	            	  	 
            	            	            	  	 
            	            	            	  	 
            	            	            	  	 
            	            	            	  	 
            	            	            	  	 
            	            	            	  	 
            	            	            	  	 
            	            	            	  	 
            	            	            	  	 
            	            	            	  	 
            	            	            	  	 
            	            	            	  	 
            	            	            	  	 
            	            	            	  	 
            	            	            	  	 
            	            	            	  	 
            	            	            	  	 
            	            	            	  	 
            	            	            	  	 
            	            	            	  	 
            	            	            	  	 
            	            	            	  	 
            	            	            	  	 
            	            	            	  	 
            	            	            	  	 
            	            	            	  	 
            	            	            	  	 
            	            	            	  	 
            	            	            	  	 
            	            	            	  	 
            	            	            	  	 
            	            	            	  	 
            	            	            	  	 
            	            	            	  	 