0       	 -1.748786	 -2.060833	 
0.000005	 -2.207678	 -2.283355	 
0.00001 	 -2.262745	 -2.094646	 
0.000015	 -1.904649	 -1.524976	 
0.00002 	 -1.201015	 -0.679327	 
0.000025	 -0.279366	 0.288373 	 
0.00003 	 0.691878 	 1.203263 	 
0.000035	 1.533024 	 1.897564 	 
0.00004 	 2.097547 	 2.24536  	 
0.000045	 2.276919 	 2.181919 	 
0.00005 	 2.037648 	 1.717548 	 
0.000055	 1.427397 	 0.939842 	 
0.00006 	 0.556625 	 -0.009827	 
0.000065	 -0.417195	 -0.956594	 
0.00007 	 -1.316301	 -1.736549	 
0.000075	 -1.979681	 -2.196407	 
0.00008 	 -2.283355	 -2.259847	 
0.000085	 -2.165492	 -1.908191	 
0.00009 	 -1.65733 	 -1.210997	 
0.000095	 -0.84807 	 -0.293857	 
0.0001  	 0.115121 	 0.672556 	 
0.000105	 1.054163 	 1.520786 	 
0.00011 	 1.801599 	 2.085631 	 
0.000115	 2.219275 	 2.268868 	 
0.00012 	 2.230868 	 2.038293 	 
0.000125	 1.834446 	 1.435448 	 
0.00013 	 1.100535 	 0.569828 	 
0.000135	 0.167612 	 -0.402381	 
0.00014 	 -0.796868	 -1.301166	 
0.000145	 -1.620619	 -1.968088	 
0.00015 	 -2.148425	 -2.272084	 
0.000155	 -2.285287	 -2.164526	 
0.00016 	 -2.005766	 -1.663449	 
0.000165	 -1.361707	 -0.859985	 
0.00017 	 -0.469041	 0.094833 	 
0.000175	 0.503812 	 1.037095 	 
0.00018 	 1.382957 	 1.785819 	 
0.000185	 2.01253  	 2.208648 	 
0.00019 	 2.271122 	 2.227326 	 
0.000195	 2.116225 	 1.834768 	 
0.0002  	 1.571023 	 1.111162 	 
0.000205	 0.73986  	 0.182747 	 
0.00021 	 -0.224943	 -0.781088	 
0.000215	 -1.152388	 -1.602585	 
0.00022 	 -1.872124	 -2.136188	 
0.000225	 -2.252762	 -2.281745	 
0.00023 	 -2.224102	 -2.00802 	 
0.000235	 -1.788074	 -1.369758	 
0.00024 	 -1.026475	 -0.485143	 
0.000245	 -0.078741	 0.487066 	 
0.00025 	 0.877368 	 1.368465 	 
0.000255	 1.677938 	 1.999327 	 
0.00026 	 2.166462 	 2.266936 	 
0.000265	 2.262428 	 2.11397  	 
0.00027 	 1.942327 	 1.579396 	 
0.000275	 1.265093 	 0.753064 	 
0.00028 	 0.357288 	 -0.208197	 
0.000285	 -0.613955	 -1.138541	 
0.00029 	 -1.474095	 -1.860209	 
0.000295	 -2.073392	 -2.244712	 
0.0003  	 -2.292694	 -2.217983	 
0.000305	 -2.092392	 -1.790006	 
0.00031 	 -1.510807	 -1.035491	 
0.000315	 -0.657751	 -0.094521	 
0.00032 	 0.31317  	 0.861266 	 
0.000325	 1.229348 	 1.660548 	 
0.00033 	 1.91592  	 2.153258 	 
0.000335	 2.253733 	 2.255021 	 
0.00034 	 2.180309 	 1.941683 	 
0.000345	 1.704989 	 1.276686 	 
0.00035 	 0.921486 	 0.374033 	 
0.000355	 -0.034301	 -0.596887	 
0.00036 	 -0.981713	 -1.460248	 
0.000365	 -1.757481	 -2.059223	 
0.00037 	 -2.209932	 -2.281101	 
0.000375	 -2.261779	 -2.091748	 
0.00038 	 -1.900784	 -1.520146	 
0.000385	 -1.19393 	 -0.672886	 
0.00039 	 -0.271315	 0.297712 	 
0.000395	 0.697674 	 1.210992 	 
0.0004  	 1.538176 	 1.902073 	 
0.000405	 2.099157 	 2.248258 	 
0.00041 	 2.274021 	 2.178377 	 
0.000415	 2.032496 	 1.711752 	 
0.00042 	 1.422889 	 0.931147 	 
0.000425	 0.54793  	 -0.017877	 
0.00043 	 -0.425567	 -0.965933	 
0.000435	 -1.323386	 -1.742346	 
0.00044 	 -1.981614	 -2.201238	 
0.000445	 -2.281101	 -2.255016	 
0.00045 	 -2.164204	 -1.905937	 
0.000455	 -1.650568	 -1.203913	 
0.00046 	 -0.84002 	 -0.287095	 
0.000465	 0.123494 	 0.681573 	 
0.00047 	 1.060603 	 1.521753 	 
0.000475	 1.804497 	 2.085953 	 
0.00048 	 2.218309 	 2.269834 	 
0.000485	 2.22636  	 2.03475  	 
0.00049 	 1.827039 	 1.427719 	 
0.000495	 1.092484 	 0.560167 	 
0.0005  	 0.159561 	 -0.408822	 
0.000505	 -0.806206	 -1.307284	 
0.00051 	 -1.624161	 -1.970021	 
0.000515	 -2.151001	 -2.273372	 
0.00052 	 -2.285287	 -2.162594	 
0.000525	 -2.000613	 -1.658296	 
0.00053 	 -1.353979	 -0.852901	 
0.000535	 -0.463245	 0.10385  	 
0.00054 	 0.512829 	 1.04418  	 
0.000545	 1.392618 	 1.791938 	 
0.00055 	 2.016072 	 2.211224 	 
0.000555	 2.272411 	 2.224106 	 
0.00056 	 2.112038 	 1.832514 	 
0.000565	 1.565549 	 1.103755 	 
0.00057 	 0.734708 	 0.172764 	 
0.000575	 -0.233638	 -0.787851	 
0.00058 	 -1.161405	 -1.608382	 
0.000585	 -1.878886	 -2.139086	 
0.00059 	 -2.255339	 -2.282067	 
0.000595	 -2.223136	 -2.0048  	 
0.0006  	 -1.779701	 -1.366216	 
0.000605	 -1.018102	 -0.476448	 
0.00061 	 -0.068114	 0.493185 	 
0.000615	 0.886384 	 1.37555  	 
0.00062 	 1.680836 	 2.004479 	 
0.000625	 2.168716 	 2.265004 	 
0.00063 	 2.258563 	 2.111716 	 
0.000635	 1.938462 	 1.574244 	 
0.00064 	 1.258331 	 0.747267 	 
0.000645	 0.349237 	 -0.219468	 
0.00065 	 -0.620717	 -1.144659	 
0.000655	 -1.484078	 -1.867293	 
0.00066 	 -2.075324	 -2.246322	 
0.000665	 -2.292694	 -2.217983	 
0.00067 	 -2.089493	 -1.786142	 
0.000675	 -1.505332	 -1.028407	 
0.00068 	 -0.650666	 -0.084216	 
0.000685	 0.32122  	 0.869961 	 
0.00069 	 1.235788 	 1.666345 	 
0.000695	 1.920751 	 2.157123 	 
0.0007  	 2.254699 	 2.254055 	 
0.000705	 2.176767 	 1.93814  	 
0.00071 	 1.69887  	 1.267992 	 
0.000715	 0.913113 	 0.364372 	 
0.00072 	 -0.040098	 -0.603972	 
0.000725	 -0.991373	 -1.467977	 
0.00073 	 -1.763278	 -2.065341	 
0.000735	 -2.212187	 -2.284965	 
0.00074 	 -2.261779	 -2.091104	 
0.000745	 -1.896276	 -1.513061	 
0.00075 	 -1.189744	 -0.662903	 
0.000755	 -0.26101 	 0.305119 	 
0.00076 	 0.705081 	 1.220653 	 
0.000765	 1.545261 	 1.906581 	 
0.00077 	 2.101411 	 2.247614 	 
0.000775	 2.274343 	 2.177089 	 
0.00078 	 2.02831  	 1.706921 	 
0.000785	 1.414194 	 0.924062 	 
0.00079 	 0.541167 	 -0.026572	 
0.000795	 -0.43072 	 -0.972696	 
0.0008  	 -1.331114	 -1.747498	 
0.000805	 -1.986444	 -2.20317 	 
0.00081 	 -2.284965	 -2.255339	 
0.000815	 -2.162272	 -1.901428	 
0.00082 	 -1.648313	 -1.197794	 
0.000825	 -0.833901	 -0.276146	 
0.00083 	 0.129934 	 0.688979 	 
0.000835	 1.067366 	 1.529481 	 
0.00084 	 1.810293 	 2.091106 	 
0.000845	 2.219275 	 2.267258 	 
0.00085 	 2.226038 	 2.03314  	 
0.000855	 1.823497 	 1.422567 	 
0.00086 	 1.084112 	 0.554693 	 
0.000865	 0.149256 	 -0.414618	 
0.00087 	 -0.812003	 -1.312437	 
0.000875	 -1.630602	 -1.974851	 
0.00088 	 -2.152289	 -2.275948	 
0.000885	 -2.285609	 -2.16034 	 
0.00089 	 -2.000291	 -1.653788	 
0.000895	 -1.347538	 -0.845172	 
0.0009  	 -0.453906	 0.113189 	 
0.000905	 0.518303 	 1.050942 	 
0.00091 	 1.39938  	 1.796446 	 
0.000915	 2.019937 	 2.211546 	 
0.00092 	 2.272089 	 2.221851 	 
0.000925	 2.108174 	 1.825751 	 
0.00093 	 1.560396 	 1.096993 	 
0.000935	 0.723115 	 0.166324 	 
0.00094 	 -0.240722	 -0.795257	 
0.000945	 -1.167846	 -1.616754	 
0.00095 	 -1.884039	 -2.14295 	 
0.000955	 -2.258237	 -2.279491	 
0.00096 	 -2.218949	 -1.999969	 
0.000965	 -1.773905	 -1.357199	 
0.00097 	 -1.008119	 -0.467109	 
0.000975	 -0.061029	 0.501558 	 
0.00098 	 0.895079 	 1.383279 	 
0.000985	 1.685023 	 2.007377 	 
0.00099 	 2.171614 	 2.263716 	 
0.000995	 2.255665 	 2.107852 	 
0.001   	 1.9317   	 1.568447 	 
0.001005	 1.25189  	 0.738894 	 
0.00101 	 0.342474 	 -0.227519	 
0.001015	 -0.630056	 -1.15271 	 
0.00102 	 -1.489231	 -1.870191	 
0.001025	 -2.0779  	 -2.248898	 
0.00103 	 -2.291406	 -2.215407	 
0.001035	 -2.086917	 -1.782277	 
0.00104 	 -1.497604	 -1.021322	 
0.001045	 -0.641649	 -0.076809	 
0.00105 	 0.327339 	 0.878012 	 
0.001055	 1.240619 	 1.669887 	 
0.00106 	 1.923005 	 2.160665 	 
0.001065	 2.257275 	 2.254055 	 
0.00107 	 2.17419  	 1.93492  	 
0.001075	 1.695006 	 1.261551 	 
0.00108 	 0.905384 	 0.35761  	 
0.001085	 -0.049114	 -0.612667	 
0.00109 	 -0.996204	 -1.473451	 
0.001095	 -1.765532	 -2.067595	 
0.0011  	 -2.216051	 -2.285609	 
0.001105	 -2.261779	 -2.085307	 
0.00111 	 -1.892089	 -1.505654	 
0.001115	 -1.179117	 -0.656463	 
0.00112 	 -0.254247	 0.31317  	 
0.001125	 0.71442  	 1.225161 	 
0.00113 	 1.551057 	 1.911734 	 
0.001135	 2.105597 	 2.248902 	 
0.00114 	 2.274021 	 2.17258  	 
0.001145	 2.023801 	 1.701446 	 
0.00115 	 1.409041 	 0.918587 	 
0.001155	 0.533117 	 -0.037199	 
0.00116 	 -0.441025	 -0.98139 	 
0.001165	 -1.336589	 -1.751363	 
0.00117 	 -1.993207	 -2.204136	 
0.001175	 -2.283033	 -2.253728	 
0.00118 	 -2.15712 	 -1.896598	 
0.001185	 -1.641229	 -1.190066	 
0.00119 	 -0.826494	 -0.268417	 
0.001195	 0.137341 	 0.696708 	 
0.0012  	 1.074129 	 1.536244 	 
0.001205	 1.815124 	 2.09336  	 
0.00121 	 2.222817 	 2.26758  	 
0.001215	 2.223784 	 2.027343 	 
0.00122 	 1.816734 	 1.415804 	 
0.001225	 1.078637 	 0.545032 	 
0.00123 	 0.141205 	 -0.425245	 
0.001235	 -0.820054	 -1.321132	 
0.00124 	 -1.638974	 -1.978071	 
0.001245	 -2.159052	 -2.274338	 
0.00125 	 -2.285287	 -2.15873 	 
0.001255	 -1.995139	 -1.648957	 
0.00126 	 -1.341419	 -0.837443	 
0.001265	 -0.444889	 0.120596 	 
0.00127 	 0.527642 	 1.058027 	 
0.001275	 1.403567 	 1.80031  	 
0.00128 	 2.023801 	 2.213479 	 
0.001285	 2.274665 	 2.221851 	 
0.00129 	 2.107208 	 1.820921 	 
0.001295	 1.554922 	 1.08862  	 
0.0013  	 0.71603  	 0.156019 	 
0.001305	 -0.249417	 -0.804596	 
0.00131 	 -1.174286	 -1.621585	 
0.001315	 -1.884361	 -2.148425	 
0.00132 	 -2.256949	 -2.279169	 
0.001325	 -2.215085	 -1.993207	 
0.00133 	 -1.768108	 -1.35108 	 
0.001335	 -1.003611	 -0.459703	 
0.00134 	 -0.054267	 0.512507 	 
0.001345	 0.90152  	 1.390042 	 
0.00135 	 1.690175 	 2.012208 	 
0.001355	 2.17258  	 2.26597  	 
0.00136 	 2.257597 	 2.10753  	 
0.001365	 1.926225 	 1.562973 	 
0.00137 	 1.245449 	 0.73181  	 
0.001375	 0.335068 	 -0.233316	 
0.00138 	 -0.635853	 -1.158507	 
0.001385	 -1.496315	 -1.874056	 
0.00139 	 -2.082409	 -2.254372	 
0.001395	 -2.292372	 -2.212831	 
0.0014  	 -2.084985	 -1.775837	 
0.001405	 -1.493417	 -1.014882	 
0.00141 	 -0.634887	 -0.068436	 
0.001415	 0.337966 	 0.88413  	 
0.00142 	 1.247704 	 1.676006 	 
0.001425	 1.929445 	 2.160021 	 
0.00143 	 2.257597 	 2.250834 	 
0.001435	 2.171292 	 1.929768 	 
0.00144 	 1.688565 	 1.25511  	 
0.001445	 0.898944 	 0.348915 	 
0.00145 	 -0.057165	 -0.619751	 
0.001455	 -1.007153	 -1.47957 	 
0.00146 	 -1.76843 	 -2.067917	 
0.001465	 -2.214441	 -2.286253	 
0.00147 	 -2.256949	 -2.083053	 
0.001475	 -1.886293	 -1.501146	 
0.00148 	 -1.172998	 -0.647446	 
0.001485	 -0.247163	 0.320254 	 
0.00149 	 0.720538 	 1.231924 	 
0.001495	 1.555244 	 1.914954 	 
0.0015  	 2.108496 	 2.25019  	 
0.001505	 2.270478 	 2.170648 	 
0.00151 	 2.023157 	 1.695972 	 
0.001515	 1.400991 	 0.907316 	 
0.00152 	 0.524422 	 -0.04364 	 
0.001525	 -0.449076	 -0.988797	 
0.00153 	 -1.342385	 -1.756193	 
0.001535	 -1.997393	 -2.206068	 
0.00154 	 -2.285931	 -2.255016	 
0.001545	 -2.156153	 -1.890479	 
0.00155 	 -1.6335  	 -1.182337	 
0.001555	 -0.818444	 -0.261976	 
0.00156 	 0.144426 	 0.704759 	 
0.001565	 1.083467 	 1.54043  	 
0.00157 	 1.820921 	 2.097547 	 
0.001575	 2.225072 	 2.269512 	 
0.00158 	 2.221851 	 2.026055 	 
0.001585	 1.811904 	 1.41033  	 
0.00159 	 1.071874 	 0.539879 	 
0.001595	 0.132511 	 -0.432652	 
0.0016  	 -0.828749	 -1.326284	 
0.001605	 -1.643161	 -1.981614	 
0.00161 	 -2.15873 	 -2.277881	 
0.001615	 -2.282711	 -2.156153	 
0.00162 	 -1.989342	 -1.640907	 
0.001625	 -1.337233	 -0.827138	 
0.00163 	 -0.437804	 0.128324 	 
0.001635	 0.535049 	 1.065434 	 
0.00164 	 1.409363 	 1.805463 	 
0.001645	 2.028954 	 2.215733 	 
0.00165 	 2.274343 	 2.219597 	 
0.001655	 2.103343 	 1.817378 	 
0.00166 	 1.547193 	 1.083467 	 
0.001665	 0.711844 	 0.148934 	 
0.00167 	 -0.259722	 -0.809749	 
0.001675	 -1.181693	 -1.626093	 
0.00168 	 -1.894344	 -2.148747	 
0.001685	 -2.261135	 -2.277236	 
0.00169 	 -2.213153	 -1.991274	 
0.001695	 -1.765854	 -1.346572	 
0.0017  	 -0.994272	 -0.452618	 
0.001705	 -0.04525 	 0.518303 	 
0.00171 	 0.907638 	 1.395516 	 
0.001715	 1.696938 	 2.014462 	 
0.00172 	 2.175801 	 2.266936 	 
0.001725	 2.254055 	 2.102699 	 
0.00173 	 1.923649 	 1.553956 	 
0.001735	 1.237076 	 0.723115 	 
0.00174 	 0.326051 	 -0.24201 	 
0.001745	 -0.645192	 -1.164625	 
0.00175 	 -1.500502	 -1.878564	 
0.001755	 -2.086595	 -2.249864	 
0.00176 	 -2.293016	 -2.209288	 
0.001765	 -2.079188	 -1.767464	 
0.00177 	 -1.487299	 -1.007153	 
0.001775	 -0.627158	 -0.060063	 
0.00178 	 0.344407 	 0.891215 	 
0.001785	 1.254788 	 1.683413 	 
0.00179 	 1.933954 	 2.164852 	 
0.001795	 2.257597 	 2.252123 	 
0.0018  	 2.168716 	 1.925903 	 
0.001805	 1.682447 	 1.24867  	 
0.00181 	 0.890249 	 0.340864 	 
0.001815	 -0.065216	 -0.627158	 
0.00182 	 -1.011661	 -1.485044	 
0.001825	 -1.777125	 -2.072426	 
0.00183 	 -2.218949	 -2.289796	 
0.001835	 -2.257593	 -2.077256	 
0.00184 	 -1.882107	 -1.494061	 
0.001845	 -1.167524	 -0.641327	 
0.00185 	 -0.238468	 0.329271 	 
0.001855	 0.727623 	 1.239009 	 
0.00186 	 1.562007 	 1.919462 	 
0.001865	 2.10914  	 2.247936 	 
0.00187 	 2.273377 	 2.167428 	 
0.001875	 2.014784 	 1.687921 	 
0.00188 	 1.395194 	 0.902808 	 
0.001885	 0.516049 	 -0.052657	 
0.00189 	 -0.457126	 -0.994594	 
0.001895	 -1.350114	 -1.760057	 
0.0019  	 -1.997393	 -2.207678	 
0.001905	 -2.286253	 -2.25244 	 
0.00191 	 -2.151967	 -1.886937	 
0.001915	 -1.628992	 -1.175574	 
0.00192 	 -0.809427	 -0.254892	 
0.001925	 0.154731 	 0.711522 	 
0.00193 	 1.089264 	 1.547515 	 
0.001935	 1.822531 	 2.098513 	 
0.00194 	 2.22475  	 2.269512 	 
0.001945	 2.219275 	 2.018649 	 
0.00195 	 1.807395 	 1.403567 	 
0.001955	 1.065756 	 0.529252 	 
0.00196 	 0.126714 	 -0.439415	 
0.001965	 -0.834545	 -1.333369	 
0.00197 	 -1.648313	 -1.986444	 
0.001975	 -2.161628	 -2.277559	 
0.00198 	 -2.281745	 -2.153899	 
0.001985	 -1.987732	 -1.637686	 
0.00199 	 -1.32886 	 -0.82424 	 
0.001995	 -0.42911 	 0.136697 	 
0.002   	 0.541811 	 1.074129 	 
0.002005	 1.41677  	 1.809971 	 
0.00201 	 2.03153  	 2.215089 	 
0.002015	 2.273699 	 2.216699 	 
0.00202 	 2.098191 	 1.811904 	 
0.002025	 1.541074 	 1.075095 	 
0.00203 	 0.702505 	 0.142172 	 
0.002035	 -0.265519	 -0.81941 	 
0.00204 	 -1.188777	 -1.631568	 
0.002045	 -1.898208	 -2.150035	 
0.00205 	 -2.260491	 -2.27627 	 
0.002055	 -2.211543	 -1.986444	 
0.00206 	 -1.758125	 -1.338199	 
0.002065	 -0.989119	 -0.444245	 
0.00207 	 -0.037843	 0.527642 	 
0.002075	 0.916977 	 1.401957 	 
0.00208 	 1.700802 	 2.018971 	 
0.002085	 2.179343 	 2.268224 	 
0.00209 	 2.255021 	 2.100445 	 
0.002095	 1.918818 	 1.549125 	 
0.0021  	 1.23289  	 0.71603  	 
0.002105	 0.318    	 -0.250061	 
0.00211 	 -0.651954	 -1.17171 	 
0.002115	 -1.5034  	 -1.883395	 
0.00212 	 -2.089171	 -2.25083 	 
0.002125	 -2.290118	 -2.21122 	 
0.00213 	 -2.077578	 -1.764888	 
0.002135	 -1.480858	 -1.001356	 
0.00214 	 -0.619751	 -0.052335	 
0.002145	 0.352135 	 0.8983   	 
0.00215 	 1.260585 	 1.686955 	 
0.002155	 1.936208 	 2.167428 	 
0.00216 	 2.258885 	 2.25019  	 
0.002165	 2.166462 	 1.921717 	 
0.00217 	 1.67987  	 1.239975 	 
0.002175	 0.882842 	 0.329915 	 
0.00218 	 -0.071979	 -0.636819	 
0.002185	 -1.01939 	 -1.489875	 
0.00219 	 -1.780989	 -2.079833	 
0.002195	 -2.221847	 -2.287219	 
0.0022  	 -2.255661	 -2.07629 	 
0.002205	 -1.876954	 -1.487299	 
0.00221 	 -1.159795	 -0.631988	 
0.002215	 -0.231705	 0.337    	 
0.00222 	 0.73664  	 1.243517 	 
0.002225	 1.567159 	 1.925581 	 
0.00223 	 2.112682 	 2.250834 	 
0.002235	 2.274343 	 2.164529 	 
0.00224 	 2.015428 	 1.684057 	 
0.002245	 1.387787 	 0.893791 	 
0.00225 	 0.507998 	 -0.057487	 
0.002255	 -0.465177	 -1.002322	 
0.00226 	 -1.358487	 -1.768108	 
0.002265	 -2.004156	 -2.211543	 
0.00227 	 -2.285609	 -2.251474	 
0.002275	 -2.151001	 -1.881463	 
0.00228 	 -1.625771	 -1.167846	 
0.002285	 -0.803952	 -0.246841	 
0.00229 	 0.161815 	 0.721827 	 
0.002295	 1.096671 	 1.553312 	 
0.0023  	 1.828327 	 2.102377 	 
0.002305	 2.228292 	 2.26597  	 
0.00231 	 2.219275 	 2.018327 	 
0.002315	 1.801599 	 1.395838 	 
0.00232 	 1.057061 	 0.524422 	 
0.002325	 0.117375 	 -0.449076	 
0.00233 	 -0.843884	 -1.340775	 
0.002335	 -1.653788	 -1.993529	 
0.00234 	 -2.165814	 -2.278203	 
0.002345	 -2.282711	 -2.148425	 
0.00235 	 -1.983546	 -1.630602	 
0.002355	 -1.321454	 -0.814901	 
0.00236 	 -0.423313	 0.143782 	 
0.002365	 0.551472 	 1.079603 	 
0.00237 	 1.424499 	 1.81448  	 
0.002375	 2.035072 	 2.216699 	 
0.00238 	 2.275631 	 2.214445 	 
0.002385	 2.096581 	 1.806751 	 
0.00239 	 1.5356   	 1.06962  	 
0.002395	 0.694776 	 0.131867 	 
0.0024  	 -0.273569	 -0.82585 	 
0.002405	 -1.196506	 -1.636076	 
0.00241 	 -1.901428	 -2.151001	 
0.002415	 -2.265643	 -2.277881	 
0.00242 	 -2.210898	 -1.982902	 
0.002425	 -1.753295	 -1.331114	 
0.00243 	 -0.983001	 -0.43716 	 
0.002435	 -0.02786 	 0.534727 	 
0.00244 	 0.923096 	 1.409363 	 
0.002445	 1.708209 	 2.021547 	 
0.00245 	 2.177411 	 2.268868 	 
0.002455	 2.252767 	 2.096903 	 
0.00246 	 1.914632 	 1.542041 	 
0.002465	 1.225483 	 0.707657 	 
0.00247 	 0.310271 	 -0.257468	 
0.002475	 -0.660327	 -1.179117	 
0.00248 	 -1.514671	 -1.888547	 
0.002485	 -2.091748	 -2.25244 	 
0.00249 	 -2.291084	 -2.207678	 
0.002495	 -2.073714	 -1.757803	 
0.0025  	 -1.474095	 -0.992339	 
0.002505	 -0.611056	 -0.046216	 
0.00251 	 0.362118 	 0.905706 	 
0.002515	 1.268636 	 1.694684 	 
0.00252 	 1.942005 	 2.168072 	 
0.002525	 2.258241 	 2.247614 	 
0.00253 	 2.163885 	 1.91753  	 
0.002535	 1.671175 	 1.233212 	 
0.00254 	 0.874147 	 0.326373 	 
0.002545	 -0.081317	 -0.641327	 
0.00255 	 -1.027441	 -1.497282	 
0.002555	 -1.789684	 -2.078544	 
0.00256 	 -2.220559	 -2.285609	 
0.002565	 -2.251796	 -2.072104	 
0.00257 	 -1.872768	 -1.481824	 
0.002575	 -1.15271 	 -0.622328	 
0.00258 	 -0.224299	 0.344729 	 
0.002585	 0.744369 	 1.250924 	 
0.00259 	 1.574244 	 1.93009  	 
0.002595	 2.116225 	 2.252123 	 
0.0026  	 2.274021 	 2.161953 	 
0.002605	 2.008988 	 1.677294 	 
0.00261 	 1.381025 	 0.885418 	 
0.002615	 0.499947 	 -0.066182	 
0.00262 	 -0.47516 	 -1.011017	 
0.002625	 -1.364283	 -1.771651	 
0.00263 	 -2.007376	 -2.213153	 
0.002635	 -2.286897	 -2.249864	 
0.00264 	 -2.145849	 -1.874378	 
0.002645	 -1.617399	 -1.163659	 
0.00265 	 -0.794935	 -0.239756	 
0.002655	 0.1689   	 0.728911 	 
0.00266 	 1.105044 	 1.561363 	 
0.002665	 1.833802 	 2.102699 	 
0.00267 	 2.229902 	 2.267258 	 
0.002675	 2.213479 	 2.011564 	 
0.00268 	 1.798378 	 1.390686 	 
0.002685	 1.05062  	 0.513151 	 
0.00269 	 0.109646 	 -0.454872	 
0.002695	 -0.850969	 -1.34786 	 
0.0027  	 -1.657008	 -1.994173	 
0.002705	 -2.169035	 -2.277881	 
0.00271 	 -2.283033	 -2.148103	 
0.002715	 -1.981292	 -1.624805	 
0.00272 	 -1.315013	 -0.806206	 
0.002725	 -0.413974	 0.153121 	 
0.00273 	 0.560167 	 1.0854   	 
0.002735	 1.429007 	 1.819632 	 
0.00274 	 2.038615 	 2.220563 	 
0.002745	 2.274665 	 2.213156 	 
0.00275 	 2.09336  	 1.801921 	 
0.002755	 1.530447 	 1.061569 	 
0.00276 	 0.686725 	 0.124138 	 
0.002765	 -0.281942	 -0.835511	 
0.00277 	 -1.202303	 -1.642195	 
0.002775	 -1.907869	 -2.154543	 
0.00278 	 -2.264677	 -2.278847	 
0.002785	 -2.208644	 -1.98097 	 
0.00279 	 -1.74782 	 -1.323708	 
0.002795	 -0.974628	 -0.426211	 
0.0028  	 -0.02303 	 0.542455 	 
0.002805	 0.930503 	 1.414516 	 
0.00281 	 1.71304  	 2.024767 	 
0.002815	 2.183207 	 2.266292 	 
0.00282 	 2.250512 	 2.093682 	 
0.002825	 1.908513 	 1.539786 	 
0.00283 	 1.217433 	 0.699606 	 
0.002835	 0.304475 	 -0.266807	 
0.00284 	 -0.668378	 -1.185235	 
0.002845	 -1.521112	 -1.891123	 
0.00285 	 -2.0969  	 -2.25405 	 
0.002855	 -2.29527 	 -2.207356	 
0.00286 	 -2.068239	 -1.753939	 
0.002865	 -1.467333	 -0.985899	 
0.00287 	 -0.602362	 -0.036877	 
0.002875	 0.368559 	 0.914723 	 
0.00288 	 1.275398 	 1.698226 	 
0.002885	 1.946191 	 2.171936 	 
0.00289 	 2.260495 	 2.248902 	 
0.002895	 2.162919 	 1.913344 	 
0.0029  	 1.667311 	 1.227094 	 
0.002905	 0.868995 	 0.31639  	 
0.00291 	 -0.090012	 -0.651632	 
0.002915	 -1.035491	 -1.502112	 
0.00292 	 -1.789362	 -2.085307	 
0.002925	 -2.224746	 -2.286575	 
0.00293 	 -2.253728	 -2.065019	 
0.002935	 -1.870836	 -1.475062	 
0.00294 	 -1.147236	 -0.616209	 
0.002945	 -0.213672	 0.352135 	 
0.00295 	 0.751131 	 1.257686 	 
0.002955	 1.580684 	 1.932344 	 
0.00296 	 2.122021 	 2.252767 	 
0.002965	 2.272089 	 2.161631 	 
0.00297 	 2.008344 	 1.673108 	 
0.002975	 1.376838 	 0.881232 	 
0.00298 	 0.491253 	 -0.075843	 
0.002985	 -0.481279	 -1.018424	 
0.00299 	 -1.371368	 -1.775193	 
0.002995	 -2.009952	 -2.212831	 
0.003   	 -2.282711	 -2.24761 	 
0.003005	 -2.143272	 -1.875022	 
0.00301 	 -1.614178	 -1.154642	 
0.003015	 -0.788173	 -0.227841	 
0.00302 	 0.179205 	 0.734386 	 
0.003025	 1.11084  	 1.564261 	 
0.00303 	 1.837344 	 2.106242 	 
0.003035	 2.232478 	 2.267902 	 
0.00304 	 2.214767 	 2.008021 	 
0.003045	 1.791294 	 1.384245 	 
0.00305 	 1.043536 	 0.506066 	 
0.003055	 0.099664 	 -0.464533	 
0.00306 	 -0.859341	 -1.355267	 
0.003065	 -1.661517	 -1.997071	 
0.00307 	 -2.171611	 -2.279169	 
0.003075	 -2.280457	 -2.141984	 
0.00308 	 -1.973563	 -1.617399	 
0.003085	 -1.309216	 -0.799122	 
0.00309 	 -0.405279	 0.162459 	 
0.003095	 0.567252 	 1.094739 	 
0.0031  	 1.437058 	 1.827039 	 
0.003105	 2.043767 	 2.221207 	 
0.00311 	 2.274665 	 2.209936 	 
0.003115	 2.089496 	 1.797412 	 
0.00312 	 1.523041 	 1.055129 	 
0.003125	 0.67803  	 0.116087 	 
0.00313 	 -0.288383	 -0.842274	 
0.003135	 -1.210031	 -1.647669	 
0.00314 	 -1.908191	 -2.157764	 
0.003145	 -2.265321	 -2.275626	 
0.00315 	 -2.20478 	 -1.974529	 
0.003155	 -1.742024	 -1.317589	 
0.00316 	 -0.966255	 -0.420415	 
0.003165	 -0.014979	 0.550828 	 
0.00317 	 0.93952  	 1.419346 	 
0.003175	 1.717548 	 2.027988 	 
0.00318 	 2.185462 	 2.268868 	 
0.003185	 2.251156 	 2.092716 	 
0.00319 	 1.903361 	 1.530769 	 
0.003195	 1.210026 	 0.689301 	 
0.0032  	 0.293204 	 -0.275823	 
0.003205	 -0.676429	 -1.194896	 
0.00321 	 -1.52562 	 -1.895632	 
0.003215	 -2.102053	 -2.253406	 
0.00322 	 -2.295592	 -2.207678	 
0.003225	 -2.063409	 -1.748786	 
0.00323 	 -1.462824	 -0.978492	 
0.003235	 -0.594633	 -0.028182	 
0.00324 	 0.375322 	 0.919876 	 
0.003245	 1.280873 	 1.703379 	 
0.00325 	 1.949734 	 2.173546 	 
0.003255	 2.261461 	 2.245682 	 
0.00326 	 2.159377 	 1.908191 	 
0.003265	 1.661837 	 1.219043 	 
0.00327 	 0.860944 	 0.307695 	 
0.003275	 -0.097741	 -0.659039	 
0.00328 	 -1.043864	 -1.510163	 
0.003285	 -1.797413	 -2.087883	 
0.00329 	 -2.226034	 -2.287219	 
0.003295	 -2.249864	 -2.066629	 
0.0033  	 -1.863751	 -1.471197	 
0.003305	 -1.135643	 -0.60848 	 
0.00331 	 -0.205943	 0.36083  	 
0.003315	 0.760792 	 1.266703 	 
0.00332 	 1.587769 	 1.936208 	 
0.003325	 2.121699 	 2.252123 	 
0.00333 	 2.2708   	 2.157445 	 
0.003335	 2.005767 	 1.666667 	 
0.00334 	 1.370076 	 0.874147 	 
0.003345	 0.4861   	 -0.085826	 
0.00335 	 -0.488041	 -1.024864	 
0.003355	 -1.376843	 -1.783244	 
0.00336 	 -2.014783	 -2.215407	 
0.003365	 -2.287219	 -2.247288	 
0.00337 	 -2.14134 	 -1.867937	 
0.003375	 -1.607738	 -1.145948	 
0.00338 	 -0.778512	 -0.221078	 
0.003385	 0.185968 	 0.742759 	 
0.00339 	 1.117603 	 1.569413 	 
0.003395	 1.842497 	 2.113648 	 
0.0034  	 2.230224 	 2.267258 	 
0.003405	 2.211546 	 2.004157 	 
0.00341 	 1.786141 	 1.377804 	 
0.003415	 1.037095 	 0.498337 	 
0.00342 	 0.093545 	 -0.472584	 
0.003425	 -0.866748	 -1.358487	 
0.00343 	 -1.670855	 -2.001901	 
0.003435	 -2.173221	 -2.280779	 
0.00344 	 -2.277881	 -2.142628	 
0.003445	 -1.969054	 -1.612568	 
0.00345 	 -1.30181 	 -0.792037	 
0.003455	 -0.398195	 0.173086 	 
0.00346 	 0.572404 	 1.101501 	 
0.003465	 1.441567 	 1.829937 	 
0.00347 	 2.045377 	 2.223462 	 
0.003475	 2.275631 	 2.209614 	 
0.00348 	 2.085309 	 1.790971 	 
0.003485	 1.517566 	 1.046112 	 
0.00349 	 0.670302 	 0.108358 	 
0.003495	 -0.298366	 -0.84807 	 
0.0035  	 -1.216794	 -1.654754	 
0.003505	 -1.914632	 -2.162272	 
0.00351 	 -2.26661 	 -2.275304	 
0.003515	 -2.200916	 -1.971309	 
0.00352 	 -1.737837	 -1.311149	 
0.003525	 -0.960781	 -0.413974	 
0.00353 	 -0.006284	 0.557269 	 
0.003535	 0.94757  	 1.427719 	 
0.00354 	 1.725277 	 2.031852 	 
0.003545	 2.185784 	 2.26758  	 
0.00355 	 2.249546 	 2.088852 	 
0.003555	 1.899818 	 1.525295 	 
0.00356 	 1.204551 	 0.683183 	 
0.003565	 0.286441 	 -0.282586	 
0.00357 	 -0.684157	 -1.200371	 
0.003575	 -1.532061	 -1.901106	 
0.00358 	 -2.103341	 -2.256949	 
0.003585	 -2.293338	 -2.200594	 
0.00359 	 -2.060511	 -1.74299 	 
0.003595	 -1.457028	 -0.970441	 
0.0036  	 -0.585616	 -0.019488	 
0.003605	 0.387237 	 0.930825 	 
0.00361 	 1.289568 	 1.710785 	 
0.003615	 1.955852 	 2.17419  	 
0.00362 	 2.263394 	 2.246004 	 
0.003625	 2.155835 	 1.905293 	 
0.00363 	 1.657006 	 1.212924 	 
0.003635	 0.852893 	 0.299966 	 
0.00364 	 -0.104826	 -0.667734	 
0.003645	 -1.048051	 -1.516925	 
0.00365 	 -1.800955	 -2.091104	 
0.003655	 -2.227644	 -2.285287	 
0.00366 	 -2.246966	 -2.061799	 
0.003665	 -1.858598	 -1.46218 	 
0.00367 	 -1.131134	 -0.601074	 
0.003675	 -0.197892	 0.369525 	 
0.00368 	 0.767233 	 1.271534 	 
0.003685	 1.5926   	 1.942005 	 
0.00369 	 2.127496 	 2.255343 	 
0.003695	 2.270478 	 2.155835 	 
0.0037  	 2.000937 	 1.661837 	 
0.003705	 1.362025 	 0.862876 	 
0.00371 	 0.476761 	 -0.095809	 
0.003715	 -0.499634	 -1.030339	 
0.00372 	 -1.386181	 -1.786464	 
0.003725	 -2.018003	 -2.216373	 
0.00373 	 -2.287219	 -2.245034	 
0.003735	 -2.138764	 -1.865039	 
0.00374 	 -1.602263	 -1.140151	 
0.003745	 -0.769817	 -0.213672	 
0.00375 	 0.193052 	 0.751131 	 
0.003755	 1.124043 	 1.574888 	 
0.00376 	 1.848293 	 2.113648 	 
0.003765	 2.233767 	 2.26758  	 
0.00377 	 2.209292 	 2.000293 	 
0.003775	 1.780344 	 1.370398 	 
0.00378 	 1.029688 	 0.488676 	 
0.003785	 0.083884 	 -0.47999 	 
0.00379 	 -0.872545	 -1.367504	 
0.003795	 -1.67472 	 -2.006088	 
0.0038  	 -2.171933	 -2.276914	 
0.003805	 -2.279813	 -2.137798	 
0.00381 	 -1.964224	 -1.605805	 
0.003815	 -1.297301	 -0.786885	 
0.00382 	 -0.38789 	 0.182747 	 
0.003825	 0.582387 	 1.10762  	 
0.00383 	 1.448651 	 1.834124 	 
0.003835	 2.048276 	 2.222495 	 
0.00384 	 2.275631 	 2.208004 	 
0.003845	 2.086275 	 1.784531 	 
0.00385 	 1.509515 	 1.041281 	 
0.003855	 0.662573 	 0.101596 	 
0.00386 	 -0.306094	 -0.855155	 
0.003865	 -1.222591	 -1.660228	 
0.00387 	 -1.919462	 -2.164526	 
0.003875	 -2.267254	 -2.273694	 
0.00388 	 -2.198983	 -1.970343	 
0.003885	 -1.733329	 -1.30503 	 
0.00389 	 -0.951442	 -0.404313	 
0.003895	 0.000478 	 0.566286 	 
0.0039  	 0.953367 	 1.43255  	 
0.003905	 1.730107 	 2.037326 	 
0.00391 	 2.189326 	 2.268546 	 
0.003915	 2.247292 	 2.083699 	 
0.00392 	 1.898208 	 1.51982  	 
0.003925	 1.196501 	 0.676742 	 
0.00393 	 0.27839  	 -0.290637	 
0.003935	 -0.693496	 -1.207455	 
0.00394 	 -1.540756	 -1.905937	 
0.003945	 -2.106561	 -2.260813	 
0.00395 	 -2.293016	 -2.198661	 
0.003955	 -2.058257	 -1.738804	 
0.00396 	 -1.449943	 -0.963035	 
0.003965	 -0.578531	 -0.012725	 
0.00397 	 0.392711 	 0.934367 	 
0.003975	 1.296008 	 1.715938 	 
0.00398 	 1.95875  	 2.176767 	 
0.003985	 2.262428 	 2.245038 	 
0.00399 	 2.15358  	 1.900785 	 
0.003995	 1.652176 	 1.207128 	 
0.004   	 0.845164 	 0.291916 	 
0.004005	 -0.113198	 -0.674174	 
0.00401 	 -1.056745	 -1.52079 	 
0.004015	 -1.807396	 -2.095612	 
0.00402 	 -2.229576	 -2.284965	 
0.004025	 -2.246   	 -2.057935	 
0.00403 	 -1.855056	 -1.456384	 
0.004035	 -1.124372	 -0.590769	 
0.00404 	 -0.188875	 0.377254 	 
0.004045	 0.775606 	 1.279907 	 
0.00405 	 1.598718 	 1.945225 	 
0.004055	 2.130072 	 2.255987 	 
0.00406 	 2.270156 	 2.153258 	 
0.004065	 1.995462 	 1.65765  	 
0.00407 	 1.35655  	 0.858046 	 
0.004075	 0.467744 	 -0.100317	 
0.00408 	 -0.504787	 -1.040966	 
0.004085	 -1.391978	 -1.793226	 
0.00409 	 -2.021545	 -2.220237	 
0.004095	 -2.285609	 -2.244067	 
0.0041  	 -2.135866	 -1.858276	 
0.004105	 -1.594856	 -1.1321  	 
0.00411 	 -0.761766	 -0.204333	 
0.004115	 0.203357 	 0.75725  	 
0.00412 	 1.130484 	 1.581973 	 
0.004125	 1.85248  	 2.116547 	 
0.00413 	 2.235699 	 2.268868 	 
0.004135	 2.208004 	 2.000615 	 
0.00414 	 1.77809  	 1.364923 	 
0.004145	 1.020349 	 0.479981 	 
0.00415 	 0.076799 	 -0.489651	 
0.004155	 -0.880273	 -1.372656	 
0.00416 	 -1.682448	 -2.010596	 
0.004165	 -2.176763	 -2.279813	 
0.00417 	 -2.27627 	 -2.136188	 
0.004175	 -1.96036 	 -1.600975	 
0.00418 	 -1.287963	 -0.777546	 
0.004185	 -0.379517	 0.189188 	 
0.00419 	 0.590438 	 1.115027 	 
0.004195	 1.45477  	 1.83831  	 
0.0042  	 2.053106 	 2.227004 	 
0.004205	 2.277563 	 2.20575  	 
0.00421 	 2.079513 	 1.783243 	 
0.004215	 1.505973 	 1.03001  	 
0.00422 	 0.654844 	 0.090003 	 
0.004225	 -0.313823	 -0.863528	 
0.00423 	 -1.231285	 -1.666669	 
0.004235	 -1.925258	 -2.169035	 
0.00424 	 -2.268864	 -2.272084	 
0.004245	 -2.197695	 -1.963258	 
0.00425 	 -1.727533	 -1.295691	 
0.004255	 -0.944035	 -0.395297	 
0.00426 	 0.008851 	 0.572726 	 
0.004265	 0.960774 	 1.439312 	 
0.00427 	 1.734294 	 2.039903 	 
0.004275	 2.192224 	 2.268546 	 
0.00428 	 2.248258 	 2.082089 	 
0.004285	 1.890802 	 1.514668 	 
0.00429 	 1.191348 	 0.666759 	 
0.004295	 0.268085 	 -0.297399	 
0.0043  	 -0.699293	 -1.21615 	 
0.004305	 -1.544942	 -1.911733	 
0.00431 	 -2.111069	 -2.257915	 
0.004315	 -2.292694	 -2.199949	 
0.00432 	 -2.053426	 -1.733973	 
0.004325	 -1.443503	 -0.956916	 
0.00433 	 -0.571125	 -0.004996	 
0.004335	 0.401406 	 0.943706 	 
0.00434 	 1.301483 	 1.720124 	 
0.004345	 1.962937 	 2.179665 	 
0.00435 	 2.263716 	 2.243428 	 
0.004355	 2.151326 	 1.895632 	 
0.00436 	 1.644769 	 1.198433 	 
0.004365	 0.838402 	 0.283865 	 
0.00437 	 -0.120927	 -0.682225	 
0.004375	 -1.064152	 -1.526264	 
0.00438 	 -1.81287 	 -2.098832	 
0.004385	 -2.23183 	 -2.283677	 
0.00439 	 -2.246322	 -2.056324	 
0.004395	 -1.846361	 -1.449943	 
0.0044  	 -1.116643	 -0.582718	 
0.004405	 -0.179859	 0.384338 	 
0.00441 	 0.781402 	 1.286025 	 
0.004415	 1.605803 	 1.947801 	 
0.00442 	 2.132326 	 2.256631 	 
0.004425	 2.270156 	 2.151648 	 
0.00443 	 1.991276 	 1.649599 	 
0.004435	 1.350754 	 0.849029 	 
0.00444 	 0.46066  	 -0.109334	 
0.004445	 -0.511871	 -1.047407	 
0.00445 	 -1.39713 	 -1.798057	 
0.004455	 -2.025088	 -2.221203	 
0.00446 	 -2.287219	 -2.241169	 
0.004465	 -2.132645	 -1.853446	 
0.00447 	 -1.588738	 -1.128236	 
0.004475	 -0.756614	 -0.196604	 
0.00448 	 0.21012  	 0.765623 	 
0.004485	 1.140145 	 1.588735 	 
0.00449 	 1.856022 	 2.121055 	 
0.004495	 2.237631 	 2.26597  	 
0.0045  	 2.208326 	 1.993852 	 
0.004505	 1.772616 	 1.357194 	 
0.00451 	 1.013265 	 0.473219 	 
0.004515	 0.068749 	 -0.496414	 
0.00452 	 -0.888968	 -1.378453	 
0.004525	 -1.690177	 -2.013495	 
0.00453 	 -2.179662	 -2.281745	 
0.004535	 -2.276592	 -2.133289	 
0.00454 	 -1.956495	 -1.597433	 
0.004545	 -1.279912	 -0.767241	 
0.00455 	 -0.373399	 0.198205 	 
0.004555	 0.598167 	 1.123399 	 
0.00456 	 1.460889 	 1.842819 	 
0.004565	 2.056326 	 2.22636  	 
0.00457 	 2.276275 	 2.205106 	 
0.004575	 2.078869 	 1.77487  	 
0.00458 	 1.500498 	 1.02357  	 
0.004585	 0.649048 	 0.082274 	 
0.00459 	 -0.32284 	 -0.8719  	 
0.004595	 -1.238048	 -1.672143	 
0.0046  	 -1.929767	 -2.169679	 
0.004605	 -2.273694	 -2.271762	 
0.00461 	 -2.195763	 -1.961004	 
0.004615	 -1.721736	 -1.292471	 
0.00462 	 -0.93695 	 -0.38789 	 
0.004625	 0.017546 	 0.581421 	 
0.00463 	 0.967536 	 1.447041 	 
0.004635	 1.740412 	 2.044089 	 
0.00464 	 2.194157 	 2.270156 	 
0.004645	 2.246648 	 2.076937 	 
0.00465 	 1.886615 	 1.507583 	 
0.004655	 1.181687 	 0.660319 	 
0.00466 	 0.261001 	 -0.30545 	 
0.004665	 -0.705411	 -1.22098 	 
0.00467 	 -1.552993	 -1.914954	 
0.004675	 -2.113968	 -2.261779	 
0.00468 	 -2.290118	 -2.191577	 
0.004685	 -2.050206	 -1.728177	 
0.00469 	 -1.436096	 -0.949188	 
0.004695	 -0.563396	 0.004343 	 
0.0047  	 0.410101 	 0.951757 	 
0.004705	 1.307279 	 1.724311 	 
0.00471 	 1.9697   	 2.183529 	 
0.004715	 2.265648 	 2.241495 	 
0.00472 	 2.149716 	 1.890802 	 
0.004725	 1.639938 	 1.193924 	 
0.00473 	 0.830673 	 0.274848 	 
0.004735	 -0.128978	 -0.690276	 
0.00474 	 -1.069627	 -1.533671	 
0.004745	 -1.816735	 -2.101731	 
0.00475 	 -2.231508	 -2.285287	 
0.004755	 -2.245356	 -2.051172	 
0.00476 	 -1.842175	 -1.442537	 
0.004765	 -1.111168	 -0.577565	 
0.00477 	 -0.174062	 0.391423 	 
0.004775	 0.791385 	 1.29472  	 
0.00478 	 1.608379 	 1.953598 	 
0.004785	 2.135224 	 2.259529 	 
0.00479 	 2.269512 	 2.147784 	 
0.004795	 1.989344 	 1.645413 	 
0.0048  	 1.343347 	 0.842266 	 
0.004805	 0.452609 	 -0.116419	 
0.00481 	 -0.52282 	 -1.052237	 
0.004815	 -1.402283	 -1.801921	 
0.00482 	 -2.030562	 -2.223136	 
0.004825	 -2.289474	 -2.240847	 
0.00483 	 -2.128137	 -1.848293	 
0.004835	 -1.578111	 -1.119541	 
0.00484 	 -0.749851	 -0.188231	 
0.004845	 0.218171 	 0.773351 	 
0.00485 	 1.146586 	 1.594532 	 
0.004855	 1.862785 	 2.122665 	 
0.00486 	 2.238597 	 2.265648 	 
0.004865	 2.205106 	 1.989666 	 
0.00487 	 1.767785 	 1.352364 	 
0.004875	 1.00618  	 0.466456 	 
0.00488 	 0.060054 	 -0.504787	 
0.004885	 -0.896375	 -1.386181	 
0.00489 	 -1.692753	 -2.019291	 
0.004895	 -2.182882	 -2.281423	 
0.0049  	 -2.27627 	 -2.129425	 
0.004905	 -1.956495	 -1.59067 	 
0.00491 	 -1.273471	 -0.763377	 
0.004915	 -0.364382	 0.203679 	 
0.00492 	 0.606217 	 1.128552 	 
0.004925	 1.468295 	 1.85087  	 
0.00493 	 2.058581 	 2.228936 	 
0.004935	 2.275309 	 2.202529 	 
0.00494 	 2.074038 	 1.770683 	 
0.004945	 1.493092 	 1.019383 	 
0.00495 	 0.638421 	 0.075189 	 
0.004955	 -0.331857	 -0.877697	 
0.00496 	 -1.246421	 -1.67633 	 
0.004965	 -1.933953	 -2.170645	 
0.00497 	 -2.268864	 -2.268542	 
0.004975	 -2.194475	 -1.956495	 
0.00498 	 -1.718838	 -1.287963	 
0.004985	 -0.928578	 -0.379517	 
0.00499 	 0.025275 	 0.589794 	 
0.004995	 0.976553 	 1.452194 	 
0.005   	 1.745565 	 2.049564 	 
        	          	          	  
        	          	          	  
        	          	          	  
        	          	          	  
        	          	          	  
        	          	          	  
        	          	          	  
        	          	          	  
        	          	          	  
        	          	          	  
        	          	          	  
        	          	          	  
        	          	          	  
        	          	          	  
        	          	          	  
        	          	          	  
        	          	          	  
        	          	          	  
        	          	          	  
        	          	          	  
        	          	          	  
        	          	          	  
        	          	          	  
        	          	          	  
        	          	          	  
        	          	          	  
        	          	          	  
        	          	          	  
        	          	          	  
        	          	          	  
        	          	          	  
        	          	          	  
        	          	          	  
        	          	          	  
        	          	          	  
        	          	          	  
        	          	          	  
        	          	          	  
        	          	          	  
        	          	          	  
        	          	          	  
        	          	          	  
        	          	          	  
        	          	          	  
        	          	          	  
        	          	          	  
        	          	          	  
        	          	          	  
        	          	          	  
        	          	          	  
        	          	          	  
        	          	          	  
        	          	          	  
        	          	          	  
        	          	          	  
        	          	          	  
        	          	          	  
        	          	          	  
        	          	          	  
        	          	          	  
        	          	          	  
        	          	          	  
        	          	          	  
        	          	          	  
        	          	          	  
        	          	          	  
        	          	          	  
        	          	          	  
        	          	          	  
        	          	          	  
        	          	          	  
        	          	          	  
        	          	          	  
        	          	          	  
        	          	          	  
        	          	          	  
        	          	          	  
        	          	          	  
        	          	          	  
        	          	          	  
        	          	          	  
        	          	          	  
        	          	          	  
        	          	          	  
        	          	          	  
        	          	          	  
        	          	          	  
        	          	          	  
        	          	          	  
        	          	          	  
        	          	          	  
        	          	          	  
        	          	          	  
        	          	          	  
        	          	          	  
        	          	          	  
        	          	          	  
        	          	          	  
        	          	          	  
        	          	          	  
        	          	          	  
        	          	          	  
        	          	          	  
        	          	          	  
        	          	          	  
        	          	          	  
        	          	          	  
        	          	          	  
        	          	          	  
        	          	          	  
        	          	          	  
        	          	          	  
        	          	          	  
        	          	          	  
        	          	          	  
        	          	          	  
        	          	          	  
        	          	          	  
        	          	          	  
        	          	          	  
        	          	          	  
        	          	          	  
        	          	          	  
        	          	          	  
        	          	          	  
        	          	          	  
        	          	          	  
        	          	          	  
        	          	          	  
        	          	          	  
        	          	          	  
        	          	          	  
        	          	          	  
        	          	          	  
        	          	          	  
        	          	          	  
        	          	          	  
        	          	          	  
        	          	          	  
        	          	          	  
        	          	          	  
        	          	          	  
        	          	          	  
        	          	          	  
        	          	          	  
        	          	          	  
        	          	          	  
        	          	          	  
        	          	          	  
        	          	          	  
        	          	          	  
        	          	          	  
        	          	          	  
        	          	          	  
        	          	          	  
        	          	          	  
        	          	          	  
        	          	          	  
        	          	          	  
        	          	          	  
        	          	          	  
        	          	          	  
        	          	          	  
        	          	          	  
        	          	          	  
        	          	          	  
        	          	          	  
        	          	          	  
        	          	          	  
        	          	          	  
        	          	          	  
        	          	          	  
        	          	          	  
        	          	          	  
        	          	          	  
        	          	          	  
        	          	          	  
        	          	          	  
        	          	          	  
        	          	          	  
        	          	          	  
        	          	          	  
        	          	          	  
        	          	          	  
        	          	          	  
        	          	          	  
        	          	          	  
        	          	          	  
        	          	          	  
        	          	          	  
        	          	          	  
        	          	          	  
        	          	          	  
        	          	          	  
        	          	          	  
        	          	          	  
        	          	          	  
        	          	          	  
        	          	          	  
        	          	          	  
        	          	          	  
        	          	          	  
        	          	          	  
        	          	          	  
        	          	          	  
        	          	          	  
        	          	          	  
        	          	          	  
        	          	          	  
        	          	          	  
        	          	          	  
        	          	          	  
        	          	          	  
        	          	          	  
        	          	          	  
        	          	          	  
        	          	          	  
        	          	          	  
        	          	          	  
        	          	          	  
        	          	          	  
        	          	          	  
        	          	          	  
        	          	          	  
        	          	          	  
        	          	          	  
        	          	          	  
        	          	          	  
        	          	          	  
        	          	          	  
        	          	          	  
        	          	          	  
        	          	          	  
        	          	          	  
        	          	          	  
        	          	          	  
        	          	          	  
        	          	          	  
        	          	          	  
        	          	          	  
        	          	          	  
        	          	          	  
        	          	          	  
        	          	          	  
        	          	          	  
        	          	          	  
        	          	          	  
        	          	          	  
        	          	          	  
        	          	          	  
        	          	          	  
        	          	          	  
        	          	          	  
        	          	          	  
        	          	          	  
        	          	          	  
        	          	          	  
        	          	          	  
        	          	          	  
        	          	          	  
        	          	          	  
        	          	          	  
        	          	          	  
        	          	          	  
        	          	          	  
        	          	          	  
        	          	          	  
        	          	          	  
        	          	          	  
        	          	          	  
        	          	          	  
        	          	          	  
        	          	          	  
        	          	          	  
        	          	          	  
        	          	          	  
        	          	          	  
        	          	          	  
        	          	          	  
        	          	          	  
        	          	          	  
        	          	          	  
        	          	          	  
        	          	          	  
        	          	          	  
        	          	          	  
        	          	          	  
        	          	          	  
        	          	          	  
        	          	          	  
        	          	          	  
        	          	          	  
        	          	          	  
        	          	          	  
        	          	          	  
        	          	          	  
        	          	          	  
        	          	          	  
        	          	          	  
        	          	          	  
        	          	          	  
        	          	          	  
        	          	          	  
        	          	          	  
        	          	          	  
        	          	          	  
        	          	          	  
        	          	          	  
        	          	          	  
        	          	          	  
        	          	          	  
        	          	          	  
        	          	          	  
        	          	          	  
        	          	          	  
        	          	          	  
        	          	          	  
        	          	          	  
        	          	          	  
        	          	          	  
        	          	          	  
        	          	          	  
        	          	          	  
        	          	          	  
        	          	          	  
        	          	          	  
        	          	          	  
        	          	          	  
        	          	          	  
        	          	          	  
        	          	          	  
        	          	          	  
        	          	          	  
        	          	          	  
        	          	          	  
        	          	          	  
        	          	          	  
        	          	          	  
        	          	          	  
        	          	          	  
        	          	          	  
        	          	          	  
        	          	          	  
        	          	          	  
        	          	          	  
        	          	          	  
        	          	          	  
        	          	          	  
        	          	          	  
        	          	          	  
        	          	          	  
        	          	          	  
        	          	          	  
        	          	          	  
        	          	          	  
        	          	          	  
        	          	          	  
        	          	          	  
        	          	          	  
        	          	          	  
        	          	          	  
        	          	          	  
        	          	          	  
        	          	          	  
        	          	          	  
        	          	          	  
        	          	          	  
        	          	          	  
        	          	          	  
        	          	          	  
        	          	          	  
        	          	          	  
        	          	          	  
        	          	          	  
        	          	          	  
        	          	          	  
        	          	          	  
        	          	          	  
        	          	          	  
        	          	          	  
        	          	          	  
        	          	          	  
        	          	          	  
        	          	          	  
        	          	          	  
        	          	          	  
        	          	          	  
        	          	          	  
        	          	          	  
        	          	          	  
        	          	          	  
        	          	          	  
        	          	          	  
        	          	          	  
        	          	          	  
        	          	          	  
        	          	          	  
        	          	          	  
        	          	          	  
        	          	          	  
        	          	          	  
        	          	          	  
        	          	          	  