2194.993488	0.000000	1.250489
2194.977245	0.000000	1.246782
2210.065581	0.000000	1.252398
2210.072061	0.000000	1.255222
2224.966353	0.000000	1.262487
2224.967933	0.000000	1.261795
2240.043946	0.000000	1.254670
2240.062272	0.000000	1.283912
2254.950489	0.000000	1.283543
2254.957449	0.000000	1.276733
2254.962779	0.000000	1.279544
2270.047989	0.000000	1.288137
2270.049536	0.000000	1.288311
2285.141142	0.000000	1.303165
2285.130571	0.000000	1.297358
2300.036483	0.000000	1.310504
2300.032502	0.000000	1.302429
2315.121417	0.000000	1.307844
2315.133046	0.000000	1.312798
2315.125630	0.000000	1.312052
2330.022597	0.000000	1.306883
2330.029644	0.000000	1.328964
2345.107354	0.000000	1.319260
2345.113359	0.000000	1.321124
2360.022323	0.000000	1.338661
2360.014910	0.000000	1.338655
2360.007499	0.000000	1.334869
2375.103799	0.000000	1.333488
2375.104988	0.000000	1.348030
2390.000938	0.000000	1.351879
2390.006517	0.000000	1.359546
2405.090377	0.000000	1.361209
2405.094367	0.000000	1.362821
2419.992128	0.000000	1.355453
2419.990608	0.000000	1.363250
2419.991798	0.000000	1.362234
2435.075525	0.000000	1.368670
2435.081327	0.000000	1.374688
2449.980286	0.000000	1.371137
2449.978027	0.000000	1.378353
2465.072288	0.000000	1.390596
2465.066702	0.000000	1.390628
2479.977779	0.000000	1.390826
2479.974735	0.000000	1.401715
2491.521091	0.000000	1.392527
2495.062665	0.000000	1.400311
2495.052685	0.000000	1.399993
2509.959741	0.000000	1.402575
2509.958407	0.000000	1.399804
2525.049029	0.000000	1.417623
2525.043962	0.000000	1.420789
2540.136940	0.000000	1.423629
2540.139220	0.000000	1.422656
2540.129397	0.000000	1.419243
2555.034704	0.000000	1.425771
2555.039815	0.000000	1.440834
2570.123331	0.000000	1.446501
2570.130140	0.000000	1.440986
2585.020905	0.000000	1.443006
2585.034269	0.000000	1.454475
2600.114048	0.000000	1.468232
2600.098900	0.000000	1.446109
2600.120634	0.000000	1.456657
2615.011739	0.000000	1.455722
2615.019953	0.000000	1.466968
2630.104329	0.000000	1.467554
2630.106135	0.000000	1.472238
2644.996426	0.000000	1.464234
2645.005380	0.000000	1.478503
2660.092970	0.000000	1.483297
2660.083671	0.000000	1.468179
2674.989960	0.000000	1.492453
2674.985488	0.000000	1.479180
2674.988764	0.000000	1.492578
2690.077384	0.000000	1.496718
2690.080561	0.000000	1.495527
2704.991193	0.000000	1.511458
2704.987846	0.000000	1.509438
2720.059445	0.000000	1.507236
2720.072026	0.000000	1.502626
2734.967818	0.000000	1.520724
2734.974411	0.000000	1.510656
2734.975245	0.000000	1.525573
2750.062865	0.000000	1.523674
2750.054055	0.000000	1.522996
2764.956608	0.000000	1.529876
2764.958953	0.000000	1.519911
2780.035231	0.000000	1.519558
2780.048790	0.000000	1.533138
2795.132479	0.000000	1.541389
2795.132649	0.000000	1.529784
2810.033575	0.000000	1.548557
2810.038615	0.000000	1.555134
2825.129144	0.000000	1.557063
2825.129591	0.000000	1.554576
2825.125481	0.000000	1.558531
2840.022889	0.000000	1.558533
2840.036235	0.000000	1.579692
2855.112697	0.000000	1.574105
2855.111021	0.000000	1.554952
2870.012568	0.000000	1.563954
2870.011819	0.000000	1.572340
2885.098798	0.000000	1.577205
2885.110769	0.000000	1.589327
2900.006454	0.000000	1.596126
2900.002637	0.000000	1.579006
2915.091302	0.000000	1.599301
2915.089019	0.000000	1.590176
2929.995325	0.000000	1.605717
2929.998413	0.000000	1.600847
2930.063241	0.000000	1.596828
2945.084167	0.000000	1.607228
2945.084178	0.000000	1.613315
2959.980422	0.000000	1.613521
2959.982479	0.000000	1.615165
2975.071671	0.000000	1.617534
2975.065490	0.000000	1.612077
2989.970499	0.000000	1.635534
2989.976135	0.000000	1.629179
3005.062874	0.000000	1.651371
3005.059110	0.000000	1.642274
3020.143156	0.000000	1.642717
3020.142723	0.000000	1.638113
3020.142979	0.000000	1.642212
3035.050161	0.000000	1.648728
3035.043969	0.000000	1.638773
3050.136998	0.000000	1.654773
3050.126220	0.000000	1.652033
3065.038219	0.000000	1.663745
3065.043654	0.000000	1.667176
3080.123627	0.000000	1.664938
3080.128878	0.000000	1.668162
3095.030089	0.000000	1.676029
3095.019023	0.000000	1.661158
3095.099115	0.000000	1.674327
3110.116257	0.000000	1.674421
3110.110264	0.000000	1.679282
3125.009760	0.000000	1.678460
3125.021323	0.000000	1.685667
3140.101298	0.000000	1.692261
3140.110341	0.000000	1.703040
3154.997868	0.000000	1.685148
3155.003315	0.000000	1.690174
3170.090885	0.000000	1.702540
3170.097555	0.000000	1.699774
3184.993291	0.000000	1.713786
3184.983025	0.000000	1.702289
3200.071187	0.000000	1.695956
3200.088452	0.000000	1.718749
3214.995626	0.000000	1.736307
3214.989333	0.000000	1.725106
3230.077938	0.000000	1.726945
3230.065827	0.000000	1.718439
3244.968344	0.000000	1.727411
3244.980133	0.000000	1.735694
3244.969944	0.000000	1.729204
3260.060214	0.000000	1.743462
3260.055125	0.000000	1.735010
3275.149986	0.000000	1.742595
3275.148959	0.000000	1.738063
3290.052421	0.000000	1.753363
3290.044977	0.000000	1.749446
3305.132939	0.000000	1.753603
3305.141456	0.000000	1.754334
3320.037585	0.000000	1.767185
3320.041193	0.000000	1.757136
3335.121112	0.000000	1.762046
3335.132301	0.000000	1.769893
3335.124734	0.000000	1.763708
3350.023542	0.000000	1.773129
3350.033857	0.000000	1.777363
3365.110906	0.000000	1.768984
3365.115364	0.000000	1.780448
3380.009903	0.000000	1.780866
3380.024486	0.000000	1.795436
3395.099614	0.000000	1.789119
3395.096675	0.000000	1.793166
3395.107667	0.000000	1.794413
3409.998173	0.000000	1.799654
3410.015935	0.000000	1.799150
3425.100972	0.000000	1.810461
3425.096649	0.000000	1.799573
3439.996668	0.000000	1.814369
3439.993722	0.000000	1.806219
3455.088597	0.000000	1.817639
3455.085702	0.000000	1.812058
3469.982216	0.000000	1.811814
3469.986198	0.000000	1.817971
3485.070256	0.000000	1.810978
3485.066497	0.000000	1.820102
3499.972290	0.000000	1.834345
3499.972647	0.000000	1.827567
3515.066141	0.000000	1.827458
3515.061596	0.000000	1.838009
3530.146138	0.000000	1.846252
3530.149901	0.000000	1.842036
3545.053641	0.000000	1.844949
3545.040263	0.000000	1.837852
3545.045215	0.000000	1.835632
3560.137017	0.000000	1.847197
3560.128565	0.000000	1.835098
3575.039634	0.000000	1.853421
3575.042798	0.000000	1.844808
3590.133618	0.000000	1.868597
3590.136916	0.000000	1.860265
3605.023045	0.000000	1.851876
3605.025681	0.000000	1.864384
3620.121850	0.000000	1.866425
3620.111131	0.000000	1.856397
3635.013209	0.000000	1.865847
3635.018870	0.000000	1.868001
3650.112562	0.000000	1.879102
3650.102231	0.000000	1.870396
3665.006520	0.000000	1.881574
3665.016105	0.000000	1.890388
3680.091079	0.000000	1.881596
3680.095171	0.000000	1.887276
3694.991243	0.000000	1.883468
3695.000916	0.000000	1.887845
3710.082214	0.000000	1.891455
3710.087726	0.000000	1.894091
3724.982105	0.000000	1.894202
3724.984552	0.000000	1.891238
3724.986398	0.000000	1.889674
3740.064358	0.000000	1.894728
3740.069240	0.000000	1.886007
3755.163652	0.000000	1.906988
3755.159290	0.000000	1.902214
3770.061739	0.000000	1.913870
3770.065664	0.000000	1.899133
3785.147059	0.000000	1.914105
3785.152940	0.000000	1.914507
3800.046644	0.000000	1.921450
3800.043250	0.000000	1.902526
3815.131593	0.000000	1.914898
3815.139143	0.000000	1.928825
3830.037948	0.000000	1.926581
3830.046240	0.000000	1.928532
3845.125043	0.000000	1.924734
3845.129402	0.000000	1.924161
3860.031653	0.000000	1.934724
3860.029241	0.000000	1.932375
3875.115226	0.000000	1.929304
3875.113123	0.000000	1.937301
3879.293166	0.000000	1.942342
3890.019403	0.000000	1.942575
3890.027707	0.000000	1.954845
3905.105788	0.000000	1.946253
3905.103747	0.000000	1.947037
3920.009177	0.000000	1.947508
3920.009229	0.000000	1.946901
3935.097031	0.000000	1.949650
3935.095470	0.000000	1.955208
3950.000140	0.000000	1.954449
3949.994098	0.000000	1.935208
3965.090215	0.000000	1.967500
3965.078951	0.000000	1.945125
3979.986268	0.000000	1.958287
3979.988876	0.000000	1.958658
3995.081635	0.000000	1.972552
3995.062979	0.000000	1.952762
4010.165208	0.000000	1.965940
4010.158227	0.000000	1.962483
4025.066651	0.000000	1.980062
4025.062366	0.000000	1.969198
4025.067243	0.000000	1.979800
4040.150504	0.000000	1.971692
4040.147542	0.000000	1.969900
4055.055943	0.000000	1.972857
4055.052803	0.000000	1.975067
4070.141795	0.000000	1.979908
4070.141849	0.000000	1.977284
4085.042470	0.000000	1.989511
4085.040486	0.000000	1.979123
4100.125894	0.000000	1.986413
4100.124285	0.000000	1.987506
4115.022703	0.000000	1.989275
4115.026598	0.000000	1.992784
4130.113760	0.000000	1.979291
4130.119114	0.000000	1.986552
4145.022302	0.000000	1.997486
4145.014770	0.000000	1.988966
4160.113997	0.000000	2.008722
4160.104307	0.000000	2.000217
4175.008825	0.000000	1.993536
4175.007182	0.000000	1.989229
4190.088214	0.000000	1.994266
4190.094122	0.000000	1.998324
4204.994656	0.000000	1.998111
4204.985249	0.000000	1.982540
4220.089011	0.000000	2.015969
4220.081237	0.000000	2.003499
4234.982928	0.000000	1.999547
4234.983844	0.000000	2.008576
4250.072690	0.000000	2.009544
4250.070580	0.000000	2.002802
4265.162583	0.000000	2.017811
4265.166283	0.000000	2.015176
4280.054973	0.000000	2.001899
4280.061656	0.000000	2.010543
4295.152587	0.000000	2.014431
4295.151798	0.000000	2.015160
4310.052479	0.000000	2.008750
4310.046814	0.000000	2.012651
4321.619998	0.000000	2.016341
4325.135131	0.000000	2.013491
4326.615436	0.000000	2.022226
4340.051006	0.000000	2.026984
4355.126020	0.000000	2.017039
4355.125876	0.000000	2.014120
4355.117832	0.000000	1.989742
4370.038786	0.000000	2.019144
4370.033056	0.000000	2.029397
4385.116662	0.000000	2.006248
4385.115171	0.000000	2.025655
4400.027632	0.000000	2.022558
4400.017972	0.000000	2.022110
4415.107871	0.000000	2.023849
4415.101396	0.000000	2.008630
4430.009100	0.000000	2.021011
4430.007390	0.000000	2.016218
4445.091603	0.000000	2.018363
4445.090021	0.000000	2.021534
4459.990865	0.000000	2.016457
4460.002096	0.000000	2.034680
4475.085125	0.000000	2.028655
4475.084316	0.000000	2.020418
4490.174541	0.000000	2.031181
4490.178437	0.000000	2.041981
4505.077264	0.000000	2.032866
4505.071992	0.000000	2.032584
4520.161217	0.000000	2.024249
4520.162192	0.000000	2.031279
4535.066763	0.000000	2.043762
4535.059167	0.000000	2.027412
4550.149342	0.000000	2.024542
4550.152883	0.000000	2.022734
4565.043131	0.000000	2.021136
4565.048428	0.000000	2.028263
4580.141245	0.000000	2.032794
4580.133114	0.000000	2.032912
4595.051509	0.000000	2.036692
4595.040197	0.000000	2.014486
4610.135217	0.000000	2.036609
4610.125532	0.000000	2.028745
4625.024398	0.000000	2.024412
4625.033277	0.000000	2.031026
4640.114475	0.000000	2.017102
4640.115977	0.000000	2.024265
4655.020841	0.000000	2.034224
4655.012861	0.000000	2.024526
4670.112529	0.000000	2.025337
4670.102973	0.000000	2.019553
4685.004769	0.000000	2.017342
4685.009221	0.000000	2.026019
4700.096801	0.000000	2.027926
4700.092861	0.000000	2.019538
4714.999735	0.000000	2.023366
4714.991939	0.000000	2.017937
4730.088984	0.000000	2.017060
4730.091156	0.000000	2.021360
4745.182286	0.000000	2.029628
4745.171193	0.000000	2.022734
4760.078233	0.000000	2.025566
4760.069140	0.000000	2.023399
4775.158170	0.000000	2.016120
4775.161748	0.000000	2.026945
4790.059351	0.000000	2.015395
4790.073214	0.000000	2.017522
4805.155865	0.000000	2.016948
4805.157580	0.000000	2.022539
4820.063882	0.000000	2.025657
4820.064533	0.000000	2.017339
4835.143712	0.000000	2.009601
4835.137444	0.000000	2.010494
4850.036564	0.000000	2.002729
4850.042461	0.000000	2.002825
4865.129829	0.000000	2.003821
4865.124841	0.000000	1.999698
4880.031819	0.000000	1.999177
4880.029090	0.000000	2.001335
4895.120262	0.000000	2.002601
4895.123424	0.000000	2.001191
4910.024683	0.000000	1.996826
4910.018231	0.000000	1.999609
4925.111492	0.000000	1.993411
4925.105911	0.000000	1.991621
4940.011309	0.000000	1.998179
4940.023329	0.000000	1.997457
4955.097428	0.000000	1.987776
4955.092079	0.000000	1.975091
4970.000225	0.000000	1.985730
4970.009918	0.000000	1.993270
4985.076284	0.000000	1.960619
4985.085403	0.000000	1.985980
5000.172229	0.000000	1.971157
5000.174526	0.000000	1.966593
5015.077042	0.000000	1.977139
5015.081846	0.000000	1.983531
5030.160031	0.000000	1.969893
5030.162182	0.000000	1.965360
5045.062892	0.000000	1.956539
5045.072299	0.000000	1.973672
5060.151934	0.000000	1.957385
5060.151927	0.000000	1.953829
5075.055377	0.000000	1.953808
5075.053676	0.000000	1.953085
5090.129725	0.000000	1.942740
5090.140379	0.000000	1.950429
5105.048416	0.000000	1.951098
5105.039154	0.000000	1.939779
5120.131127	0.000000	1.936524
5120.127761	0.000000	1.943613
5135.034387	0.000000	1.938034
5135.027742	0.000000	1.938034
5150.124454	0.000000	1.930096
5150.119978	0.000000	1.924647
5165.019711	0.000000	1.910193
5165.027018	0.000000	1.930374
5180.112217	0.000000	1.927719
5180.111462	0.000000	1.910931
5195.008711	0.000000	1.914113
5195.004815	0.000000	1.912318
5210.094229	0.000000	1.896928
5210.102518	0.000000	1.916113
5225.186738	0.000000	1.896453
5225.194125	0.000000	1.902198
5240.088860	0.000000	1.886895
5240.088504	0.000000	1.889109
5255.166028	0.000000	1.868514
5255.169882	0.000000	1.867751
5270.076819	0.000000	1.872938
5270.359737	0.000000	1.886190
5285.163994	0.000000	1.874776
5285.166587	0.000000	1.873437
5300.066339	0.000000	1.863863
5300.061567	0.000000	1.860067
5315.148183	0.000000	1.848219
5315.426106	0.000000	1.850670
5330.060329	0.000000	1.842208
5330.054356	0.000000	1.852080
5345.140016	0.000000	1.833724
5360.048709	0.000000	1.824365
5360.035938	0.000000	1.813952
5375.131948	0.000000	1.833430
5375.133186	0.000000	1.815743
5390.036993	0.000000	1.818161
5390.036541	0.000000	1.809619
5405.120124	0.000000	1.807414
5405.121479	0.000000	1.796572
5420.012273	0.000000	1.787099
5420.022977	0.000000	1.792549
5435.105210	0.000000	1.787243
5435.107352	0.000000	1.781088
5450.007467	0.000000	1.776497
5450.015765	0.000000	1.776707
5465.093008	0.000000	1.755688
5465.102225	0.000000	1.766494
5480.188560	0.000000	1.739603
5480.190525	0.000000	1.749069
5495.084309	0.000000	1.726125
5495.088248	0.000000	1.731616
5510.175954	0.000000	1.728502
5510.176578	0.000000	1.735199
5525.078868	0.000000	1.720087
5525.076034	0.000000	1.715467
5540.165053	0.000000	1.706276
5540.161898	0.000000	1.701035
5555.075699	0.000000	1.678114
5570.160173	0.000000	1.684337
5570.147864	0.000000	1.674544
5583.223197	0.000000	1.666876
5585.061653	0.000000	1.670123
5600.152578	0.000000	1.660214
5600.145385	0.000000	1.647468
5615.043985	0.000000	1.650908
5615.040750	0.000000	1.646182
5630.145965	0.000000	1.636018
5630.132786	0.000000	1.631285
5645.039786	0.000000	1.620309
5645.028041	0.000000	1.610705
5660.113701	0.000000	1.594784
5660.119560	0.000000	1.601310
5675.026362	0.000000	1.584531
5675.019488	0.000000	1.584509
5690.117497	0.000000	1.576959
5690.107256	0.000000	1.560861
5705.015563	0.000000	1.561147
5705.007478	0.000000	1.552573
5720.097403	0.000000	1.538276
5720.092142	0.000000	1.544508
5735.179524	0.000000	1.516827
5735.184319	0.000000	1.523680
5750.090988	0.000000	1.512807
5750.089436	0.000000	1.508795
5765.173516	0.000000	1.491578
5765.165667	0.000000	1.475582
5780.087998	0.000000	1.486227
5780.078593	0.000000	1.481702
5795.164728	0.000000	1.461486
5795.178493	0.000000	1.469018
5810.069859	0.000000	1.446501
5810.074738	0.000000	1.434444
5825.152726	0.000000	1.422712
5825.162428	0.000000	1.426506
5840.061142	0.000000	1.397831
5840.064451	0.000000	1.408892
5855.151045	0.000000	1.388562
5855.152919	0.000000	1.386088
5870.039551	0.000000	1.354601
5885.132544	0.000000	1.333752
5885.139541	0.000000	1.336266
5900.034225	0.000000	1.322855
5900.033518	0.000000	1.316356
5915.129548	0.000000	1.299627
5915.121837	0.000000	1.296554
5930.034224	0.000000	1.283638
5930.022444	0.000000	1.277482
5945.114902	0.000000	1.262783
5945.118917	0.000000	1.272214
5960.197949	0.000000	1.235460
5960.194334	0.000000	1.231886
5975.093443	0.000000	1.208531
5975.086700	0.000000	1.207761
5990.193774	0.000000	1.186973
5990.190736	0.000000	1.204611
6005.090487	0.000000	1.161222
6005.093236	0.000000	1.161199
6020.179498	0.000000	1.149380
6020.169853	0.000000	1.135328
6035.078054	0.000000	1.111654
6035.074093	0.000000	1.106967
6050.165727	0.000000	1.094526
6050.165276	0.000000	1.084285
6065.060573	0.000000	1.057754
6065.065625	0.000000	1.058950
6080.155705	0.000000	1.037286
6080.159513	0.000000	1.042933
6095.053188	0.000000	1.006240
6095.056733	0.000000	1.004046
6110.146494	0.000000	0.980955
6110.141013	0.000000	0.973043
6125.049782	0.000000	0.976931
6125.049531	0.000000	0.975397
6140.133939	0.000000	0.924536
6146.015428	0.000000	0.938754
6155.041345	0.000000	0.887891
6170.125922	0.000000	0.871221
6170.124089	0.000000	0.861706
6185.022269	0.000000	0.834061
6185.026948	0.000000	0.834775
6200.109764	0.000000	0.795979
6200.108993	0.000000	0.796814
6215.198097	0.000000	0.768130
6215.199555	0.000000	0.773427
6230.104683	0.000000	0.733891
6230.107758	0.000000	0.735741
6245.185916	0.000000	0.698888
6245.191885	0.000000	0.700074
6260.087334	0.000000	0.660641
6260.088232	0.000000	0.666044
6275.178266	0.000000	0.632775
6275.182624	0.000000	0.626253
6290.081979	0.000000	0.586032
6290.084551	0.000000	0.590878
6305.169212	0.000000	0.563121
6305.163419	0.000000	0.549301
6320.070653	0.000000	0.525147
6320.067305	0.000000	0.514876
6335.160853	0.000000	0.482062
6350.061045	0.000000	0.455342
6350.052831	0.000000	0.438339
6365.139801	0.000000	0.400747
6365.145382	0.000000	0.391688
6380.059892	0.000000	0.368900
6380.044550	0.000000	0.349399
6395.135394	0.000000	0.316515
6395.125978	0.000000	0.305157
6410.040196	0.000000	0.282279
6410.037995	0.000000	0.275089
6425.129251	0.000000	0.238513
6425.129073	0.000000	0.233352
6440.027962	0.000000	0.192683
6440.022323	0.000000	0.190195
6455.120098	0.000000	0.154630
6455.111598	0.000000	0.134987
6470.196799	0.000000	0.092034
6470.196007	0.000000	0.096370
6485.105986	0.000000	0.047140
6485.103473	0.000000	0.055456
6500.190159	0.000000	-0.002853
6515.081739	0.000000	-0.061550
6515.091621	0.000000	-0.047578
6530.171125	0.000000	-0.102008
6530.180471	0.000000	-0.100657
6545.072376	0.000000	-0.164145
6545.073225	0.000000	-0.150631
6560.165595	0.000000	-0.212243
6560.164572	0.000000	-0.215204
6575.075676	0.000000	-0.250150
6575.060982	0.000000	-0.245523
6590.158241	0.000000	-0.313543
6590.147157	0.000000	-0.324487
6605.050840	0.000000	-0.372652
6620.138107	0.000000	-0.430494
6620.144535	0.000000	-0.429992
6635.052727	0.000000	-0.488069
6635.041519	0.000000	-0.492812
6650.138797	0.000000	-0.544096
6650.134880	0.000000	-0.547969
6665.037917	0.000000	-0.602822
6665.032970	0.000000	-0.608437
6680.125820	0.000000	-0.672230
6680.129555	0.000000	-0.661262
6695.213667	0.000000	-0.736987
6695.211414	0.000000	-0.735147
6710.119366	0.000000	-0.785972
6710.110715	0.000000	-0.793154
6725.200289	0.000000	-0.861405
6725.201447	0.000000	-0.862287
6740.116654	0.000000	-0.908301
6740.099075	0.000000	-0.929946
6755.195633	0.000000	-0.991395
6755.193258	0.000000	-1.007526
6770.084700	0.000000	-1.075756
6770.090533	0.000000	-1.060776
6785.176712	0.000000	-1.135518
6785.181060	0.000000	-1.133568
6800.081720	0.000000	-1.206631
6815.178262	0.000000	-1.269348
6815.170379	0.000000	-1.274306
6830.067288	0.000000	-1.346071
6830.065761	0.000000	-1.355852
6845.164844	0.000000	-1.421101
6845.162228	0.000000	-1.428610
6860.060569	0.000000	-1.502871
6860.063760	0.000000	-1.504324
6875.143479	0.000000	-1.576845
6875.147768	0.000000	-1.576984
6890.049659	0.000000	-1.651386
6890.037938	0.000000	-1.670740
6905.139424	0.000000	-1.735866
6905.137085	0.000000	-1.739493
6920.039728	0.000000	-1.810562
6920.032823	0.000000	-1.824289
6935.118943	0.000000	-1.897913
6935.124207	0.000000	-1.897121
6950.204788	0.000000	-1.983404
6950.215232	0.000000	-1.982809
6965.108547	0.000000	-2.066611
6980.204651	0.000000	-2.130573
6980.202079	0.000000	-2.139249
6995.092372	0.000000	-2.227794
6995.101085	0.000000	-2.219657
7010.187953	0.000000	-2.294434
7010.201196	0.000000	-2.280247
7025.091659	0.000000	-2.375163
7025.089727	0.000000	-2.378322
7040.187636	0.000000	-2.443858
7040.185263	0.000000	-2.445716
7055.074345	0.000000	-2.531126
7055.078742	0.000000	-2.525931
7070.165727	0.000000	-2.606830
7070.168848	0.000000	-2.608503
7085.066498	0.000000	-2.680415
7085.072356	0.000000	-2.675966
7100.158252	0.000000	-2.748179
7100.161032	0.000000	-2.749249
7115.061455	0.000000	-2.812524
7130.145675	0.000000	-2.893938
7130.154022	0.000000	-2.889515
7145.051155	0.000000	-2.926987
7145.057948	0.000000	-2.934616
7160.135221	0.000000	-3.010466
7160.137955	0.000000	-2.996517
7175.041845	0.000000	-3.037471
7175.036991	0.000000	-3.047525
7190.121524	0.000000	-3.093388
7190.125679	0.000000	-3.097698
7205.208059	0.000000	-3.119709
7205.218909	0.000000	-3.112747
7220.119503	0.000000	-3.140349
7220.106460	0.000000	-3.147540
7235.204220	0.000000	-3.148841
7235.203590	0.000000	-3.159367
7250.110481	0.000000	-3.149883
7250.099056	0.000000	-3.167233
7265.186164	0.000000	-3.153913
7280.088176	0.000000	-3.120024
7280.091874	0.000000	-3.126963
7295.182554	0.000000	-3.068643
7295.181807	0.000000	-3.079519
7310.092124	0.000000	-3.009245
7310.078635	0.000000	-3.001233
7325.168362	0.000000	-2.933215
7325.169021	0.000000	-2.931650
7340.069224	0.000000	-2.833841
7340.069246	0.000000	-2.800811
7355.151412	0.000000	-2.700911
7355.157982	0.000000	-2.683882
7370.055190	0.000000	-2.534493
7370.065833	0.000000	-2.520057
7385.142668	0.000000	-2.340908
7385.144879	0.000000	-2.338143
7400.054075	0.000000	-2.115892
7400.055802	0.000000	-2.107391
7415.133687	0.000000	-1.867639
7415.721731	0.000000	-1.981226
7430.221459	0.000000	-1.569341
7445.129240	0.000000	-1.262723
7445.128668	0.000000	-1.240294
7460.216139	0.000000	-0.894143
7460.212626	0.000000	-0.890595
7475.117146	0.000000	-0.494666
7475.115222	0.000000	-0.489796
7490.202801	0.000000	-0.056218
7490.198430	0.000000	-0.047269
7505.104820	0.000000	0.435078
7505.104703	0.000000	0.430590
7520.192519	0.000000	0.945502
7520.187341	0.000000	0.947390
7535.092397	0.000000	1.490473
7535.092564	0.000000	1.498562
7550.186170	0.000000	2.087559
7550.181834	0.000000	2.109461
7565.079700	0.000000	2.705218
7580.164427	0.000000	3.333532
7580.171864	0.000000	3.359430
7595.076297	0.000000	4.004484
7595.069011	0.000000	4.016836
7610.167026	0.000000	4.716852
7610.156247	0.000000	4.708948
7625.056357	0.000000	5.398431
7625.061759	0.000000	5.431205
7640.148074	0.000000	6.148900
7640.148852	0.000000	6.135366
7655.053907	0.000000	6.862190
7655.046628	0.000000	6.858999
7670.138845	0.000000	7.575844
7670.133684	0.000000	7.587611
7685.230302	0.000000	8.304141
7700.113314	0.000000	9.004236
7700.125509	0.000000	9.010269
7715.218388	0.000000	9.716217
7715.214062	0.000000	9.704950
7730.113899	0.000000	10.380897
7730.117979	0.000000	10.381887
7745.195008	0.000000	11.034955
7745.197685	0.000000	11.047997
7760.098103	0.000000	11.662261
7760.109262	0.000000	11.670728
7775.191255	0.000000	12.261737
7775.187478	0.000000	12.267745
7790.092253	0.000000	12.841622
7793.988311	0.000000	12.593853
7805.181443	0.000000	13.394667
7820.087875	0.000000	13.903021
7820.081731	0.000000	13.886673
7835.166437	0.000000	14.372488
7835.172434	0.000000	14.382253
7850.070653	0.000000	14.820988
7850.072302	0.000000	14.802985
7865.161266	0.000000	15.226060
7865.154595	0.000000	15.214363
7880.063248	0.000000	15.600460
7880.062236	0.000000	15.599864
7895.159534	0.000000	15.962273
7895.150127	0.000000	15.950726
7910.045759	0.000000	16.259511
7910.054495	0.000000	16.259444
7925.134188	0.000000	16.549484
7925.140877	0.000000	16.548589
7940.227287	0.000000	16.813811
7955.122990	0.000000	17.051718
7955.128322	0.000000	17.043252
7970.210005	0.000000	17.255086
7970.214453	0.000000	17.239606
7985.118758	0.000000	17.430361
7985.118745	0.000000	17.427379
8000.207685	0.000000	17.608661
8000.213557	0.000000	17.593223
8015.105076	0.000000	17.747091
8015.111256	0.000000	17.741955
8030.201080	0.000000	17.867833
8045.091669	0.000000	17.972049
8045.086721	0.000000	17.952365
8060.182258	0.000000	18.053847
8060.184549	0.000000	18.057167
8075.086767	0.000000	18.122920
8075.080950	0.000000	18.124730
8090.179278	0.000000	18.187984
8090.176271	0.000000	18.195256
8105.074781	0.000000	18.231468
8105.069538	0.000000	18.226086
8120.159392	0.000000	18.267128
8120.160361	0.000000	18.262465
8135.066574	0.000000	18.293557
8150.146616	0.000000	18.328618
8150.152749	0.000000	18.314896
8165.227270	0.000000	18.312611
8165.243535	0.000000	18.303313
8180.132079	0.000000	18.309696
8180.140456	0.000000	18.312459
8195.230246	0.000000	18.309079
8195.224711	0.000000	18.310655
8210.139435	0.000000	18.296416
8225.212630	0.000000	18.267835
8225.218813	0.000000	18.259781
8240.116978	0.000000	18.248651
8240.114697	0.000000	18.236316
8255.207973	0.000000	18.198873
8255.204228	0.000000	18.198949
8270.105872	0.000000	18.162567
8270.109403	0.000000	18.170424
8285.190865	0.000000	18.113130
8285.197807	0.000000	18.135276
8300.095441	0.000000	18.071680
8300.090341	0.000000	18.078040
8315.185593	0.000000	18.038344
8315.184382	0.000000	18.045554
8330.081489	0.000000	17.992205
8341.732767	0.000000	18.148014
8345.159527	0.000000	17.913742
8360.075938	0.000000	17.872516
8360.071566	0.000000	17.886054
8375.158946	0.000000	17.802905
8375.162657	0.000000	17.826142
8390.063135	0.000000	17.766403
8390.070419	0.000000	17.782221
8405.156308	0.000000	17.705193
8405.156617	0.000000	17.722983
8420.231850	0.000000	17.629763
8435.136425	0.000000	17.571007
8435.139934	0.000000	17.584979
8450.229852	0.000000	17.517830
8450.226076	0.000000	17.509774
8465.123741	0.000000	17.443941
8465.128891	0.000000	17.454262
8480.217775	0.000000	17.376690
8480.219726	0.000000	17.399582
8495.116931	0.000000	17.318455
8496.653450	0.000000	17.348334
8510.202609	0.000000	17.251344
8525.111465	0.000000	17.190374
8525.105486	0.000000	17.193663
8540.202764	0.000000	17.132897
8540.199900	0.000000	17.138133
8555.094563	0.000000	17.064535
8555.085496	0.000000	17.059839
8570.182927	0.000000	16.993148
8585.086139	0.000000	16.936444
8585.080031	0.000000	16.935697
8600.171501	0.000000	16.865745
8600.185008	0.000000	16.882159
8615.067904	0.000000	16.795148
8615.079517	0.000000	16.814195
8630.165986	0.000000	16.750343
8645.065186	0.000000	16.675298
8645.065868	0.000000	16.693538
8660.151748	0.000000	16.617928
8660.150326	0.000000	16.626697
8675.239155	0.000000	16.555393
8675.238901	0.000000	16.553678
8690.147849	0.000000	16.493858
8690.424493	0.000000	16.513097
8705.225626	0.000000	16.431669
8720.128632	0.000000	16.378483
8720.127831	0.000000	16.375626
8735.215491	0.000000	16.307838
8735.218097	0.000000	16.321583
8750.119111	0.000000	16.261062
8752.646376	0.000000	16.301977
8765.214217	0.000000	16.198174
8780.107392	0.000000	16.138761
8780.107910	0.000000	16.132340
8795.198632	0.000000	16.084115
8795.187247	0.000000	16.083471
8810.091146	0.000000	16.020760
8810.103021	0.000000	16.037887
8825.188144	0.000000	15.974236
8840.089116	0.000000	15.922616
8840.083482	0.000000	15.922156
8855.175519	0.000000	15.867302
8855.171639	0.000000	15.859320
8870.070200	0.000000	15.812175
8870.072130	0.000000	15.809552
8885.169442	0.000000	15.758687
8900.249123	0.000000	15.702136
8900.251073	0.000000	15.706128
8915.154265	0.000000	15.654900
8915.152756	0.000000	15.654858
8930.241617	0.000000	15.601885
8930.245520	0.000000	15.617008
8945.142205	0.000000	15.555818
8960.220280	0.000000	15.494122
8960.229765	0.000000	15.507189
8975.130969	0.000000	15.448580
8975.123627	0.000000	15.455738
8990.230691	0.000000	15.421124
8990.220805	0.000000	15.413880
9005.117287	0.000000	15.362612
9020.205720	0.000000	15.313673
9020.205101	0.000000	15.324069
9035.108546	0.000000	15.272477
9035.110672	0.000000	15.279314
9050.194760	0.000000	15.237301
9050.192791	0.000000	15.231560
9065.100937	0.000000	15.187642
9080.175774	0.000000	15.138370
9080.174791	0.000000	15.131064
9095.081675	0.000000	15.098449
9095.090920	0.000000	15.120776
9110.166271	0.000000	15.063865
9110.176194	0.000000	15.073932
9125.081611	0.000000	15.023174
9125.075669	0.000000	15.022633
9140.170535	0.000000	15.004366
9155.252758	0.000000	14.945874
9155.250013	0.000000	14.942013
9170.153395	0.000000	14.902238
9170.150068	0.000000	14.904455
9185.243191	0.000000	14.889987
9185.240560	0.000000	14.881282
9200.134511	0.000000	14.826375
9200.143416	0.000000	14.846485
9215.232364	0.000000	14.807151
9230.137245	0.000000	14.769790
9230.130203	0.000000	14.769300
9245.215124	0.000000	14.722912
9245.214848	0.000000	14.729256
9260.111077	0.000000	14.683195
9260.111477	0.000000	14.696545
9275.211641	0.000000	14.665438
9290.115142	0.000000	14.629754
9290.104292	0.000000	14.633493
9305.185433	0.000000	14.595676
9305.196653	0.000000	14.597275
9320.106540	0.000000	14.572316
9320.095954	0.000000	14.554065
9335.193243	0.000000	14.544967
9350.087102	0.000000	14.495778
9350.088656	0.000000	14.505645
9365.177582	0.000000	14.480409
9365.190053	0.000000	14.489420
9380.089500	0.000000	14.457771
9380.071661	0.000000	14.434866
9395.157985	0.000000	14.408963
9410.240992	0.000000	14.380865
9410.259144	0.000000	14.394099
9425.149775	0.000000	14.356062
9425.146306	0.000000	14.353762
9440.242360	0.000000	14.333964
9445.877289	0.000000	14.369913
9455.145323	0.000000	14.309614
9470.228225	0.000000	14.268187
9470.229310	0.000000	14.279212
9485.130213	0.000000	14.254310
9485.131701	0.000000	14.261631
9500.219209	0.000000	14.221564
9515.126334	0.000000	14.215012
9515.122670	0.000000	14.208004
9530.206326	0.000000	14.185392
9530.208764	0.000000	14.184152
9545.113311	0.000000	14.157001
9545.114154	0.000000	14.158071
9560.193641	0.000000	14.116728
9575.081703	0.000000	14.096185
9575.097787	0.000000	14.119654
9590.174393	0.000000	14.079970
9590.191924	0.000000	14.113236
9605.089454	0.000000	14.069055
9605.088607	0.000000	14.064134
9620.176430	0.000000	14.052363
9635.261928	0.000000	14.020178
9635.262891	0.000000	14.037137
9650.158513	0.000000	14.002156
9650.168456	0.000000	14.012162
9665.252836	0.000000	13.980863
9680.149768	0.000000	13.964316
9680.151782	0.000000	13.967081
9695.237469	0.000000	13.941144
9695.247824	0.000000	13.954690
9710.143982	0.000000	13.928466
9710.219045	0.000000	13.919852
9725.230297	0.000000	13.914595
9740.134402	0.000000	13.894015
9740.124478	0.000000	13.880037
9755.224585	0.000000	13.863337
9755.209437	0.000000	13.857175
9770.128240	0.000000	13.859453
9785.212318	0.000000	13.827845
9785.211239	0.000000	13.828445
9800.101444	0.000000	13.804353
9800.109244	0.000000	13.817771
9815.192128	0.000000	13.802825
9830.092902	0.000000	13.777411
9830.101827	0.000000	13.791329
9845.190529	0.000000	13.783849
9845.185171	0.000000	13.774302
9860.097947	0.000000	13.762088
9860.088686	0.000000	13.766271
9875.175308	0.000000	13.743497
9890.273564	0.000000	13.739184
9890.266000	0.000000	13.731357
9905.161527	0.000000	13.714871
9905.168183	0.000000	13.727692
9920.252725	0.000000	13.702610
9920.317424	0.000000	13.697504
9935.153460	0.000000	13.682941
9950.244988	0.000000	13.683967
9950.245307	0.000000	13.684574
9965.149015	0.000000	13.666686
9965.143023	0.000000	13.666549
9980.231738	0.000000	13.647147
9995.137975	0.000000	13.629403
9995.129398	0.000000	13.642959
10010.220112	0.000000	13.609191
10010.228433	0.000000	13.630201
10025.117395	0.000000	13.604863
10040.206458	0.000000	13.596895
10040.203612	0.000000	13.598031
10055.115141	0.000000	13.596783
10055.115360	0.000000	13.592941
10070.197411	0.000000	13.577687
10071.713348	0.000000	13.591476
10085.097569	0.000000	13.565474
10100.193776	0.000000	13.566637
10100.186261	0.000000	13.548365
10115.092024	0.000000	13.554432
10115.094782	0.000000	13.553231
10130.174193	0.000000	13.535647
10145.272083	0.000000	13.543472
10145.265663	0.000000	13.528805
10160.156510	0.000000	13.504129
10160.167887	0.000000	13.525300
10175.258638	0.000000	13.523985
10190.173608	0.000000	13.511222
10190.156260	0.000000	13.500731
10205.242393	0.000000	13.488479
10205.244552	0.000000	13.496725
10220.141350	0.000000	13.475492
10220.145931	0.000000	13.485651
10235.236453	0.000000	13.469329
10250.138648	0.000000	13.477305
10250.138361	0.000000	13.470966
10265.224944	0.000000	13.459425
10265.219088	0.000000	13.459468
10280.130607	0.000000	13.458814
10295.205555	0.000000	13.455135
10295.211373	0.000000	13.457482
10310.112859	0.000000	13.434713
10310.115256	0.000000	13.439043
10325.198753	0.000000	13.427168
10340.112094	0.000000	13.436390
10340.108312	0.000000	13.426391
10355.190378	0.000000	13.411107
10355.186288	0.000000	13.418079
10370.275847	0.000000	13.406046
10385.175978	0.000000	13.407864
10385.176033	0.000000	13.410004
10400.264201	0.000000	13.398112
10400.271119	0.000000	13.408512
10415.165568	0.000000	13.401882
10415.157438	0.000000	13.394955
10430.257649	0.000000	13.384300
10445.166302	0.000000	13.392324
10445.161389	0.000000	13.383321
10460.248862	0.000000	13.379623
10460.243187	0.000000	13.370786
10475.138329	0.000000	13.363439
10490.233951	0.000000	13.353772
10490.230832	0.000000	13.360747
10505.131584	0.000000	13.352361
10505.138207	0.000000	13.358805
10520.217619	0.000000	13.360230
10533.037455	0.000000	13.352804
10535.125862	0.000000	13.338464
10550.207878	0.000000	13.358542
10550.207146	0.000000	13.339135
10565.113348	0.000000	13.345727
10580.198357	0.000000	13.340418
10580.190004	0.000000	13.344129
10595.098152	0.000000	13.347048
10595.108209	0.000000	13.343208
10610.187696	0.000000	13.329726
10625.279504	0.000000	13.335800
10625.279720	0.000000	13.348941
10640.177254	0.000000	13.324619
10640.176278	0.000000	13.329794
10655.265268	0.000000	13.334190
10670.166250	0.000000	13.320619
10670.165724	0.000000	13.317777
10685.257590	0.000000	13.324998
10685.254893	0.000000	13.320339
10700.156322	0.000000	13.317846
10715.247989	0.000000	13.307597
10715.238355	0.000000	13.309329
10730.151559	0.000000	13.312018
10730.136074	0.000000	13.306983
10745.232875	0.000000	13.315657
10760.134104	0.000000	13.316210
10760.133440	0.000000	13.315067
10775.222290	0.000000	13.307445
10775.227116	0.000000	13.312123
10790.125107	0.000000	13.309506
10805.210883	0.000000	13.300852
10805.215985	0.000000	13.301336
10820.107468	0.000000	13.294692
10820.111584	0.000000	13.300947
10835.201569	0.000000	13.309861
10850.105190	0.000000	13.304756
10850.103846	0.000000	13.309923
10865.188790	0.000000	13.293382
10865.196234	0.000000	13.313319
10880.277566	0.000000	13.299923
10895.170554	0.000000	13.287729
10895.180237	0.000000	13.292886
10910.260658	0.000000	13.296134
10925.166627	0.000000	13.292369
10925.166886	0.000000	13.294063
10940.253975	0.000000	13.300937
10940.258947	0.000000	13.301458
10955.148151	0.000000	13.287839
10970.238319	0.000000	13.293483
10970.244466	0.000000	13.303095
10985.150217	0.000000	13.294211
10985.153837	0.000000	13.309872
11000.239181	0.000000	13.314991
11015.137189	0.000000	13.295637
11015.131870	0.000000	13.284054
11030.222771	0.000000	13.299316
11045.120782	0.000000	13.293576
11045.120257	0.000000	13.298473
11060.208849	0.000000	13.288165
11060.213828	0.000000	13.300058
11075.111577	0.000000	13.292940
11090.193365	0.000000	13.293354
11090.201425	0.000000	13.303461
11105.285477	0.000000	13.297007
11105.305767	0.000000	13.319039
11120.180906	0.000000	13.284124
11135.274364	0.000000	13.310352
11135.279331	0.000000	13.305973
11150.180768	0.000000	13.305148
11150.179142	0.000000	13.300203
11165.266332	0.000000	13.303019
11180.156030	0.000000	13.297233
11180.167460	0.000000	13.311423
11195.254079	0.000000	13.314753
11195.252709	0.000000	13.317638
11210.167804	0.000000	13.320076
11225.245771	0.000000	13.314930
11225.260824	0.000000	13.314065
11240.147421	0.000000	13.310610
11251.771115	0.000000	13.317278
11255.234352	0.000000	13.314824
11270.138842	0.000000	13.317094
11270.130531	0.000000	13.307665
11285.222557	0.000000	13.319839
11300.119247	0.000000	13.310716
11300.124686	0.000000	13.321575
11315.222585	0.000000	13.336114
11315.214858	0.000000	13.322572
11330.113730	0.000000	13.325656
11345.203321	0.000000	13.322541
11345.195707	0.000000	13.320546
11360.296806	0.000000	13.341927
11360.293615	0.000000	13.343022
11375.184498	0.000000	13.317879
11390.287751	0.000000	13.346215
11390.275831	0.000000	13.336755
11405.175807	0.000000	13.323083
11405.187590	0.000000	13.345022
11420.268690	0.000000	13.349249
11435.175246	0.000000	13.351837
11435.167801	0.000000	13.349932
11450.266942	0.000000	13.355257
11465.162412	0.000000	13.349623
11465.164126	0.000000	13.355337
11480.243984	0.000000	13.353310
11480.243815	0.000000	13.359190
11495.148059	0.000000	13.363267
11510.244175	0.000000	13.373008
11510.233728	0.000000	13.357674
11525.142417	0.000000	13.372521
11525.137445	0.000000	13.366062
11540.231579	0.000000	13.364157
11555.134654	0.000000	13.389196
11555.126561	0.000000	13.372920
11570.217493	0.000000	13.377766
11570.227265	0.000000	13.377833
11585.115235	0.000000	13.397442
11600.199925	0.000000	13.382751
11600.197299	0.000000	13.379711
11615.291333	0.000000	13.387511
11630.204262	0.000000	13.399952
11630.185695	0.000000	13.384135
11645.278993	0.000000	13.398258
11660.175255	0.000000	13.389540
11660.188645	0.000000	13.415028
11675.277261	0.000000	13.415332
11675.266389	0.000000	13.399378
11690.173311	0.000000	13.414783
11705.263321	0.000000	13.419638
11705.264705	0.000000	13.414467
11720.166377	0.000000	13.425266
11720.162998	0.000000	13.418537
11735.241480	0.000000	13.410632
11750.146875	0.000000	13.421211
11750.138629	0.000000	13.415689
11765.230572	0.000000	13.438487
11780.138999	0.000000	13.436494
11780.140193	0.000000	13.431911
11795.219893	0.000000	13.431988
11810.126768	0.000000	13.447289
11810.130316	0.000000	13.451317
11825.220050	0.000000	13.456552
11825.211252	0.000000	13.446850
11840.302650	0.000000	13.448225
11855.196729	0.000000	13.443819
11855.205322	0.000000	13.459839
11870.296157	0.000000	13.467460
11885.190619	0.000000	13.466864
11885.193883	0.000000	13.471480
11900.288081	0.000000	13.478814
11900.273259	0.000000	13.454860
11915.181247	0.000000	13.472158
11930.274645	0.000000	13.490853
11930.267311	0.000000	13.486808
11945.172806	0.000000	13.488316
11960.267361	0.000000	13.497014
11960.259581	0.000000	13.500924
11975.165058	0.000000	13.519339
11975.158556	0.000000	13.506216
11990.248470	0.000000	13.499426
12005.150632	0.000000	13.506187
12005.160505	0.000000	13.519990
12020.235304	0.000000	13.506340
12035.142806	0.000000	13.518252
12035.150923	0.000000	13.532168
12050.215857	0.000000	13.508311
12050.223189	0.000000	13.536627
12065.124904	0.000000	13.525375
12080.212701	0.000000	13.532333
12080.220746	0.000000	13.543867
12095.296360	0.000000	13.528529
12110.209714	0.000000	13.561550
12110.205787	0.000000	13.548926
12125.292818	0.000000	13.550626
12136.781587	0.000000	13.556954
12140.198492	0.000000	13.563466
12155.283346	0.000000	13.562065
12155.277587	0.000000	13.558639
12170.183638	0.000000	13.576511
12185.273478	0.000000	13.587291
12185.268235	0.000000	13.572501
12200.173385	0.000000	13.580587
12200.157866	0.000000	13.565146
12215.260763	0.000000	13.581735
12230.162204	0.000000	13.602707
12230.169433	0.000000	13.603565
12245.251118	0.000000	13.608268
12249.395938	0.000000	13.592156
12260.148250	0.000000	13.602239
12275.239273	0.000000	13.609792
12275.245197	0.000000	13.620919
12290.145902	0.000000	13.626922
12305.223015	0.000000	13.622034
12305.222260	0.000000	13.615760
12320.126852	0.000000	13.636119
12320.130926	0.000000	13.635119
12335.217330	0.000000	13.635995
12350.314524	0.000000	13.654652
12350.304885	0.000000	13.644800
12365.205421	0.000000	13.648054
12365.204184	0.000000	13.654659
12380.295899	0.000000	13.660160
12395.191584	0.000000	13.664432
12395.202985	0.000000	13.673694
12410.283039	0.000000	13.677370
12425.197081	0.000000	13.689853
12425.183034	0.000000	13.678285
12440.263999	0.000000	13.677585
12440.277830	0.000000	13.688570
12455.173394	0.000000	13.694085
12470.257923	0.000000	13.695961
12470.262735	0.000000	13.706513
12485.169748	0.000000	13.717536
12500.251704	0.000000	13.732376
12500.267632	0.000000	13.699700
12515.141844	0.000000	13.710491
12515.157870	0.000000	13.737330
12530.237398	0.000000	13.730971
12545.134697	0.000000	13.734426
12545.140713	0.000000	13.735219
12560.231352	0.000000	13.739857
12575.321223	0.000000	13.762416
12575.313895	0.000000	13.744510
12590.218861	0.000000	13.758603
12590.216516	0.000000	13.758678
12605.315029	0.000000	13.771566
12620.203542	0.000000	13.772526
12620.205498	0.000000	13.767725
12635.298794	0.000000	13.773246
12650.194686	0.000000	13.786202
12650.198976	0.000000	13.790152
12665.279783	0.000000	13.790501
12665.287800	0.000000	13.791030
12680.181650	0.000000	13.789275
12695.268334	0.000000	13.809046
12695.277115	0.000000	13.806621
12710.172352	0.000000	13.808878
12725.261780	0.000000	13.812314
12725.262006	0.000000	13.824702
12740.165267	0.000000	13.833753
12755.257734	0.000000	13.833225
12755.254259	0.000000	13.828738
12770.148864	0.000000	13.854069
12770.142643	0.000000	13.833502
12785.238544	0.000000	13.853580
12800.144026	0.000000	13.865874
12800.149185	0.000000	13.866447
12815.231312	0.000000	13.873903
12830.313257	0.000000	13.877182
12830.310698	0.000000	13.866341
12845.218150	0.000000	13.882497
12845.219815	0.000000	13.886231
12860.299068	0.000000	13.885205
12875.203691	0.000000	13.897347
12875.202597	0.000000	13.897599
12890.298690	0.000000	13.914122
12905.198679	0.000000	13.914305
12905.198201	0.000000	13.916712
12920.280710	0.000000	13.928943
12920.543956	0.000000	13.912725
12935.180996	0.000000	13.930859
12950.274481	0.000000	13.941901
12950.276845	0.000000	13.934113
12965.174571	0.000000	13.938204
12980.266240	0.000000	13.950584
12980.264363	0.000000	13.960664
12995.156225	0.000000	13.962468
13010.247363	0.000000	13.972673
13010.258008	0.000000	13.977743
13025.152944	0.000000	13.976208
13025.148707	0.000000	13.965071
13040.227873	0.000000	13.973469
13055.141605	0.000000	14.001425
13055.141661	0.000000	13.986251
13070.231470	0.000000	13.999467
13085.326028	0.000000	14.011340
13085.316474	0.000000	14.019077
13100.215827	0.000000	14.018494
13115.305075	0.000000	14.023918
13115.307855	0.000000	14.025757
13130.205823	0.000000	14.027901
13145.291404	0.000000	14.039858
13145.287936	0.000000	14.030776
13160.188109	0.000000	14.043029
13160.204185	0.000000	14.059113
13175.283702	0.000000	14.049812
13190.185928	0.000000	14.073903
13190.186962	0.000000	14.061426
13205.276083	0.000000	14.074942
13220.173343	0.000000	14.073410
13220.177304	0.000000	14.090918
13235.258307	0.000000	14.087268
13250.164822	0.000000	14.104107
13250.170310	0.000000	14.105033
13265.253236	0.000000	14.110194
13265.251109	0.000000	14.109404
13280.156442	0.000000	14.121818
13295.241777	0.000000	14.135061
13295.242811	0.000000	14.125834
13310.330254	0.000000	14.141287
13325.232885	0.000000	14.149279
13325.229761	0.000000	14.151024
13340.313151	0.000000	14.147749
13355.215619	0.000000	14.162791
13355.217823	0.000000	14.154748
13370.310767	0.000000	14.184187
13385.208232	0.000000	14.177948
13385.215389	0.000000	14.185751
13400.289417	0.000000	14.180732
13415.193850	0.000000	14.190018
13415.201250	0.000000	14.197537
13430.283514	0.000000	14.201570
13430.289971	0.000000	14.213405
13445.192775	0.000000	14.220558
13460.272077	0.000000	14.216961
13460.277282	0.000000	14.231879
13475.185498	0.000000	14.243878
13490.256149	0.000000	14.231953
13490.260276	0.000000	14.241727
13505.168559	0.000000	14.248863
13520.257050	0.000000	14.266123
13520.253309	0.000000	14.249640
13535.156599	0.000000	14.270830
13535.150964	0.000000	14.270562
13550.249494	0.000000	14.288453
13565.332461	0.000000	14.288923
13565.321737	0.000000	14.274317
13580.240927	0.000000	14.304345
13595.317222	0.000000	14.303055
