0       	 -1.551705	 -1.087338	 
0.000005	 -0.718292	 -0.157638	 
0.00001 	 0.242001 	 0.794284 	 
0.000015	 1.162687 	 1.601617 	 
0.00002 	 1.866649 	 2.124275 	 
0.000025	 2.240529 	 2.264038 	 
0.00003 	 2.20575  	 1.992564 	 
0.000035	 1.77648  	 1.362991 	 
0.00004 	 1.023892 	 0.486744 	 
0.000045	 0.086782 	 -0.47355 	 
0.00005 	 -0.862562	 -1.357843	 
0.000055	 -1.663771	 -1.995139	 
0.00006 	 -2.167102	 -2.277559	 
0.000065	 -2.280135	 -2.152933	 
0.00007 	 -1.9858  	 -1.635754	 
0.000075	 -1.334335	 -0.833257	 
0.00008 	 -0.445855	 0.120596 	 
0.000085	 0.522167 	 1.049976 	 
0.00009 	 1.393262 	 1.789361 	 
0.000095	 2.01253  	 2.20897  	 
0.0001  	 2.271767 	 2.224106 	 
0.000105	 2.119445 	 1.843463 	 
0.00011 	 1.586481 	 1.128874 	 
0.000115	 0.765623 	 0.211408 	 
0.00012 	 -0.192096	 -0.745665	 
0.000125	 -1.118575	 -1.570382	 
0.00013 	 -1.847005	 -2.117832	 
0.000135	 -2.246644	 -2.284643	 
0.00014 	 -2.240203	 -2.040867	 
0.000145	 -1.830582	 -1.428045	 
0.00015 	 -1.097321	 -0.565972	 
0.000155	 -0.164401	 0.398186 	 
0.00016 	 0.791707 	 1.28989  	 
0.000165	 1.605481 	 1.950056 	 
0.00017 	 2.128784 	 2.255021 	 
0.000175	 2.269834 	 2.154546 	 
0.00018 	 2.001581 	 1.664091 	 
0.000185	 1.372008 	 0.877368 	 
0.00019 	 0.495761 	 -0.068758	 
0.000195	 -0.47033 	 -1.006187	 
0.0002  	 -1.356233	 -1.764888	 
0.000205	 -1.999003	 -2.206712	 
0.00021 	 -2.284321	 -2.253406	 
0.000215	 -2.158086	 -1.894666	 
0.00022 	 -1.646703	 -1.198438	 
0.000225	 -0.839698	 -0.288061	 
0.00023 	 0.116087 	 0.670946 	 
0.000235	 1.049332 	 1.511448 	 
0.00024 	 1.788395 	 2.076614 	 
0.000245	 2.213156 	 2.268224 	 
0.00025 	 2.231512 	 2.051818 	 
0.000255	 1.853768 	 1.463465 	 
0.00026 	 1.137891 	 0.612658 	 
0.000265	 0.215272 	 -0.346348	 
0.00027 	 -0.741478	 -1.249319	 
0.000275	 -1.57167 	 -1.932021	 
0.00028 	 -2.121052	 -2.264677	 
0.000285	 -2.287541	 -2.194475	 
0.00029 	 -2.048274	 -1.726888	 
0.000295	 -1.437384	 -0.951764	 
0.0003  	 -0.570481	 -0.00725 	 
0.000305	 0.393033 	 0.934367 	 
0.00031 	 1.288602 	 1.708209 	 
0.000315	 1.951344 	 2.171292 	 
0.00032 	 2.262428 	 2.245682 	 
0.000325	 2.163241 	 1.916564 	 
0.00033 	 1.673108 	 1.237721 	 
0.000335	 0.886384 	 0.337966 	 
0.00034 	 -0.063928	 -0.623616	 
0.000345	 -1.004577	 -1.476028	 
0.00035 	 -1.764566	 -2.063409	 
0.000355	 -2.212831	 -2.285287	 
0.00036 	 -2.262423	 -2.096578	 
0.000365	 -1.904649	 -1.529162	 
0.00037 	 -1.207133	 -0.687055	 
0.000375	 -0.293213	 0.270984 	 
0.00038 	 0.666437 	 1.182653 	 
0.000385	 1.512092 	 1.879208 	 
0.00039 	 2.080801 	 2.236021 	 
0.000395	 2.274343 	 2.194479 	 
0.0004  	 2.059225 	 1.753294 	 
0.000405	 1.472804 	 0.996841 	 
0.00041 	 0.621031 	 0.059732 	 
0.000415	 -0.340874	 -0.88929 	 
0.00042 	 -1.248997	 -1.677618	 
0.000425	 -1.931055	 -2.168713	 
0.00043 	 -2.26822 	 -2.270796	 
0.000435	 -2.201238	 -1.965512	 
0.00044 	 -1.734617	 -1.306962	 
0.000445	 -0.959492	 -0.415262	 
0.00045 	 -0.014979	 0.548896 	 
0.000455	 0.932757 	 1.41194  	 
0.00046 	 1.708209 	 2.022191 	 
0.000465	 2.180631 	 2.266292 	 
0.00047 	 2.255343 	 2.103665 	 
0.000475	 1.925259 	 1.55782  	 
0.00048 	 1.248026 	 0.73503  	 
0.000485	 0.345051 	 -0.219146	 
0.00049 	 -0.618785	 -1.141117	 
0.000495	 -1.473129	 -1.85731 	 
0.0005  	 -2.06985 	 -2.240847	 
0.000505	 -2.291406	 -2.224746	 
0.00051 	 -2.101409	 -1.80643 	 
0.000515	 -1.535925	 -1.068338	 
0.00052 	 -0.697038	 -0.133808	 
0.000525	 0.264865 	 0.814249 	 
0.00053 	 1.181043 	 1.62126  	 
0.000535	 1.879208 	 2.132648 	 
0.00054 	 2.242784 	 2.261461 	 
0.000545	 2.200275 	 1.980971 	 
0.00055 	 1.762311 	 1.343991 	 
0.000555	 1.002638 	 0.465812 	 
0.00056 	 0.063918 	 -0.49577 	 
0.000565	 -0.885104	 -1.374266	 
0.00057 	 -1.679872	 -2.00641 	 
0.000575	 -2.175797	 -2.279491	 
0.00058 	 -2.282711	 -2.141662	 
0.000585	 -1.974207	 -1.622873	 
0.00059 	 -1.315335	 -0.808461	 
0.000595	 -0.420737	 0.140883 	 
0.0006  	 0.543421 	 1.071552 	 
0.000605	 1.41033  	 1.802565 	 
0.00061 	 2.024445 	 2.210902 	 
0.000615	 2.275309 	 2.221851 	 
0.00062 	 2.109784 	 1.830904 	 
0.000625	 1.568769 	 1.10923  	 
0.00063 	 0.744047 	 0.187578 	 
0.000635	 -0.212706	 -0.767241	 
0.00064 	 -1.137575	 -1.590348	 
0.000645	 -1.85892 	 -2.126205	 
0.00065 	 -2.246322	 -2.283999	 
0.000655	 -2.231186	 -2.02702 	 
0.00066 	 -1.817379	 -1.4113  	 
0.000665	 -1.076389	 -0.542464	 
0.00067 	 -0.141537	 0.421372 	 
0.000675	 0.811029 	 1.307601 	 
0.00068 	 1.619006 	 1.960039 	 
0.000685	 2.137801 	 2.257597 	 
0.00069 	 2.269834 	 2.149394 	 
0.000695	 1.992242 	 1.650887 	 
0.0007  	 1.354618 	 0.855147 	 
0.000705	 0.473219 	 -0.096131	 
0.00071 	 -0.489329	 -1.024864	 
0.000715	 -1.372334	 -1.777447	 
0.00072 	 -2.00963 	 -2.213797	 
0.000725	 -2.285609	 -2.25083 	 
0.00073 	 -2.151001	 -1.882107	 
0.000735	 -1.630924	 -1.180083	 
0.00074 	 -0.818766	 -0.263908	 
0.000745	 0.136697 	 0.693488 	 
0.00075 	 1.068332 	 1.526261 	 
0.000755	 1.807073 	 2.084987 	 
0.00076 	 2.217343 	 2.26919  	 
0.000765	 2.229902 	 2.040547 	 
0.00077 	 1.841209 	 1.446719 	 
0.000775	 1.116315 	 0.59237  	 
0.00078 	 0.193374 	 -0.366958	 
0.000785	 -0.765309	 -1.266709	 
0.00079 	 -1.588416	 -1.943614	 
0.000795	 -2.129747	 -2.266288	 
0.0008  	 -2.289796	 -2.18417 	 
0.000805	 -2.036681	 -1.710143	 
0.00081 	 -1.420961	 -0.93051 	 
0.000815	 -0.547617	 0.01819  	 
0.00082 	 0.417185 	 0.956587 	 
0.000825	 1.307923 	 1.724633 	 
0.00083 	 1.961649 	 2.182563 	 
0.000835	 2.26275  	 2.243428 	 
0.00084 	 2.157445 	 1.904005 	 
0.000845	 1.659904 	 1.218399 	 
0.00085 	 0.86352  	 0.314136 	 
0.000855	 -0.085504	 -0.64648 	 
0.00086 	 -1.023898	 -1.491163	 
0.000865	 -1.779057	 -2.07629 	 
0.00087 	 -2.217339	 -2.285931	 
0.000875	 -2.255983	 -2.086917	 
0.00088 	 -1.890801	 -1.508875	 
0.000885	 -1.187167	 -0.66709 	 
0.00089 	 -0.272925	 0.29417  	 
0.000895	 0.688335 	 1.201975 	 
0.0009  	 1.525295 	 1.891124 	 
0.000905	 2.088208 	 2.239563 	 
0.00091 	 2.276275 	 2.186428 	 
0.000915	 2.048598 	 1.73365  	 
0.00092 	 1.455736 	 0.975265 	 
0.000925	 0.600743 	 0.035902 	 
0.00093 	 -0.364382	 -0.908934	 
0.000935	 -1.26542 	 -1.69533 	 
0.00094 	 -1.94458 	 -2.177085	 
0.000945	 -2.27466 	 -2.268864	 
0.00095 	 -2.192865	 -1.952953	 
0.000955	 -1.720448	 -1.28764 	 
0.00096 	 -0.940171	 -0.393686	 
0.000965	 0.007563 	 0.57015  	 
0.00097 	 0.953689 	 1.43255  	 
0.000975	 1.723345 	 2.029276 	 
0.00098 	 2.184174 	 2.267258 	 
0.000985	 2.250834 	 2.093682 	 
0.00099 	 1.913666 	 1.544295 	 
0.000995	 1.229026 	 0.71603  	 
0.001   	 0.32122  	 -0.242332	 
0.001005	 -0.641327	 -1.162371	 
0.00101 	 -1.492773	 -1.87148 	 
0.001015	 -2.075968	 -2.247288	 
0.00102 	 -2.290762	 -2.220559	 
0.001025	 -2.094646	 -1.793549	 
0.00103 	 -1.519502	 -1.04483 	 
0.001035	 -0.673208	 -0.113198	 
0.00104 	 0.289017 	 0.837436 	 
0.001045	 1.199399 	 1.636718 	 
0.00105 	 1.89209  	 2.140699 	 
0.001055	 2.247614 	 2.259529 	 
0.00106 	 2.193512 	 1.970022 	 
0.001065	 1.743311 	 1.324347 	 
0.00107 	 0.984282 	 0.443914 	 
0.001075	 0.042986 	 -0.520888	 
0.00108 	 -0.907646	 -1.392944	 
0.001085	 -1.695008	 -2.016071	 
0.00109 	 -2.18256 	 -2.281423	 
0.001095	 -2.27627 	 -2.137798	 
0.0011  	 -1.96358 	 -1.605805	 
0.001105	 -1.298267	 -0.789461	 
0.00111 	 -0.399161	 0.168256 	 
0.001115	 0.564676 	 1.090552 	 
0.00112 	 1.428685 	 1.818344 	 
0.001125	 2.035072 	 2.217343 	 
0.00113 	 2.275309 	 2.217343 	 
0.001135	 2.103343 	 1.816412 	 
0.00114 	 1.553634 	 1.089908 	 
0.001145	 0.722471 	 0.164714 	 
0.00115 	 -0.236536	 -0.789139	 
0.001155	 -1.159795	 -1.605805	 
0.00116 	 -1.8747  	 -2.133289	 
0.001165	 -2.25244 	 -2.282067	 
0.00117 	 -2.22539 	 -2.017681	 
0.001175	 -1.801599	 -1.393266	 
0.00118 	 -1.054491	 -0.520888	 
0.001185	 -0.118351	 0.443592 	 
0.00119 	 0.831639 	 1.325957 	 
0.001195	 1.637684 	 1.970988 	 
0.0012  	 2.145852 	 2.259529 	 
0.001205	 2.266292 	 2.141343 	 
0.00121 	 1.97614  	 1.634464 	 
0.001215	 1.336262 	 0.834537 	 
0.00122 	 0.450677 	 -0.114809	 
0.001225	 -0.516058	 -1.045474	 
0.00123 	 -1.391656	 -1.793226	 
0.001235	 -2.021867	 -2.220237	 
0.00124 	 -2.28883 	 -2.246   	 
0.001245	 -2.14295 	 -1.87148 	 
0.00125 	 -1.616432	 -1.159473	 
0.001255	 -0.798478	 -0.241044	 
0.00126 	 0.159561 	 0.715708 	 
0.001265	 1.09023  	 1.544939 	 
0.00127 	 1.818988 	 2.092716 	 
0.001275	 2.221529 	 2.267902 	 
0.00128 	 2.225394 	 2.030886 	 
0.001285	 1.826395 	 1.430618 	 
0.00129 	 1.098925 	 0.568218 	 
0.001295	 0.171798 	 -0.394008	 
0.0013  	 -0.784952	 -1.290539	 
0.001305	 -1.607416	 -1.954563	 
0.00131 	 -2.141018	 -2.267898	 
0.001315	 -2.289474	 -2.177085	 
0.00132 	 -2.027986	 -1.695652	 
0.001325	 -1.404215	 -0.910544	 
0.00133 	 -0.528617	 0.0388   	 
0.001335	 0.437795 	 0.975909 	 
0.00134 	 1.327567 	 1.737514 	 
0.001345	 1.975174 	 2.187072 	 
0.00135 	 2.26597  	 2.239241 	 
0.001355	 2.148106 	 1.89048  	 
0.00136 	 1.645091 	 1.202619 	 
0.001365	 0.84291  	 0.293526 	 
0.00137 	 -0.108368	 -0.666124	 
0.001375	 -1.045474	 -1.509197	 
0.00138 	 -1.793549	 -2.085951	 
0.001385	 -2.225068	 -2.287863	 
0.00139 	 -2.252762	 -2.077578	 
0.001395	 -1.880496	 -1.491807	 
0.0014  	 -1.170744	 -0.64487 	 
0.001405	 -0.249739	 0.31639  	 
0.00141 	 0.710877 	 1.222585 	 
0.001415	 1.543329 	 1.903683 	 
0.00142 	 2.098835 	 2.244394 	 
0.001425	 2.274665 	 2.178377 	 
0.00143 	 2.040547 	 1.71948  	 
0.001435	 1.43738  	 0.954655 	 
0.00144 	 0.577879 	 0.012715 	 
0.001445	 -0.385636	 -0.928578	 
0.00145 	 -1.286996	 -1.709177	 
0.001455	 -1.956495	 -2.184492	 
0.00146 	 -2.274982	 -2.265643	 
0.001465	 -2.186102	 -1.945224	 
0.00147 	 -1.704024	 -1.270251	 
0.001475	 -0.918273	 -0.371788	 
0.00148 	 0.030427 	 0.589794 	 
0.001485	 0.973655 	 1.446075 	 
0.00149 	 1.740734 	 2.039903 	 
0.001495	 2.188682 	 2.267902 	 
0.0015  	 2.249224 	 2.084343 	 
0.001505	 1.900463 	 1.526583 	 
0.00151 	 1.208094 	 0.691234 	 
0.001515	 0.299966 	 -0.26423 	 
0.00152 	 -0.663869	 -1.178473	 
0.001525	 -1.509519	 -1.884361	 
0.00153 	 -2.087239	 -2.250186	 
0.001535	 -2.293338	 -2.213475	 
0.00154 	 -2.084985	 -1.776803	 
0.001545	 -1.502434	 -1.027763	 
0.00155 	 -0.65292 	 -0.08969 	 
0.001555	 0.311882 	 0.859656 	 
0.00156 	 1.219687 	 1.65443  	 
0.001565	 1.906259 	 2.146174 	 
0.00157 	 2.250512 	 2.258241 	 
0.001575	 2.188038 	 1.95875  	 
0.00158 	 1.730429 	 1.307601 	 
0.001585	 0.963672 	 0.418796 	 
0.00159 	 0.019478 	 -0.542142	 
0.001595	 -0.926968	 -1.410656	 
0.0016  	 -1.710465	 -2.029918	 
0.001605	 -2.188678	 -2.283033	 
0.00161 	 -2.272728	 -2.128137	 
0.001615	 -1.951987	 -1.59067 	 
0.00162 	 -1.27959 	 -0.770139	 
0.001625	 -0.375975	 0.190798 	 
0.00163 	 0.586896 	 1.110518 	 
0.001635	 1.444465 	 1.830581 	 
0.00164 	 2.046343 	 2.224106 	 
0.001645	 2.275953 	 2.211546 	 
0.00165 	 2.095936 	 1.804497 	 
0.001655	 1.535278 	 1.068654 	 
0.00166 	 0.698962 	 0.143782 	 
0.001665	 -0.260366	 -0.812325	 
0.00167 	 -1.17815 	 -1.620619	 
0.001675	 -1.885005	 -2.141662	 
0.00168 	 -2.255339	 -2.279813	 
0.001685	 -2.22378 	 -2.00641 	 
0.00169 	 -1.786464	 -1.372978	 
0.001695	 -1.035169	 -0.496736	 
0.0017  	 -0.095809	 0.466456 	 
0.001705	 0.855791 	 1.345601 	 
0.00171 	 1.652498 	 1.985157 	 
0.001715	 2.151004 	 2.262106 	 
0.00172 	 2.264038 	 2.131682 	 
0.001725	 1.967767 	 1.618362 	 
0.00173 	 1.316618 	 0.814249 	 
0.001735	 0.428779 	 -0.136707	 
0.00174 	 -0.536346	 -1.067694	 
0.001745	 -1.410012	 -1.805786	 
0.00175 	 -2.030562	 -2.226034	 
0.001755	 -2.287219	 -2.243745	 
0.00176 	 -2.1349  	 -1.859242	 
0.001765	 -1.596467	 -1.140473	 
0.00177 	 -0.775936	 -0.218502	 
0.001775	 0.184035 	 0.738894 	 
0.00178 	 1.108586 	 1.559108 	 
0.001785	 1.834768 	 2.103665 	 
0.00179 	 2.22797  	 2.268224 	 
0.001795	 2.217665 	 2.020903 	 
0.0018  	 1.812548 	 1.41194  	 
0.001805	 1.077027 	 0.545998 	 
0.00181 	 0.148612 	 -0.413974	 
0.001815	 -0.808783	 -1.307606	 
0.00182 	 -1.621263	 -1.966478	 
0.001825	 -2.145849	 -2.272084	 
0.00183 	 -2.286897	 -2.171289	 
0.001835	 -2.018003	 -1.678906	 
0.00184 	 -1.385537	 -0.888002	 
0.001845	 -0.504143	 0.060376 	 
0.00185 	 0.461304 	 0.994909 	 
0.001855	 1.344957 	 1.75265  	 
0.00186 	 1.986445 	 2.192868 	 
0.001865	 2.26919  	 2.236987 	 
0.00187 	 2.142309 	 1.879852 	 
0.001875	 1.628345 	 1.181687 	 
0.00188 	 0.823588 	 0.269696 	 
0.001885	 -0.13091 	 -0.6877  	 
0.00189 	 -1.064152	 -1.526264	 
0.001895	 -1.80804 	 -2.093358	 
0.0019  	 -2.227   	 -2.283677	 
0.001905	 -2.248898	 -2.064375	 
0.00191 	 -1.866327	 -1.473773	 
0.001915	 -1.150456	 -0.622005	 
0.00192 	 -0.228807	 0.338932 	 
0.001925	 0.732776 	 1.241585 	 
0.00193 	 1.562007 	 1.918174 	 
0.001935	 2.107208 	 2.246004 	 
0.00194 	 2.274021 	 2.174835 	 
0.001945	 2.02831  	 1.706921 	 
0.00195 	 1.419024 	 0.934045 	 
0.001955	 0.555981 	 -0.010149	 
0.00196 	 -0.410754	 -0.951764	 
0.001965	 -1.307284	 -1.724634	 
0.00197 	 -1.967444	 -2.189645	 
0.001975	 -2.278203	 -2.265321	 
0.00198 	 -2.177729	 -1.933631	 
0.001985	 -1.689855	 -1.252539	 
0.00199 	 -0.896053	 -0.34828 	 
0.001995	 0.053935 	 0.612658 	 
0.002   	 0.991367 	 1.464109 	 
0.002005	 1.754582 	 2.052462 	 
0.00201 	 2.197699 	 2.26758  	 
0.002015	 2.24375  	 2.075004 	 
0.00202 	 1.885327 	 1.510159 	 
0.002025	 1.189416 	 0.671268 	 
0.00203 	 0.275492 	 -0.286773	 
0.002035	 -0.684157	 -1.198116	 
0.00204 	 -1.524654	 -1.89531 	 
0.002045	 -2.096578	 -2.255339	 
0.00205 	 -2.29527 	 -2.208322	 
0.002055	 -2.073714	 -1.764566	 
0.00206 	 -1.4844  	 -1.007475	 
0.002065	 -0.6307  	 -0.067792	 
0.00207 	 0.336034 	 0.879622 	 
0.002075	 1.237076 	 1.666023 	 
0.00208 	 1.918818 	 2.154224 	 
0.002085	 2.254055 	 2.255343 	 
0.00209 	 2.179665 	 1.948767 	 
0.002095	 1.71626  	 1.290534 	 
0.0021  	 0.942418 	 0.39883  	 
0.002105	 -0.006284	 -0.56404 	 
0.00211 	 -0.948543	 -1.428689	 
0.002115	 -1.724956	 -2.038935	 
0.00212 	 -2.195441	 -2.284321	 
0.002125	 -2.272406	 -2.118476	 
0.00213 	 -1.93975 	 -1.572636	 
0.002135	 -1.25898 	 -0.746953	 
0.00214 	 -0.353111	 0.212696 	 
0.002145	 0.606862 	 1.130806 	 
0.00215 	 1.463143 	 1.844429 	 
0.002155	 2.053428 	 2.226038 	 
0.00216 	 2.276275 	 2.20736  	 
0.002165	 2.084665 	 1.789683 	 
0.00217 	 1.519498 	 1.049654 	 
0.002175	 0.679318 	 0.117697 	 
0.00218 	 -0.28323 	 -0.832613	 
0.002185	 -1.196184	 -1.637364	 
0.00219 	 -1.901106	 -2.151001	 
0.002195	 -2.259525	 -2.277881	 
0.0022  	 -2.216051	 -1.994817	 
0.002205	 -1.774549	 -1.358165	 
0.00221 	 -1.01456 	 -0.475482	 
0.002215	 -0.075199	 0.48932  	 
0.00222 	 0.874791 	 1.364279 	 
0.002225	 1.666989 	 1.991276 	 
0.00223 	 2.159377 	 2.263394 	 
0.002235	 2.261784 	 2.124597 	 
0.00224 	 1.955852 	 1.604193 	 
0.002245	 1.298585 	 0.792995 	 
0.00225 	 0.405592 	 -0.158605	 
0.002255	 -0.560176	 -1.087016	 
0.00226 	 -1.428367	 -1.820277	 
0.002265	 -2.042155	 -2.23022 	 
0.00227 	 -2.29044 	 -2.239237	 
0.002275	 -2.123951	 -1.844751	 
0.00228 	 -1.582297	 -1.119541	 
0.002285	 -0.755004	 -0.196604	 
0.00229 	 0.204001 	 0.758538 	 
0.002295	 1.127908 	 1.576498 	 
0.0023  	 1.845073 	 2.111716 	 
0.002305	 2.230868 	 2.26597  	 
0.00231 	 2.214123 	 2.011242 	 
0.002315	 1.79709  	 1.392296 	 
0.00232 	 1.058671 	 0.522812 	 
0.002325	 0.127358 	 -0.437804	 
0.00233 	 -0.829071	 -1.324674	 
0.002335	 -1.636398	 -1.977749	 
0.00234 	 -2.154865	 -2.275304	 
0.002345	 -2.285287	 -2.164204	 
0.00235 	 -2.004478	 -1.665381	 
0.002355	 -1.365572	 -0.867714	 
0.00236 	 -0.480634	 0.083562 	 
0.002365	 0.483524 	 1.015197 	 
0.00237 	 1.362669 	 1.768107 	 
0.002375	 1.996106 	 2.198343 	 
0.00238 	 2.268546 	 2.231512 	 
0.002385	 2.13297  	 1.864717 	 
0.00239 	 1.612244 	 1.162043 	 
0.002395	 0.80169  	 0.247475 	 
0.0024  	 -0.152808	 -0.710564	 
0.002405	 -1.083152	 -1.542688	 
0.00241 	 -1.821243	 -2.103019	 
0.002415	 -2.235695	 -2.283033	 
0.00242 	 -2.246   	 -2.055358	 
0.002425	 -1.853446	 -1.457672	 
0.00243 	 -1.126948	 -0.603328	 
0.002435	 -0.202401	 0.36083  	 
0.00244 	 0.754352 	 1.257042 	 
0.002445	 1.578752 	 1.928479 	 
0.00245 	 2.11397  	 2.251156 	 
0.002455	 2.274021 	 2.167428 	 
0.00246 	 2.020259 	 1.691141 	 
0.002465	 1.404211 	 0.913435 	 
0.00247 	 0.532794 	 -0.034301	 
0.002475	 -0.43394 	 -0.972052	 
0.00248 	 -1.323708	 -1.73977 	 
0.002485	 -1.977749	 -2.195119	 
0.00249 	 -2.279813	 -2.260813	 
0.002495	 -2.171289	 -1.917852	 
0.0025  	 -1.67311 	 -1.231929	 
0.002505	 -0.874799	 -0.325416	 
0.00251 	 0.073257 	 0.633912 	 
0.002515	 1.012299 	 1.481821 	 
0.00252 	 1.768107 	 2.058903 	 
0.002525	 2.202207 	 2.269512 	 
0.00253 	 2.239563 	 2.067276 	 
0.002535	 1.875022 	 1.49438  	 
0.00254 	 1.170416 	 0.64937  	 
0.002545	 0.253916 	 -0.311569	 
0.00255 	 -0.705089	 -1.218726	 
0.002555	 -1.544298	 -1.906259	 
0.00256 	 -2.104629	 -2.256627	 
0.002565	 -2.29366 	 -2.204136	 
0.00257 	 -2.065019	 -1.747498	 
0.002575	 -1.466367	 -0.987187	 
0.00258 	 -0.60848 	 -0.042352	 
0.002585	 0.356966 	 0.898622 	 
0.00259 	 1.257364 	 1.684057 	 
0.002595	 1.931056 	 2.161309 	 
0.0026  	 2.255343 	 2.253089 	 
0.002605	 2.176445 	 1.93653  	 
0.00261 	 1.700802 	 1.272178 	 
0.002615	 0.920198 	 0.375966 	 
0.00262 	 -0.025284	 -0.587226	 
0.002625	 -0.970441	 -1.446401	 
0.00263 	 -1.742024	 -2.04924 	 
0.002635	 -2.202204	 -2.284643	 
0.00264 	 -2.269186	 -2.109781	 
0.002645	 -1.927191	 -1.555569	 
0.00265 	 -1.239336	 -0.724733	 
0.002655	 -0.333145	 0.233306 	 
0.00266 	 0.632624 	 1.151416 	 
0.002665	 1.480855 	 1.858276 	 
0.00267 	 2.065343 	 2.230546 	 
0.002675	 2.275631 	 2.203173 	 
0.00268 	 2.077259 	 1.775514 	 
0.002685	 1.501787 	 1.03001  	 
0.00269 	 0.656454 	 0.096765 	 
0.002695	 -0.30545 	 -0.853867	 
0.0027  	 -1.216472	 -1.653788	 
0.002705	 -1.911089	 -2.155509	 
0.00271 	 -2.261457	 -2.275304	 
0.002715	 -2.21122 	 -1.985156	 
0.00272 	 -1.757159	 -1.340131	 
0.002725	 -0.996204	 -0.45133 	 
0.00273 	 -0.049758	 0.512829 	 
0.002735	 0.896689 	 1.382313 	 
0.00274 	 1.684701 	 2.003835 	 
0.002745	 2.165496 	 2.266292 	 
0.00275 	 2.258563 	 2.117513 	 
0.002755	 1.944259 	 1.588735 	 
0.00276 	 1.279263 	 0.770775 	 
0.002765	 0.38305  	 -0.179859	 
0.00277 	 -0.581752	 -1.10666 	 
0.002775	 -1.447045	 -1.835412	 
0.00278 	 -2.053104	 -2.230864	 
0.002785	 -2.290118	 -2.234729	 
0.00279 	 -2.116544	 -1.831548	 
0.002795	 -1.565874	 -1.098931	 
0.0028  	 -0.73375 	 -0.174062	 
0.002805	 0.228476 	 0.779148 	 
0.00281 	 1.146586 	 1.592922 	 
0.002815	 1.860853 	 2.122665 	 
0.00282 	 2.236343 	 2.262428 	 
0.002825	 2.207682 	 2.002225 	 
0.00283 	 1.783243 	 1.37555  	 
0.002835	 1.037417 	 0.502202 	 
0.00284 	 0.102562 	 -0.461313	 
0.002845	 -0.849036	 -1.345284	 
0.00285 	 -1.654754	 -1.989664	 
0.002855	 -2.160662	 -2.276914	 
0.00286 	 -2.282389	 -2.154543	 
0.002865	 -1.992563	 -1.649923	 
0.00287 	 -1.346572	 -0.846138	 
0.002875	 -0.460025	 0.102884 	 
0.00288 	 0.507354 	 1.036773 	 
0.002885	 1.381991 	 1.780988 	 
0.00289 	 2.004479 	 2.203173 	 
0.002895	 2.271122 	 2.231512 	 
0.0029  	 2.124597 	 1.854412 	 
0.002905	 1.596464 	 1.141755 	 
0.00291 	 0.78108  	 0.224933 	 
0.002915	 -0.175994	 -0.73214 	 
0.00292 	 -1.103118	 -1.559111	 
0.002925	 -1.836056	 -2.11268 	 
0.00293 	 -2.244712	 -2.286575	 
0.002935	 -2.240203	 -2.043443	 
0.00294 	 -1.839921	 -1.442215	 
0.002945	 -1.108914	 -0.578854	 
0.00295 	 -0.180181	 0.384016 	 
0.002955	 0.775928 	 1.277008 	 
0.00296 	 1.592278 	 1.941683 	 
0.002965	 2.122343 	 2.254377 	 
0.00297 	 2.271122 	 2.160987 	 
0.002975	 2.008021 	 1.677938 	 
0.00298 	 1.385211 	 0.893469 	 
0.002985	 0.50993  	 -0.054911	 
0.00299 	 -0.455194	 -0.991695	 
0.002995	 -1.340131	 -1.753295	 
0.003   	 -1.992241	 -2.20478 	 
0.003005	 -2.283033	 -2.257593	 
0.00301 	 -2.16517 	 -1.907869	 
0.003015	 -1.656686	 -1.213574	 
0.00302 	 -0.856121	 -0.30384 	 
0.003025	 0.102884 	 0.658064 	 
0.00303 	 1.034841 	 1.50082  	 
0.003035	 1.781311 	 2.070174 	 
0.00304 	 2.20897  	 2.2708   	 
0.003045	 2.236987 	 2.057937 	 
0.00305 	 1.865039 	 1.476024 	 
0.003055	 1.150772 	 0.625861 	 
0.00306 	 0.231052 	 -0.333467	 
0.003065	 -0.730207	 -1.235794	 
0.00307 	 -1.560077	 -1.92236 	 
0.003075	 -2.116222	 -2.261457	 
0.00308 	 -2.29044 	 -2.195763	 
0.003085	 -2.055036	 -1.734617	 
0.00309 	 -1.448333	 -0.964967	 
0.003095	 -0.58626 	 -0.02303 	 
0.0031  	 0.376932 	 0.921808 	 
0.003105	 1.277652 	 1.697582 	 
0.00311 	 1.944259 	 2.166462 	 
0.003115	 2.260495 	 2.249224 	 
0.00312 	 2.168394 	 1.926225 	 
0.003125	 1.683413 	 1.252534 	 
0.00313 	 0.898944 	 0.355678 	 
0.003135	 -0.045894	 -0.607836	 
0.00314 	 -0.989441	 -1.463146	 
0.003145	 -1.756515	 -2.060833	 
0.00315 	 -2.208322	 -2.284643	 
0.003155	 -2.267576	 -2.09851 	 
0.00316 	 -1.913665	 -1.538823	 
0.003165	 -1.221624	 -0.702191	 
0.00317 	 -0.309315	 0.254238 	 
0.003175	 0.651624 	 1.168806 	 
0.00318 	 1.499532 	 1.871802 	 
0.003185	 2.074038 	 2.234089 	 
0.00319 	 2.274343 	 2.196411 	 
0.003195	 2.066631 	 1.761989 	 
0.0032  	 1.485363 	 1.010044 	 
0.003205	 0.63681  	 0.072935 	 
0.00321 	 -0.328314	 -0.873511	 
0.003215	 -1.235472	 -1.668279	 
0.00322 	 -1.924292	 -2.168713	 
0.003225	 -2.268542	 -2.275304	 
0.00323 	 -2.204458	 -1.973885	 
0.003235	 -1.743956	 -1.318555	 
0.00324 	 -0.97173 	 -0.43072 	 
0.003245	 -0.028504	 0.53215  	 
0.00325 	 0.917299 	 1.400025 	 
0.003255	 1.699836 	 2.015106 	 
0.00326 	 2.173224 	 2.267258 	 
0.003265	 2.258241 	 2.111394 	 
0.00327 	 1.93492  	 1.57199  	 
0.003275	 1.260907 	 0.749843 	 
0.00328 	 0.361796 	 -0.203689	 
0.003285	 -0.60365 	 -1.126304	 
0.00329 	 -1.463468	 -1.848616	 
0.003295	 -2.062121	 -2.237627	 
0.0033  	 -2.29044 	 -2.229254	 
0.003305	 -2.109137	 -1.818989	 
0.00331 	 -1.54784 	 -1.079609	 
0.003315	 -0.70992 	 -0.150554	 
0.00332 	 0.251018 	 0.799758 	 
0.003325	 1.167518 	 1.610955 	 
0.00333 	 1.873734 	 2.127818 	 
0.003335	 2.240529 	 2.262106 	 
0.00334 	 2.203173 	 1.987733 	 
0.003345	 1.772294 	 1.357516 	 
0.00335 	 1.017129 	 0.480303 	 
0.003355	 0.078732 	 -0.481279	 
0.00336 	 -0.872867	 -1.361707	 
0.003365	 -1.669889	 -2.000935	 
0.00337 	 -2.168391	 -2.279813	 
0.003375	 -2.283355	 -2.148425	 
0.00338 	 -1.983224	 -1.632212	 
0.003385	 -1.328216	 -0.826172	 
0.00339 	 -0.438771	 0.128968 	 
0.003395	 0.528286 	 1.057061 	 
0.0034  	 1.398736 	 1.793548 	 
0.003405	 2.018649 	 2.208326 	 
0.00341 	 2.274021 	 2.224106 	 
0.003415	 2.116225 	 1.83992  	 
0.00342 	 1.579718 	 1.122111 	 
0.003425	 0.759826 	 0.203035 	 
0.00343 	 -0.198536	 -0.753716	 
0.003435	 -1.12566 	 -1.577145	 
0.00344 	 -1.85087 	 -2.122018	 
0.003445	 -2.242457	 -2.282389	 
0.00345 	 -2.236983	 -2.037969	 
0.003455	 -1.827684	 -1.423215	 
0.00346 	 -1.089592	 -0.556633	 
0.003465	 -0.156672	 0.406881 	 
0.00347 	 0.797504 	 1.298262 	 
0.003475	 1.610633 	 1.951344 	 
0.00348 	 2.132004 	 2.254377 	 
0.003485	 2.268546 	 2.15358  	 
0.00349 	 1.999005 	 1.660548 	 
0.003495	 1.367821 	 0.871571 	 
0.0035  	 0.486744 	 -0.077453	 
0.003505	 -0.47677 	 -1.012627	 
0.00351 	 -1.361385	 -1.771006	 
0.003515	 -2.002546	 -2.208322	 
0.00352 	 -2.284321	 -2.253728	 
0.003525	 -2.156798	 -1.892412	 
0.00353 	 -1.644771	 -1.192642	 
0.003535	 -0.834867	 -0.279044	 
0.00354 	 0.122206 	 0.678352 	 
0.003545	 1.055129 	 1.517566 	 
0.00355 	 1.79548  	 2.079513 	 
0.003555	 2.213156 	 2.268868 	 
0.00356 	 2.232478 	 2.049242 	 
0.003565	 1.848937 	 1.459278 	 
0.00357 	 1.131772 	 0.605573 	 
0.003575	 0.209476 	 -0.355365	 
0.00358 	 -0.749529	 -1.25737 	 
0.003585	 -1.577145	 -1.934597	 
0.00359 	 -2.123629	 -2.267576	 
0.003595	 -2.291084	 -2.189645	 
0.0036  	 -2.043765	 -1.723024	 
0.003605	 -1.433198	 -0.946611	 
0.00361 	 -0.564362	 0.003055 	 
0.003615	 0.400762 	 0.942096 	 
0.00362 	 1.296652 	 1.71465  	 
0.003625	 1.956174 	 2.174835 	 
0.00363 	 2.260495 	 2.245682 	 
0.003635	 2.161309 	 1.909479 	 
0.00364 	 1.670853 	 1.233534 	 
0.003645	 0.880588 	 0.330881 	 
0.00365 	 -0.068436	 -0.630056	 
0.003655	 -1.010373	 -1.480858	 
0.00366 	 -1.769396	 -2.068239	 
0.003665	 -2.215407	 -2.285609	 
0.00367 	 -2.261457	 -2.091104	 
0.003675	 -1.899818	 -1.521434	 
0.00368 	 -1.200693	 -0.683191	 
0.003685	 -0.288061	 0.27839  	 
0.00369 	 0.6732   	 1.189094 	 
0.003695	 1.51499  	 1.882751 	 
0.0037  	 2.083699 	 2.236987 	 
0.003705	 2.275309 	 2.190936 	 
0.00371 	 2.055682 	 1.745243 	 
0.003715	 1.467329 	 0.987824 	 
0.00372 	 0.612014 	 0.047495 	 
0.003725	 -0.350856	 -0.896697	 
0.00373 	 -1.254471	 -1.683737	 
0.003735	 -1.934597	 -2.173865	 
0.00374 	 -2.26983 	 -2.27144 	 
0.003745	 -2.196407	 -1.96197 	 
0.00375 	 -1.728177	 -1.30181 	 
0.003755	 -0.951442	 -0.4085  	 
0.00376 	 -0.005962	 0.553726 	 
0.003765	 0.93952  	 1.41677  	 
0.00377 	 1.712718 	 2.026699 	 
0.003775	 2.178055 	 2.26919  	 
0.00378 	 2.253411 	 2.099801 	 
0.003785	 1.921073 	 1.555244 	 
0.00379 	 1.244483 	 0.729877 	 
0.003795	 0.337644 	 -0.225587	 
0.0038  	 -0.627158	 -1.145626	 
0.003805	 -1.482468	 -1.861175	 
0.00381 	 -2.071138	 -2.245034	 
0.003815	 -2.293982	 -2.22378 	 
0.00382 	 -2.100442	 -1.801277	 
0.003825	 -1.529807	 -1.061254	 
0.00383 	 -0.691242	 -0.128334	 
0.003835	 0.271628 	 0.82391  	 
0.00384 	 1.184907 	 1.624481 	 
0.003845	 1.885327 	 2.134258 	 
0.00385 	 2.24375  	 2.260495 	 
0.003855	 2.197377 	 1.977106 	 
0.00386 	 1.756514 	 1.33755  	 
0.003865	 0.997163 	 0.459049 	 
0.00387 	 0.053935 	 -0.506075	 
0.003875	 -0.891866	 -1.381673	 
0.00388 	 -1.685991	 -2.00963 	 
0.003885	 -2.177729	 -2.281745	 
0.00389 	 -2.278847	 -2.141662	 
0.003895	 -1.96841 	 -1.616432	 
0.0039  	 -1.307928	 -0.804918	 
0.003905	 -0.417195	 0.147968 	 
0.00391 	 0.54793  	 1.076061 	 
0.003915	 1.41677  	 1.807395 	 
0.00392 	 2.026699 	 2.212834 	 
0.003925	 2.273377 	 2.220241 	 
0.00393 	 2.10753  	 1.825429 	 
0.003935	 1.562651 	 1.100857 	 
0.00394 	 0.737606 	 0.181137 	 
0.003945	 -0.222044	 -0.776258	 
0.00395 	 -1.144015	 -1.593246	 
0.003955	 -1.864073	 -2.125239	 
0.00396 	 -2.250186	 -2.282711	 
0.003965	 -2.230542	 -2.023799	 
0.00397 	 -1.810294	 -1.405181	 
0.003975	 -1.069627	 -0.535057	 
0.00398 	 -0.13574 	 0.428135 	 
0.003985	 0.81908  	 1.316618 	 
0.00399 	 1.626735 	 1.963903 	 
0.003995	 2.139733 	 2.258563 	 
0.004   	 2.26919  	 2.147784 	 
0.004005	 1.987411 	 1.645091 	 
0.00401 	 1.348499 	 0.850961 	 
0.004015	 0.467422 	 -0.101605	 
0.00402 	 -0.499634	 -1.034847	 
0.004025	 -1.378775	 -1.782922	 
0.00403 	 -2.012206	 -2.214441	 
0.004035	 -2.284965	 -2.250186	 
0.00404 	 -2.152289	 -1.880496	 
0.004045	 -1.627381	 -1.174286	 
0.00405 	 -0.812969	 -0.255214	 
0.004055	 0.14346  	 0.699284 	 
0.00406 	 1.074451 	 1.53399  	 
0.004065	 1.810615 	 2.089818 	 
0.00407 	 2.220241 	 2.267902 	 
0.004075	 2.226682 	 2.039581 	 
0.00408 	 1.8367   	 1.439956 	 
0.004085	 1.112772 	 0.584319 	 
0.00409 	 0.186934 	 -0.377585	 
0.004095	 -0.772393	 -1.273793	 
0.0041  	 -1.59389 	 -1.946834	 
0.004105	 -2.131679	 -2.267576	 
0.00411 	 -2.289796	 -2.18256 	 
0.004115	 -2.032816	 -1.707245	 
0.00412 	 -1.415486	 -0.923747	 
0.004125	 -0.543752	 0.022376 	 
0.00413 	 0.422982 	 0.959807 	 
0.004135	 1.314364 	 1.728497 	 
0.00414 	 1.965513 	 2.182885 	 
0.004145	 2.264038 	 2.243428 	 
0.00415 	 2.152292 	 1.901107 	 
0.004155	 1.653464 	 1.212602 	 
0.00416 	 0.859012 	 0.308017 	 
0.004165	 -0.093555	 -0.65292 	 
0.00417 	 -1.030017	 -1.497604	 
0.004175	 -1.78743 	 -2.079188	 
0.00418 	 -2.220237	 -2.287219	 
0.004185	 -2.259525	 -2.081765	 
0.00419 	 -1.889513	 -1.505654	 
0.004195	 -1.182337	 -0.660327	 
0.0042  	 -0.265196	 0.299644 	 
0.004205	 0.696386 	 1.205517 	 
0.00421 	 1.531736 	 1.895954 	 
0.004215	 2.092072 	 2.242139 	 
0.00422 	 2.275309 	 2.185462 	 
0.004225	 2.046987 	 1.733328 	 
0.00423 	 1.448973 	 0.967858 	 
0.004235	 0.589794 	 0.028495 	 
0.00424 	 -0.371144	 -0.915052	 
0.004245	 -1.271217	 -1.702414	 
0.00425 	 -1.949089	 -2.179018	 
0.004255	 -2.272728	 -2.268542	 
0.00426 	 -2.190933	 -1.949411	 
0.004265	 -1.715295	 -1.283132	 
0.00427 	 -0.93212 	 -0.385958	 
0.004275	 0.014326 	 0.578201 	 
0.00428 	 0.958841 	 1.43738  	 
0.004285	 1.727209 	 2.034428 	 
0.00429 	 2.18514  	 2.26919  	 
0.004295	 2.252767 	 2.09175  	 
0.0043  	 1.909157 	 1.53882  	 
0.004305	 1.222263 	 0.705725 	 
0.00431 	 0.317356 	 -0.248773	 
0.004315	 -0.64809 	 -1.169134	 
0.00432 	 -1.495993	 -1.873412	 
0.004325	 -2.081443	 -2.250186	 
0.00433 	 -2.292372	 -2.216695	 
0.004335	 -2.091426	 -1.79065 	 
0.00434 	 -1.513383	 -1.041932	 
0.004345	 -0.668378	 -0.10547 	 
0.00435 	 0.29578  	 0.844198 	 
0.004355	 1.204873 	 1.641226 	 
0.00436 	 1.897886 	 2.143597 	 
0.004365	 2.246326 	 2.259851 	 
0.00437 	 2.19158  	 1.968089 	 
0.004375	 1.740734 	 1.323059 	 
0.00438 	 0.974299 	 0.436185 	 
0.004385	 0.033325 	 -0.527007	 
0.00439 	 -0.913764	 -1.399385	 
0.004395	 -1.700804	 -2.022189	 
0.0044  	 -2.185458	 -2.280135	 
0.004405	 -2.279813	 -2.133611	 
0.00441 	 -1.960038	 -1.600009	 
0.004415	 -1.291183	 -0.784308	 
0.00442 	 -0.392076	 0.176629 	 
0.004425	 0.57176  	 1.095705 	 
0.00443 	 1.434482 	 1.821887 	 
0.004435	 2.036682 	 2.217987 	 
0.00444 	 2.275953 	 2.212512 	 
0.004445	 2.097547 	 1.809327 	 
0.00445 	 1.546871 	 1.083145 	 
0.004455	 0.716352 	 0.157307 	 
0.00446 	 -0.245231	 -0.796868	 
0.004465	 -1.163337	 -1.610314	 
0.00447 	 -1.875344	 -2.136188	 
0.004475	 -2.253728	 -2.283033	 
0.00448 	 -2.224746	 -2.014461	 
0.004485	 -1.794837	 -1.387792	 
0.00449 	 -1.048695	 -0.515414	 
0.004495	 -0.11191 	 0.450999 	 
0.0045  	 0.839368 	 1.333364 	 
0.004505	 1.642515 	 1.975174 	 
0.00451 	 2.148106 	 2.258563 	 
0.004515	 2.266936 	 2.138123 	 
0.00452 	 1.97614  	 1.630277 	 
0.004525	 1.330144 	 0.828741 	 
0.00453 	 0.44327  	 -0.122859	 
0.004535	 -0.52282 	 -1.053525	 
0.00454 	 -1.398419	 -1.798057	 
0.004545	 -2.022833	 -2.220237	 
0.00455 	 -2.290118	 -2.246966	 
0.004555	 -2.140052	 -1.866649	 
0.00456 	 -1.609348	 -1.152066	 
0.004565	 -0.790427	 -0.23557 	 
0.00457 	 0.165358 	 0.722793 	 
0.004575	 1.096349 	 1.549769 	 
0.00458 	 1.822853 	 2.097869 	 
0.004585	 2.222817 	 2.267258 	 
0.00459 	 2.220885 	 2.027988 	 
0.004595	 1.821243 	 1.423211 	 
0.0046  	 1.090874 	 0.562421 	 
0.004605	 0.164392 	 -0.398195	 
0.00461 	 -0.792359	 -1.291827	 
0.004615	 -1.610958	 -1.957783	 
0.00462 	 -2.140052	 -2.270796	 
0.004625	 -2.286897	 -2.176441	 
0.00463 	 -2.024766	 -1.688245	 
0.004635	 -1.396164	 -0.902815	 
0.00464 	 -0.51799 	 0.044918 	 
0.004645	 0.445846 	 0.98235  	 
0.00465 	 1.331754 	 1.741701 	 
0.004655	 1.97614  	 2.185784 	 
0.00466 	 2.267258 	 2.237953 	 
0.004665	 2.14553  	 1.886293 	 
0.00467 	 1.638972 	 1.195856 	 
0.004675	 0.837436 	 0.285475 	 
0.00468 	 -0.117063	 -0.67353 	 
0.004685	 -1.053847	 -1.513383	 
0.00469 	 -1.798701	 -2.087561	 
0.004695	 -2.224746	 -2.284643	 
0.0047  	 -2.253084	 -2.075324	 
0.004705	 -1.876632	 -1.489231	 
0.00471 	 -1.162693	 -0.639073	 
0.004715	 -0.241688	 0.323475 	 
0.00472 	 0.71764  	 1.226771 	 
0.004725	 1.549447 	 1.909479 	 
0.00473 	 2.100767 	 2.24536  	 
0.004735	 2.275309 	 2.178055 	 
0.00474 	 2.036682 	 1.716904 	 
0.004745	 1.43255  	 0.947248 	 
0.00475 	 0.56854  	 0.005953 	 
0.004755	 -0.396907	 -0.936306	 
0.00476 	 -1.294081	 -1.715295	 
0.004765	 -1.961004	 -2.186424	 
0.00477 	 -2.276592	 -2.264677	 
0.004775	 -2.185458	 -1.940072	 
0.00478 	 -1.701126	 -1.265098	 
0.004785	 -0.910866	 -0.36245 	 
0.00479 	 0.036546 	 0.597201 	 
0.004795	 0.979451 	 1.45477  	 
0.0048  	 1.742345 	 2.046343 	 
0.004805	 2.192868 	 2.267258 	 
0.00481 	 2.24697  	 2.081767 	 
0.004815	 1.895954 	 1.522397 	 
0.00482 	 1.203263 	 0.685115 	 
0.004825	 0.293848 	 -0.272603	 
0.00483 	 -0.669022	 -1.187167	 
0.004835	 -1.515637	 -1.887259	 
0.00484 	 -2.091748	 -2.251474	 
0.004845	 -2.291728	 -2.212509	 
0.00485 	 -2.081765	 -1.773905	 
0.004855	 -1.497604	 -1.021   	 
0.00486 	 -0.645514	 -0.085182	 
0.004865	 0.318966 	 0.866418 	 
0.00487 	 1.224839 	 1.65926  	 
0.004875	 1.910768 	 2.151648 	 
0.00488 	 2.249868 	 2.254055 	 
0.004885	 2.187394 	 1.954564 	 
0.00489 	 1.724311 	 1.301161 	 
0.004895	 0.956909 	 0.414287 	 
0.0049  	 0.010461 	 -0.549227	 
0.004905	 -0.934374	 -1.418062	 
0.00491 	 -1.717228	 -2.030562	 
0.004915	 -2.192543	 -2.280457	 
0.00492 	 -2.274016	 -2.124917	 
0.004925	 -1.947801	 -1.584552	 
0.00493 	 -1.272183	 -0.7608  	 
0.004935	 -0.371144	 0.197883 	 
0.00494 	 0.594624 	 1.115671 	 
0.004945	 1.452516 	 1.837988 	 
0.00495 	 2.048276 	 2.224428 	 
0.004955	 2.273699 	 2.21219  	 
0.00496 	 2.088208 	 1.799666 	 
0.004965	 1.531091 	 1.064146 	 
0.00497 	 0.695098 	 0.136053 	 
0.004975	 -0.267773	 -0.818444	 
0.00498 	 -1.183947	 -1.626737	 
0.004985	 -1.889835	 -2.144882	 
0.00499 	 -2.258559	 -2.279491	 
0.004995	 -2.219271	 -2.004478	 
0.005   	 -1.783244	 -1.37008 	 
        	          	          	  
        	          	          	  
        	          	          	  
        	          	          	  
        	          	          	  
        	          	          	  
        	          	          	  
        	          	          	  
        	          	          	  
        	          	          	  
        	          	          	  
        	          	          	  
        	          	          	  
        	          	          	  
        	          	          	  
        	          	          	  
        	          	          	  
        	          	          	  
        	          	          	  
        	          	          	  
        	          	          	  
        	          	          	  
        	          	          	  
        	          	          	  
        	          	          	  
        	          	          	  
        	          	          	  
        	          	          	  
        	          	          	  
        	          	          	  
        	          	          	  
        	          	          	  
        	          	          	  
        	          	          	  
        	          	          	  
        	          	          	  
        	          	          	  
        	          	          	  
        	          	          	  
        	          	          	  
        	          	          	  
        	          	          	  
        	          	          	  
        	          	          	  
        	          	          	  
        	          	          	  
        	          	          	  
        	          	          	  
        	          	          	  
        	          	          	  
        	          	          	  
        	          	          	  
        	          	          	  
        	          	          	  
        	          	          	  
        	          	          	  
        	          	          	  
        	          	          	  
        	          	          	  
        	          	          	  
        	          	          	  
        	          	          	  
        	          	          	  
        	          	          	  
        	          	          	  
        	          	          	  
        	          	          	  
        	          	          	  
        	          	          	  
        	          	          	  
        	          	          	  
        	          	          	  
        	          	          	  
        	          	          	  
        	          	          	  
        	          	          	  
        	          	          	  
        	          	          	  
        	          	          	  
        	          	          	  
        	          	          	  
        	          	          	  
        	          	          	  
        	          	          	  
        	          	          	  
        	          	          	  
        	          	          	  
        	          	          	  
        	          	          	  
        	          	          	  
        	          	          	  
        	          	          	  
        	          	          	  
        	          	          	  
        	          	          	  
        	          	          	  
        	          	          	  
        	          	          	  
        	          	          	  
        	          	          	  
        	          	          	  
        	          	          	  
        	          	          	  
        	          	          	  
        	          	          	  
        	          	          	  
        	          	          	  
        	          	          	  
        	          	          	  
        	          	          	  
        	          	          	  
        	          	          	  
        	          	          	  
        	          	          	  
        	          	          	  
        	          	          	  
        	          	          	  
        	          	          	  
        	          	          	  
        	          	          	  
        	          	          	  
        	          	          	  
        	          	          	  
        	          	          	  
        	          	          	  
        	          	          	  
        	          	          	  
        	          	          	  
        	          	          	  
        	          	          	  
        	          	          	  
        	          	          	  
        	          	          	  
        	          	          	  
        	          	          	  
        	          	          	  
        	          	          	  
        	          	          	  
        	          	          	  
        	          	          	  
        	          	          	  
        	          	          	  
        	          	          	  
        	          	          	  
        	          	          	  
        	          	          	  
        	          	          	  
        	          	          	  
        	          	          	  
        	          	          	  
        	          	          	  
        	          	          	  
        	          	          	  
        	          	          	  
        	          	          	  
        	          	          	  
        	          	          	  
        	          	          	  
        	          	          	  
        	          	          	  
        	          	          	  
        	          	          	  
        	          	          	  
        	          	          	  
        	          	          	  
        	          	          	  
        	          	          	  
        	          	          	  
        	          	          	  
        	          	          	  
        	          	          	  
        	          	          	  
        	          	          	  
        	          	          	  
        	          	          	  
        	          	          	  
        	          	          	  
        	          	          	  
        	          	          	  
        	          	          	  
        	          	          	  
        	          	          	  
        	          	          	  
        	          	          	  
        	          	          	  
        	          	          	  
        	          	          	  
        	          	          	  
        	          	          	  
        	          	          	  
        	          	          	  
        	          	          	  
        	          	          	  
        	          	          	  
        	          	          	  
        	          	          	  
        	          	          	  
        	          	          	  
        	          	          	  
        	          	          	  
        	          	          	  
        	          	          	  
        	          	          	  
        	          	          	  
        	          	          	  
        	          	          	  
        	          	          	  
        	          	          	  
        	          	          	  
        	          	          	  
        	          	          	  
        	          	          	  
        	          	          	  
        	          	          	  
        	          	          	  
        	          	          	  
        	          	          	  
        	          	          	  
        	          	          	  
        	          	          	  
        	          	          	  
        	          	          	  
        	          	          	  
        	          	          	  
        	          	          	  
        	          	          	  
        	          	          	  
        	          	          	  
        	          	          	  
        	          	          	  
        	          	          	  
        	          	          	  
        	          	          	  
        	          	          	  
        	          	          	  
        	          	          	  
        	          	          	  
        	          	          	  
        	          	          	  
        	          	          	  
        	          	          	  
        	          	          	  
        	          	          	  
        	          	          	  
        	          	          	  
        	          	          	  
        	          	          	  
        	          	          	  
        	          	          	  
        	          	          	  
        	          	          	  
        	          	          	  
        	          	          	  
        	          	          	  
        	          	          	  
        	          	          	  
        	          	          	  
        	          	          	  
        	          	          	  
        	          	          	  
        	          	          	  
        	          	          	  
        	          	          	  
        	          	          	  
        	          	          	  
        	          	          	  
        	          	          	  
        	          	          	  
        	          	          	  
        	          	          	  
        	          	          	  
        	          	          	  
        	          	          	  
        	          	          	  
        	          	          	  
        	          	          	  
        	          	          	  
        	          	          	  
        	          	          	  
        	          	          	  
        	          	          	  
        	          	          	  
        	          	          	  
        	          	          	  
        	          	          	  
        	          	          	  
        	          	          	  
        	          	          	  
        	          	          	  
        	          	          	  
        	          	          	  
        	          	          	  
        	          	          	  
        	          	          	  
        	          	          	  
        	          	          	  
        	          	          	  
        	          	          	  
        	          	          	  
        	          	          	  
        	          	          	  
        	          	          	  
        	          	          	  
        	          	          	  
        	          	          	  
        	          	          	  
        	          	          	  
        	          	          	  
        	          	          	  
        	          	          	  
        	          	          	  
        	          	          	  
        	          	          	  
        	          	          	  
        	          	          	  
        	          	          	  
        	          	          	  
        	          	          	  
        	          	          	  
        	          	          	  
        	          	          	  
        	          	          	  
        	          	          	  
        	          	          	  
        	          	          	  
        	          	          	  
        	          	          	  
        	          	          	  
        	          	          	  
        	          	          	  
        	          	          	  
        	          	          	  
        	          	          	  
        	          	          	  
        	          	          	  
        	          	          	  
        	          	          	  
        	          	          	  
        	          	          	  
        	          	          	  
        	          	          	  
        	          	          	  
        	          	          	  
        	          	          	  
        	          	          	  
        	          	          	  
        	          	          	  
        	          	          	  
        	          	          	  
        	          	          	  
        	          	          	  
        	          	          	  
        	          	          	  
        	          	          	  
        	          	          	  
        	          	          	  
        	          	          	  
        	          	          	  
        	          	          	  
        	          	          	  
        	          	          	  
        	          	          	  
        	          	          	  
        	          	          	  
        	          	          	  
        	          	          	  
        	          	          	  
        	          	          	  
        	          	          	  
        	          	          	  
        	          	          	  
        	          	          	  
        	          	          	  
        	          	          	  
        	          	          	  
        	          	          	  
        	          	          	  
        	          	          	  
        	          	          	  
        	          	          	  
        	          	          	  
        	          	          	  
        	          	          	  
        	          	          	  
        	          	          	  
        	          	          	  
        	          	          	  
        	          	          	  
        	          	          	  
        	          	          	  
        	          	          	  
        	          	          	  
        	          	          	  
        	          	          	  
        	          	          	  
        	          	          	  
        	          	          	  
        	          	          	  
        	          	          	  
        	          	          	  
        	          	          	  
        	          	          	  
        	          	          	  