 2240.051438	 2.290221	 2.280531	 0.01
 2240.056066	 2.290325	 2.280409	 0.01
 2240.063651	 2.290342	 2.280537	 0.01
 2254.963394	 2.290235	 2.280394	 0.01
 2254.955748	 2.290278	 2.280521	 0.01
 2270.049552	 2.290216	 2.280302	 0.01
 2270.048194	 2.290123	 2.280415	 0.01
 2285.135915	 2.290157	 2.280415	 0.01
 2285.131826	 2.290304	 2.280477	 0.01
 2300.030742	 2.289945	 2.280237	 0.01
 2300.027468	 2.290238	 2.28034 	 0.01
 2315.123575	 2.29023 	 2.280462	 0.01
 2315.123271	 2.290233	 2.280304	 0.01
 2316.622276	 2.290443	 2.280677	 0.01
 2330.021719	 2.290275	 2.280173	 0.01
 2330.026029	 2.290243	 2.280293	 0.01
 2345.11034 	 2.290333	 2.28043 	 0.01
 2345.10655 	 2.290094	 2.280275	 0.01
 2360.010724	 2.290171	 2.280144	 0.01
 2360.024019	 2.290124	 2.280241	 0.01
 2375.103033	 2.290008	 2.28017 	 0.01
 2375.093111	 2.290195	 2.280177	 0.01
 2389.135287	 2.289862	 2.279914	 0.01
 2390.000871	 2.290089	 2.280173	 0.01
 2389.989197	 2.290179	 2.280041	 0.01
 2405.089835	 2.29025 	 2.280323	 0.01
 2405.090125	 2.289973	 2.280046	 0.01
 2419.990162	 2.290291	 2.280131	 0.01
 2419.994862	 2.290247	 2.280133	 0.01
 2435.077297	 2.29018 	 2.280251	 0.01
 2435.066179	 2.290049	 2.279907	 0.01
 2449.988755	 2.289903	 2.279956	 0.01
 2449.988645	 2.289954	 2.279906	 0.01
 2449.984329	 2.290003	 2.279975	 0.01
 2465.064409	 2.290003	 2.279835	 0.01
 2465.060901	 2.289893	 2.279774	 0.01
 2479.967859	 2.290022	 2.280091	 0.01
 2479.969   	 2.290159	 2.279834	 0.01
 2495.053413	 2.289907	 2.279788	 0.01
 2495.061908	 2.290208	 2.280057	 0.01
 2509.955856	 2.290066	 2.279784	 0.01
 2509.971251	 2.290027	 2.279891	 0.01
 2525.045472	 2.290001	 2.279739	 0.01
 2525.048974	 2.290001	 2.279735	 0.01
 2540.128723	 2.290223	 2.279688	 0.01
 2540.12696 	 2.289838	 2.279526	 0.01
 2540.135329	 2.289984	 2.279586	 0.01
 2555.032566	 2.290054	 2.279732	 0.01
 2555.032625	 2.290044	 2.279531	 0.01
 2570.123016	 2.290005	 2.279803	 0.01
 2570.122064	 2.289984	 2.27956 	 0.01
 2585.01827 	 2.290111	 2.279766	 0.01
 2585.022227	 2.289915	 2.279487	 0.01
 2600.105336	 2.290001	 2.279494	 0.01
 2600.118598	 2.289963	 2.279608	 0.01
 2615.010472	 2.289973	 2.279533	 0.01
 2615.011447	 2.289952	 2.279454	 0.01
 2630.096719	 2.289996	 2.279329	 0.01
 2630.095444	 2.289911	 2.279436	 0.01
 2630.104834	 2.289922	 2.279477	 0.01
 2645.000459	 2.289815	 2.279444	 0.01
 2645.002191	 2.28989 	 2.279625	 0.01
 2660.090995	 2.290008	 2.279387	 0.01
 2660.09498 	 2.290104	 2.279381	 0.01
 2674.992401	 2.289916	 2.279413	 0.01
 2674.998065	 2.290041	 2.279559	 0.01
 2690.072777	 2.290007	 2.27949 	 0.01
 2690.079565	 2.290026	 2.27936 	 0.01
 2704.979239	 2.289985	 2.279413	 0.01
 2704.980521	 2.290038	 2.279369	 0.01
 2720.07087 	 2.289885	 2.279286	 0.01
 2720.066368	 2.290007	 2.279212	 0.01
 2720.076879	 2.289988	 2.279138	 0.01
 2734.971858	 2.29015 	 2.279421	 0.01
 2734.971569	 2.28977 	 2.279246	 0.01
 2750.053469	 2.289812	 2.279096	 0.01
 2750.063136	 2.290015	 2.279211	 0.01
 2764.968627	 2.289867	 2.279048	 0.01
 2764.956601	 2.290071	 2.2793  	 0.01
 2780.051748	 2.289802	 2.279049	 0.01
 2780.041535	 2.289913	 2.279147	 0.01
 2795.13611 	 2.289912	 2.278949	 0.01
 2795.130031	 2.289866	 2.278945	 0.01
 2810.040286	 2.289563	 2.278815	 0.01
 2810.042686	 2.289741	 2.278987	 0.01
 2812.46865 	 2.288898	 2.277952	 0.01
 2825.124088	 2.289922	 2.278955	 0.01
 2825.119929	 2.289983	 2.279147	 0.01
 2840.027623	 2.289891	 2.27877 	 0.01
 2840.039079	 2.289808	 2.278789	 0.01
 2855.114788	 2.289773	 2.27887 	 0.01
 2855.115833	 2.289786	 2.278815	 0.01
 2870.024809	 2.289755	 2.278521	 0.01
 2870.01323 	 2.289925	 2.278681	 0.01
 2885.112211	 2.289596	 2.278543	 0.01
 2885.104949	 2.28996 	 2.278781	 0.01
 2900.002171	 2.289739	 2.278749	 0.01
 2900.000703	 2.289825	 2.278748	 0.01
 2915.099873	 2.289849	 2.278742	 0.01
 2915.096026	 2.289737	 2.278603	 0.01
 2915.097943	 2.289926	 2.278735	 0.01
 2929.994545	 2.289845	 2.278635	 0.01
 2929.994581	 2.289876	 2.278634	 0.01
 2945.079206	 2.289902	 2.278472	 0.01
 2945.075494	 2.289834	 2.278762	 0.01
 2959.979867	 2.289738	 2.278557	 0.01
 2959.99098 	 2.289695	 2.278594	 0.01
 2975.077717	 2.289972	 2.27865 	 0.01
 2975.066619	 2.289729	 2.278468	 0.01
 2989.976515	 2.289743	 2.278439	 0.01
 2989.975577	 2.289843	 2.278346	 0.01
 2989.983942	 2.289948	 2.278352	 0.01
 3005.07199 	 2.290032	 2.27847 	 0.01
 3005.06573 	 2.289717	 2.278417	 0.01
 3020.144038	 2.289765	 2.278022	 0.01
 3020.154848	 2.289837	 2.278474	 0.01
 3035.053302	 2.289895	 2.27839 	 0.01
 3035.04422 	 2.290003	 2.278491	 0.01
 3050.129322	 2.289659	 2.278109	 0.01
 3050.139436	 2.289738	 2.278207	 0.01
 3065.041379	 2.289806	 2.278069	 0.01
 3065.038573	 2.289687	 2.278077	 0.01
 3080.124373	 2.289774	 2.278158	 0.01
 3080.1208  	 2.289799	 2.278267	 0.01
 3095.022913	 2.289758	 2.278013	 0.01
 3095.028508	 2.289703	 2.278009	 0.01
 3095.03215 	 2.289626	 2.278056	 0.01
 3110.113258	 2.289658	 2.277845	 0.01
 3110.113099	 2.289813	 2.277833	 0.01
 3125.015616	 2.289899	 2.277856	 0.01
 3125.016736	 2.289558	 2.278193	 0.01
 3140.110881	 2.289615	 2.27769 	 0.01
 3140.109234	 2.289621	 2.277838	 0.01
 3155.005873	 2.289735	 2.277985	 0.01
 3154.994127	 2.289772	 2.277844	 0.01
 3170.095648	 2.289704	 2.277653	 0.01
 3170.081382	 2.289642	 2.277843	 0.01
 3184.988998	 2.289612	 2.277736	 0.01
 3184.994765	 2.28972 	 2.277605	 0.01
 3200.083574	 2.289592	 2.27761 	 0.01
 3200.083348	 2.289505	 2.277542	 0.01
 3214.988418	 2.289738	 2.277583	 0.01
 3214.984076	 2.289772	 2.277719	 0.01
 3230.077255	 2.2896  	 2.277589	 0.01
 3230.068604	 2.289659	 2.277586	 0.01
 3244.978413	 2.289724	 2.277657	 0.01
 3244.968082	 2.289623	 2.277534	 0.01
 3260.055976	 2.289686	 2.277427	 0.01
 3260.061692	 2.289625	 2.277479	 0.01
 3275.144769	 2.289559	 2.277302	 0.01
 3275.143515	 2.289469	 2.277168	 0.01
 3290.043457	 2.289399	 2.277084	 0.01
 3290.051161	 2.289356	 2.277166	 0.01
 3305.138683	 2.289716	 2.277236	 0.01
 3305.134037	 2.289617	 2.277336	 0.01
 3305.137557	 2.289378	 2.277193	 0.01
 3320.039303	 2.289526	 2.277199	 0.01
 3335.127618	 2.289347	 2.27728 	 0.01
 3335.126262	 2.289639	 2.27717 	 0.01
 3350.030157	 2.289654	 2.27722 	 0.01
 3350.020374	 2.289732	 2.277352	 0.01
 3350.023872	 2.289636	 2.277089	 0.01
 3365.107181	 2.28965 	 2.277342	 0.01
 3380.012829	 2.289571	 2.276958	 0.01
 3380.022687	 2.28956 	 2.277052	 0.01
 3395.114718	 2.289515	 2.276906	 0.01
 3395.100512	 2.289512	 2.276768	 0.01
 3410.007642	 2.289455	 2.276798	 0.01
 3410.015143	 2.289659	 2.27667 	 0.01
 3425.092784	 2.289535	 2.276839	 0.01
 3425.092779	 2.289705	 2.276802	 0.01
 3439.995183	 2.28977 	 2.27684 	 0.01
 3440.001037	 2.289531	 2.276714	 0.01
 3455.082916	 2.289568	 2.276766	 0.01
 3455.078726	 2.289647	 2.276783	 0.01
 3469.977532	 2.289581	 2.276711	 0.01
 3469.982571	 2.289516	 2.276509	 0.01
 3485.069891	 2.289711	 2.276457	 0.01
 3485.078397	 2.289525	 2.276596	 0.01
 3498.834311	 2.289493	 2.276387	 0.01
 3499.971784	 2.289598	 2.276394	 0.01
 3499.975415	 2.289572	 2.276598	 0.01
 3515.054991	 2.289551	 2.276513	 0.01
 3530.144478	 2.28958 	 2.276338	 0.01
 3530.155206	 2.289461	 2.276301	 0.01
 3530.152164	 2.289591	 2.276396	 0.01
 3545.047146	 2.289433	 2.276294	 0.01
 3545.048573	 2.289512	 2.276307	 0.01
 3560.135666	 2.289481	 2.275991	 0.01
 3560.12725 	 2.289682	 2.276366	 0.01
 3575.041194	 2.289435	 2.276031	 0.01
 3575.03009 	 2.289507	 2.276086	 0.01
 3590.132989	 2.28962 	 2.27626 	 0.01
 3590.122924	 2.289567	 2.276394	 0.01
 3605.023886	 2.289476	 2.276134	 0.01
 3605.025755	 2.289545	 2.276059	 0.01
 3620.119184	 2.289636	 2.276106	 0.01
 3620.111655	 2.289777	 2.276117	 0.01
 3635.018607	 2.289563	 2.275884	 0.01
 3635.00875 	 2.289541	 2.275842	 0.01
 3650.099461	 2.289407	 2.275865	 0.01
 3650.114394	 2.289287	 2.275837	 0.01
 3665.000873	 2.289422	 2.275592	 0.01
 3664.999407	 2.289574	 2.275751	 0.01
 3680.098787	 2.289603	 2.275657	 0.01
 3680.097489	 2.289396	 2.275449	 0.01
 3694.995276	 2.289443	 2.27558 	 0.01
 3694.991858	 2.289481	 2.275538	 0.01
 3710.083874	 2.289255	 2.275356	 0.01
 3710.076963	 2.289674	 2.275658	 0.01
 3724.983319	 2.28941 	 2.275426	 0.01
 3724.977593	 2.289481	 2.275513	 0.01
 3740.063375	 2.289508	 2.275514	 0.01
 3740.074283	 2.289479	 2.275415	 0.01
 3754.09802 	 2.288758	 2.274628	 0.01
 3755.151829	 2.2894  	 2.275128	 0.01
 3770.062116	 2.289351	 2.275079	 0.01
 3770.06166 	 2.289454	 2.275296	 0.01
 3785.137106	 2.289446	 2.275176	 0.01
 3785.141495	 2.289384	 2.275164	 0.01
 3800.047184	 2.289457	 2.274981	 0.01
 3800.052868	 2.289488	 2.27488 	 0.01
 3815.133763	 2.289354	 2.27493 	 0.01
 3815.135021	 2.289151	 2.274848	 0.01
 3830.038745	 2.289398	 2.274921	 0.01
 3830.039109	 2.289504	 2.27492 	 0.01
 3830.096356	 2.289304	 2.274795	 0.01
 3845.123575	 2.289622	 2.275058	 0.01
 3860.027714	 2.289344	 2.274727	 0.01
 3860.027496	 2.289432	 2.274657	 0.01
 3875.113981	 2.289383	 2.274713	 0.01
 3875.127397	 2.289174	 2.274603	 0.01
 3890.024978	 2.289225	 2.274327	 0.01
 3890.011215	 2.289295	 2.274419	 0.01
 3905.102561	 2.289441	 2.274472	 0.01
 3905.103438	 2.28951 	 2.274506	 0.01
 3919.998536	 2.289438	 2.274371	 0.01
 3920.006024	 2.289407	 2.274365	 0.01
 3935.096223	 2.289307	 2.274194	 0.01
 3935.090968	 2.28929 	 2.274187	 0.01
 3950.005592	 2.289456	 2.274274	 0.01
 3949.989655	 2.28945 	 2.274273	 0.01
 3965.078284	 2.289542	 2.274215	 0.01
 3965.082049	 2.289422	 2.274228	 0.01
 3979.986209	 2.289294	 2.274014	 0.01
 3979.996707	 2.289336	 2.2741  	 0.01
 3995.082966	 2.289286	 2.273911	 0.01
 3995.073782	 2.289376	 2.274011	 0.01
 4010.165946	 2.289443	 2.273858	 0.01
 4010.160396	 2.289446	 2.273926	 0.01
 4025.056086	 2.289433	 2.273856	 0.01
 4025.064275	 2.289619	 2.273905	 0.01
 4040.14452 	 2.289424	 2.273702	 0.01
 4040.1538  	 2.289349	 2.273659	 0.01
 4055.053901	 2.289557	 2.273645	 0.01
 4055.05023 	 2.289482	 2.273633	 0.01
 4070.143065	 2.289332	 2.27349 	 0.01
 4070.136548	 2.289498	 2.273544	 0.01
 4085.035816	 2.289481	 2.273405	 0.01
 4085.032513	 2.289406	 2.273512	 0.01
 4100.125938	 2.289299	 2.273261	 0.01
 4100.130935	 2.289404	 2.273253	 0.01
 4115.032664	 2.289141	 2.27303 	 0.01
 4130.12587 	 2.289136	 2.272975	 0.01
 4130.120447	 2.289216	 2.273086	 0.01
 4145.017998	 2.28946 	 2.273185	 0.01
 4145.020053	 2.289183	 2.272889	 0.01
 4160.097051	 2.289364	 2.273041	 0.01
 4160.096898	 2.289422	 2.272942	 0.01
 4175.009231	 2.289252	 2.272646	 0.01
 4175.003641	 2.289452	 2.272727	 0.01
 4190.089137	 2.289348	 2.272714	 0.01
 4190.097125	 2.289226	 2.27251 	 0.01
 4205.006345	 2.289476	 2.272665	 0.01
 4204.996434	 2.28931 	 2.272633	 0.01
 4220.091592	 2.289144	 2.272472	 0.01
 4220.087166	 2.289527	 2.272421	 0.01
 4234.98203 	 2.289342	 2.272297	 0.01
 4234.980472	 2.289198	 2.272249	 0.01
 4250.072627	 2.289148	 2.272269	 0.01
 4250.078342	 2.289159	 2.272058	 0.01
 4265.166634	 2.289233	 2.272223	 0.01
 4265.158548	 2.289237	 2.272107	 0.01
 4280.062683	 2.289404	 2.272112	 0.01
 4280.064612	 2.289401	 2.272071	 0.01
 4295.141396	 2.28925 	 2.271987	 0.01
 4295.150318	 2.289347	 2.271844	 0.01
 4310.053129	 2.289304	 2.271857	 0.01
 4310.057965	 2.289362	 2.271941	 0.01
 4325.144169	 2.289255	 2.271824	 0.01
 4325.13815 	 2.289475	 2.271789	 0.01
 4340.03617 	 2.289246	 2.271448	 0.01
 4340.038363	 2.289403	 2.271668	 0.01
 4355.12709 	 2.28916 	 2.271446	 0.01
 4355.136454	 2.289203	 2.271469	 0.01
 4370.027948	 2.289308	 2.271278	 0.01
 4370.029612	 2.289151	 2.27121 	 0.01
 4385.113711	 2.289427	 2.271347	 0.01
 4386.290542	 2.289394	 2.271225	 0.01
 4400.01209 	 2.289311	 2.271146	 0.01
 4415.106844	 2.289295	 2.270927	 0.01
 4415.101506	 2.289447	 2.271012	 0.01
 4430.010143	 2.289393	 2.270828	 0.01
 4430.009663	 2.28949 	 2.271001	 0.01
 4445.096823	 2.28914 	 2.270551	 0.01
 4445.092805	 2.289157	 2.270692	 0.01
 4459.993187	 2.289236	 2.270392	 0.01
 4460.005293	 2.289373	 2.270598	 0.01
 4475.087076	 2.289451	 2.270565	 0.01
 4475.083374	 2.289397	 2.270448	 0.01
 4490.17241 	 2.289402	 2.27026 	 0.01
 4490.16899 	 2.289313	 2.270298	 0.01
 4505.079834	 2.289433	 2.270255	 0.01
 4505.076449	 2.289436	 2.27024 	 0.01
 4520.158634	 2.289618	 2.27021 	 0.01
 4520.163611	 2.289332	 2.270064	 0.01
 4535.069337	 2.289381	 2.26984 	 0.01
 4550.152147	 2.289267	 2.269817	 0.01
 4550.138263	 2.289527	 2.269954	 0.01
 4565.056028	 2.289386	 2.269768	 0.01
 4565.053375	 2.289447	 2.269861	 0.01
 4580.145783	 2.289323	 2.269374	 0.01
 4580.142266	 2.289105	 2.269532	 0.01
 4595.052601	 2.289273	 2.269373	 0.01
 4595.037034	 2.28934 	 2.26939 	 0.01
 4610.127975	 2.289325	 2.269238	 0.01
 4610.133656	 2.289413	 2.269336	 0.01
 4625.023562	 2.289407	 2.269215	 0.01
 4625.031118	 2.289236	 2.268874	 0.01
 4640.115002	 2.289295	 2.269032	 0.01
 4640.121687	 2.289347	 2.269133	 0.01
 4655.019241	 2.289387	 2.268869	 0.01
 4655.017537	 2.289456	 2.268919	 0.01
 4670.111348	 2.28936 	 2.268592	 0.01
 4670.104901	 2.28945 	 2.268653	 0.01
 4685.013656	 2.289382	 2.268563	 0.01
 4685.010619	 2.289217	 2.268474	 0.01
 4700.104109	 2.289364	 2.268381	 0.01
 4700.097436	 2.289329	 2.268313	 0.01
 4715.000888	 2.289381	 2.268189	 0.01
 4714.997061	 2.289339	 2.268123	 0.01
 4730.087189	 2.28922 	 2.267976	 0.01
 4736.063105	 2.289352	 2.26778 	 0.01
 4745.172537	 2.289287	 2.267861	 0.01
 4760.07679 	 2.289425	 2.267808	 0.01
 4760.07825 	 2.289578	 2.26765 	 0.01
 4775.166917	 2.289554	 2.267758	 0.01
 4775.159477	 2.289524	 2.26765 	 0.01
 4790.062435	 2.289434	 2.267487	 0.01
 4790.061523	 2.28951 	 2.267365	 0.01
 4805.15206 	 2.289447	 2.267439	 0.01
 4805.159843	 2.289675	 2.267438	 0.01
 4820.05867 	 2.289612	 2.267266	 0.01
 4820.059536	 2.289547	 2.26716 	 0.01
 4835.141099	 2.289361	 2.266819	 0.01
 4835.139391	 2.289596	 2.267052	 0.01
 4850.04585 	 2.289508	 2.266728	 0.01
 4865.130515	 2.289353	 2.266561	 0.01
 4865.126554	 2.289363	 2.266475	 0.01
 4880.027747	 2.289485	 2.266324	 0.01
 4880.024723	 2.289408	 2.266386	 0.01
 4895.115059	 2.28934 	 2.266116	 0.01
 4895.118482	 2.289295	 2.266185	 0.01
 4910.022793	 2.289438	 2.265919	 0.01
 4910.019557	 2.289695	 2.266091	 0.01
 4925.102998	 2.28957 	 2.265805	 0.01
 4925.104396	 2.289646	 2.265915	 0.01
 4940.013338	 2.289425	 2.26571 	 0.01
 4940.000359	 2.289454	 2.265595	 0.01
 4955.098721	 2.289642	 2.265545	 0.01
 4955.098169	 2.289443	 2.265605	 0.01
 4969.988115	 2.289488	 2.265063	 0.01
 4969.998554	 2.289678	 2.265226	 0.01
 4985.088383	 2.289472	 2.265025	 0.01
 4985.082174	 2.289424	 2.26508 	 0.01
 5000.181659	 2.289621	 2.264799	 0.01
 5015.082137	 2.289694	 2.264619	 0.01
 5015.081227	 2.28946 	 2.264567	 0.01
 5030.166438	 2.289507	 2.264281	 0.01
 5030.162741	 2.289475	 2.264242	 0.01
 5045.066727	 2.289445	 2.264183	 0.01
 5045.066138	 2.289453	 2.264163	 0.01
 5060.155032	 2.289582	 2.263956	 0.01
 5060.155493	 2.289698	 2.264005	 0.01
 5075.058715	 2.289822	 2.263918	 0.01
 5075.057965	 2.289571	 2.263781	 0.01
 5090.141975	 2.289473	 2.263486	 0.01
 5090.140836	 2.289563	 2.263518	 0.01
 5105.043222	 2.289575	 2.263179	 0.01
 5110.756136	 2.289237	 2.262763	 0.01
 5120.131579	 2.289689	 2.262962	 0.01
 5135.033457	 2.289636	 2.262718	 0.01
 5135.038409	 2.289666	 2.262656	 0.01
 5150.120436	 2.289633	 2.262509	 0.01
 5150.12305 	 2.289532	 2.262334	 0.01
 5165.024812	 2.289688	 2.262305	 0.01
 5165.016979	 2.289664	 2.262317	 0.01
 5180.109223	 2.28968 	 2.262036	 0.01
 5180.108672	 2.289693	 2.262155	 0.01
 5194.998375	 2.28976 	 2.261847	 0.01
 5195.018759	 2.289702	 2.261995	 0.01
 5210.095549	 2.289686	 2.261551	 0.01
 5210.098867	 2.289769	 2.261496	 0.01
 5225.17922 	 2.289598	 2.261166	 0.01
 5240.085558	 2.289757	 2.260768	 0.01
 5240.087156	 2.289409	 2.260857	 0.01
 5255.186661	 2.289989	 2.260861	 0.01
 5255.178932	 2.289766	 2.260796	 0.01
 5270.088578	 2.289873	 2.260749	 0.01
 5270.063367	 2.289829	 2.260705	 0.01
 5285.159039	 2.289782	 2.260356	 0.01
 5285.158092	 2.289737	 2.260194	 0.01
 5300.06991 	 2.289774	 2.260028	 0.01
 5300.065113	 2.289982	 2.260116	 0.01
 5315.156101	 2.289999	 2.259721	 0.01
 5315.158859	 2.28987 	 2.259566	 0.01
 5330.059696	 2.289827	 2.259415	 0.01
 5330.05187 	 2.289799	 2.259514	 0.01
 5345.142683	 2.289954	 2.259111	 0.01
 5345.138932	 2.289996	 2.259255	 0.01
 5360.034395	 2.289975	 2.25882 	 0.01
 5375.128274	 2.289978	 2.258642	 0.01
 5375.120387	 2.290123	 2.258627	 0.01
 5390.030128	 2.290042	 2.258278	 0.01
 5390.039094	 2.290006	 2.258289	 0.01
 5405.12753 	 2.290193	 2.257962	 0.01
 5405.12108 	 2.28984 	 2.257707	 0.01
 5420.024875	 2.290038	 2.257463	 0.01
 5420.025706	 2.290065	 2.257405	 0.01
 5435.115152	 2.290084	 2.257308	 0.01
 5435.113842	 2.290228	 2.257314	 0.01
 5450.020857	 2.290233	 2.256939	 0.01
 5450.013276	 2.290122	 2.256952	 0.01
 5465.101553	 2.289996	 2.256368	 0.01
 5480.186417	 2.290004	 2.256133	 0.01
 5480.184668	 2.290273	 2.256344	 0.01
 5495.08571 	 2.290024	 2.255832	 0.01
 5495.085684	 2.290176	 2.255683	 0.01
 5510.17677 	 2.29023 	 2.255635	 0.01
 5510.180088	 2.290164	 2.255402	 0.01
 5525.080256	 2.290036	 2.25507 	 0.01
 5525.082802	 2.290177	 2.255274	 0.01
 5540.169289	 2.290161	 2.254653	 0.01
 5555.064825	 2.29033 	 2.254173	 0.01
 5555.072076	 2.290323	 2.25449 	 0.01
 5570.151389	 2.290176	 2.253814	 0.01
 5570.153456	 2.290111	 2.253779	 0.01
 5585.055097	 2.290273	 2.253679	 0.01
 5585.060708	 2.290003	 2.25343 	 0.01
 5600.144484	 2.290233	 2.253062	 0.01
 5600.136624	 2.290117	 2.253131	 0.01
 5615.051106	 2.29027 	 2.252872	 0.01
 5615.043445	 2.290414	 2.252613	 0.01
 5630.136409	 2.290538	 2.252369	 0.01
 5645.026463	 2.290526	 2.252014	 0.01
 5645.031677	 2.290421	 2.251966	 0.01
 5660.119712	 2.29024 	 2.251495	 0.01
 5660.118553	 2.29038 	 2.251484	 0.01
 5675.022982	 2.290553	 2.251017	 0.01
 5675.023923	 2.290442	 2.250977	 0.01
 5690.109857	 2.290447	 2.250645	 0.01
 5690.115214	 2.290416	 2.250485	 0.01
 5705.00871 	 2.290402	 2.25012 	 0.01
 5705.017387	 2.290618	 2.250028	 0.01
 5720.101649	 2.290682	 2.249881	 0.01
 5720.094518	 2.290552	 2.249623	 0.01
 5735.183179	 2.290725	 2.249143	 0.01
 5735.186299	 2.290724	 2.249106	 0.01
 5750.083212	 2.290657	 2.248611	 0.01
 5765.174725	 2.29065 	 2.24817 	 0.01
 5765.188357	 2.290657	 2.248103	 0.01
 5780.076509	 2.290721	 2.247626	 0.01
 5780.076628	 2.290672	 2.247668	 0.01
 5795.15828 	 2.290673	 2.247096	 0.01
 5795.160002	 2.290926	 2.247232	 0.01
 5810.070969	 2.290853	 2.246589	 0.01
 5810.060881	 2.290766	 2.246603	 0.01
 5825.156171	 2.290769	 2.245989	 0.01
 5825.159697	 2.290896	 2.24606 	 0.01
 5840.049681	 2.290955	 2.245554	 0.01
 5855.148547	 2.291099	 2.244916	 0.01
 5855.140228	 2.290934	 2.244877	 0.01
 5870.044491	 2.290904	 2.244359	 0.01
 5870.044294	 2.291095	 2.244436	 0.01
 5885.137817	 2.291184	 2.243817	 0.01
 5885.135373	 2.291167	 2.243751	 0.01
 5900.030513	 2.291219	 2.243323	 0.01
 5900.033916	 2.291097	 2.243251	 0.01
 5915.121395	 2.291237	 2.242552	 0.01
 5915.128014	 2.291032	 2.242467	 0.01
 5930.02256 	 2.291174	 2.241951	 0.01
 5945.116724	 2.291176	 2.241261	 0.01
 5945.102832	 2.291358	 2.241284	 0.01
 5960.189531	 2.291424	 2.240839	 0.01
 5960.192541	 2.291451	 2.240655	 0.01
 5975.095233	 2.291542	 2.239871	 0.01
 5975.095047	 2.291397	 2.239904	 0.01
 5990.193939	 2.291444	 2.239153	 0.01
 5990.186278	 2.291484	 2.239306	 0.01
 6005.091128	 2.291524	 2.23854 	 0.01
 6020.189427	 2.291754	 2.237976	 0.01
 6020.180589	 2.291739	 2.237904	 0.01
 6035.070745	 2.291517	 2.237116	 0.01
 6035.084013	 2.29159 	 2.236883	 0.01
 6050.171841	 2.29171 	 2.236198	 0.01
 6050.169056	 2.291564	 2.236228	 0.01
 6065.065774	 2.291884	 2.235594	 0.01
 6065.069919	 2.291785	 2.235403	 0.01
 6080.154716	 2.291847	 2.234657	 0.01
 6095.060272	 2.291939	 2.233918	 0.01
 6095.06374 	 2.292094	 2.233892	 0.01
 6110.145991	 2.292077	 2.233057	 0.01
 6110.1408  	 2.292084	 2.233006	 0.01
 6125.055697	 2.292001	 2.232047	 0.01
 6125.04806 	 2.292209	 2.232038	 0.01
 6140.128816	 2.292171	 2.231566	 0.01
 6155.036095	 2.292418	 2.23039 	 0.01
 6155.029557	 2.292311	 2.230498	 0.01
 6170.122099	 2.292432	 2.229483	 0.01
 6170.123342	 2.292271	 2.229268	 0.01
 6185.023946	 2.292327	 2.228375	 0.01
 6185.021018	 2.292444	 2.228609	 0.01
 6200.110688	 2.292635	 2.227558	 0.01
 6200.121794	 2.292537	 2.227464	 0.01
 6215.198348	 2.292637	 2.226487	 0.01
 6215.193509	 2.292619	 2.226643	 0.01
 6230.096875	 2.29275 	 2.225513	 0.01
 6245.195923	 2.292826	 2.224703	 0.01
 6245.186495	 2.292883	 2.224395	 0.01
 6260.088277	 2.293054	 2.223587	 0.01
 6260.095663	 2.293271	 2.22344 	 0.01
 6275.178425	 2.293327	 2.222337	 0.01
 6275.173183	 2.293098	 2.222199	 0.01
 6290.078812	 2.293011	 2.220909	 0.01
 6290.078968	 2.293266	 2.221225	 0.01
 6305.168341	 2.293196	 2.219662	 0.01
 6307.834365	 2.293172	 2.219664	 0.01
 6320.067888	 2.293584	 2.218831	 0.01
 6335.164517	 2.293529	 2.217354	 0.01
 6335.152246	 2.293489	 2.217233	 0.01
 6350.054944	 2.293797	 2.216226	 0.01
 6350.062596	 2.293514	 2.216047	 0.01
 6365.146947	 2.293766	 2.214754	 0.01
 6365.144104	 2.293771	 2.214827	 0.01
 6380.044201	 2.294   	 2.21353 	 0.01
 6380.034891	 2.294058	 2.213372	 0.01
 6395.140027	 2.294085	 2.212106	 0.01
 6410.032258	 2.294186	 2.210558	 0.01
 6410.037843	 2.2942  	 2.210448	 0.01
 6425.120437	 2.294361	 2.209027	 0.01
 6425.125131	 2.29436 	 2.209127	 0.01
 6440.028165	 2.294466	 2.207578	 0.01
 6440.025688	 2.294544	 2.207617	 0.01
 6455.117097	 2.294704	 2.205929	 0.01
 6455.106027	 2.294581	 2.205965	 0.01
 6470.200925	 2.294869	 2.204284	 0.01
 6470.199234	 2.294873	 2.204254	 0.01
 6485.105713	 2.294983	 2.202651	 0.01
 6500.186831	 2.295307	 2.201113	 0.01
 6500.186652	 2.295294	 2.200866	 0.01
 6515.096447	 2.295536	 2.199213	 0.01
 6515.094828	 2.29543 	 2.199294	 0.01
 6530.178268	 2.295483	 2.197143	 0.01
 6530.175466	 2.295449	 2.197147	 0.01
 6545.069463	 2.295817	 2.195265	 0.01
 6545.083235	 2.295754	 2.195358	 0.01
 6560.158944	 2.296063	 2.19324 	 0.01
 6560.164091	 2.295688	 2.193091	 0.01
 6575.063401	 2.296025	 2.191086	 0.01
 6590.14705 	 2.29634 	 2.189116	 0.01
 6590.15065 	 2.296157	 2.189049	 0.01
 6605.061864	 2.29645 	 2.186892	 0.01
 6605.051821	 2.296466	 2.186825	 0.01
 6620.134962	 2.296577	 2.184399	 0.01
 6620.138906	 2.296729	 2.184559	 0.01
 6635.046606	 2.296938	 2.182279	 0.01
 6635.04978 	 2.297007	 2.18233 	 0.01
 6650.134373	 2.297242	 2.179772	 0.01
 6665.037263	 2.297414	 2.177429	 0.01
 6665.038747	 2.297495	 2.177269	 0.01
 6680.125642	 2.297604	 2.174661	 0.01
 6680.121575	 2.297559	 2.174506	 0.01
 6695.211301	 2.298083	 2.172141	 0.01
 6695.214124	 2.297954	 2.172083	 0.01
 6710.109887	 2.298375	 2.169298	 0.01
 6710.110379	 2.298212	 2.169055	 0.01
 6725.197817	 2.298712	 2.166227	 0.01
 6740.101586	 2.298828	 2.16341 	 0.01
 6740.100064	 2.298891	 2.163246	 0.01
 6755.190045	 2.299243	 2.160191	 0.01
 6755.195332	 2.299041	 2.160111	 0.01
 6770.089703	 2.299631	 2.157116	 0.01
 6770.089107	 2.299353	 2.156955	 0.01
 6785.180176	 2.299691	 2.153449	 0.01
 6785.167108	 2.299794	 2.153471	 0.01
 6800.074764	 2.300043	 2.14998 	 0.01
 6815.171031	 2.300523	 2.146622	 0.01
 6815.168934	 2.300557	 2.146436	 0.01
 6830.080552	 2.300996	 2.142916	 0.01
 6830.066162	 2.300833	 2.14272 	 0.01
 6845.144635	 2.301228	 2.138986	 0.01
 6860.059709	 2.301692	 2.134916	 0.01
 6860.057211	 2.301784	 2.135163	 0.01
 6875.140312	 2.302104	 2.1307  	 0.01
 6875.155663	 2.302114	 2.130489	 0.01
 6890.046393	 2.302516	 2.126422	 0.01
 6890.046583	 2.302668	 2.126372	 0.01
 6905.141887	 2.302972	 2.121862	 0.01
 6906.648845	 2.303216	 2.121434	 0.01
 6920.040986	 2.303591	 2.117049	 0.01
 6935.116577	 2.304022	 2.111991	 0.01
 6935.125821	 2.303972	 2.111866	 0.01
 6950.218717	 2.30441 	 2.106716	 0.01
 6950.207483	 2.304373	 2.106618	 0.01
 6965.116008	 2.30484 	 2.101311	 0.01
 6965.118063	 2.305152	 2.101447	 0.01
 6980.196898	 2.305544	 2.095775	 0.01
 6995.095231	 2.306139	 2.090082	 0.01
 6995.08969 	 2.306075	 2.089914	 0.01
 7010.181334	 2.306618	 2.083779	 0.01
 7010.187153	 2.306704	 2.083709	 0.01
 7025.093275	 2.307093	 2.077308	 0.01
 7025.090762	 2.307132	 2.07704 	 0.01
 7040.185686	 2.307789	 2.070443	 0.01
 7055.073625	 2.308453	 2.063713	 0.01
 7055.080855	 2.308627	 2.063724	 0.01
 7070.168815	 2.309266	 2.056579	 0.01
 7070.170649	 2.309335	 2.056287	 0.01
 7085.067282	 2.310108	 2.048969	 0.01
 7085.065166	 2.310196	 2.048689	 0.01
 7100.161405	 2.310971	 2.041023	 0.01
 7100.159154	 2.310863	 2.040763	 0.01
 7115.049506	 2.311732	 2.032701	 0.01
 7130.140384	 2.312409	 2.024323	 0.01
 7130.147947	 2.312333	 2.023807	 0.01
 7145.041337	 2.313189	 2.015333	 0.01
 7145.054483	 2.313244	 2.014868	 0.01
 7160.131008	 2.314201	 2.005791	 0.01
 7160.130599	 2.314171	 2.005578	 0.01
 7175.043541	 2.315057	 1.995866	 0.01
 7190.12507 	 2.315776	 1.986168	 0.01
 7190.128665	 2.315832	 1.985594	 0.01
 7205.205022	 2.316787	 1.975408	 0.01
 7205.209818	 2.31692 	 1.975067	 0.01
 7220.116068	 2.317804	 1.96423 	 0.01
 7220.111526	 2.317907	 1.964054	 0.01
 7235.198532	 2.318902	 1.952841	 0.01
 7250.05398 	 2.320222	 1.942167	 0.01
 7250.09952 	 2.320098	 1.941129	 0.01
 7265.185302	 2.321166	 1.929209	 0.01
 7265.184585	 2.321118	 1.928657	 0.01
 7280.093407	 2.322182	 1.916479	 0.01
 7280.095392	 2.32258 	 1.916332	 0.01
 7295.185171	 2.323417	 1.903612	 0.01
 7295.188763	 2.323679	 1.903258	 0.01
 7310.078774	 2.324529	 1.890063	 0.01
 7325.170822	 2.325783	 1.877111	 0.01
 7325.168483	 2.325949	 1.876532	 0.01
 7340.067872	 2.326997	 1.863175	 0.01
 7340.067385	 2.327019	 1.862602	 0.01
 7355.159929	 2.328248	 1.848493	 0.01
 7355.166765	 2.328293	 1.848147	 0.01
 7370.06707 	 2.3295  	 1.834141	 0.01
 7381.886243	 2.329512	 1.824839	 0.01
 7385.149154	 2.330822	 1.819383	 0.01
 7400.051171	 2.332013	 1.805156	 0.01
 7400.06044 	 2.332061	 1.804782	 0.01
 7415.145149	 2.333348	 1.790276	 0.01
 7415.137761	 2.333292	 1.789838	 0.01
 7430.226435	 2.334545	 1.775327	 0.01
 7435.788854	 2.333953	 1.770816	 0.01
 7445.129305	 2.335684	 1.760932	 0.01
 7460.209609	 2.336864	 1.746973	 0.01
 7460.213845	 2.336803	 1.746615	 0.01
 7475.116558	 2.338065	 1.733027	 0.01
 7475.11373 	 2.338097	 1.732738	 0.01
 7490.201196	 2.339192	 1.719504	 0.01
 7505.105036	 2.340329	 1.707204	 0.01
 7505.098466	 2.340279	 1.706684	 0.01
 7520.188055	 2.341206	 1.694991	 0.01
 7520.186257	 2.34121 	 1.694467	 0.01
 7535.089002	 2.342049	 1.68354 	 0.01
 7535.099363	 2.342115	 1.683335	 0.01
 7550.192716	 2.34274 	 1.673061	 0.01
 7561.715277	 2.342104	 1.66694 	 0.01
 7565.079414	 2.343677	 1.663824	 0.01
 7580.177746	 2.344276	 1.655674	 0.01
 7580.176681	 2.34427 	 1.655662	 0.01
 7595.073391	 2.344856	 1.648711	 0.01
 7595.069162	 2.344783	 1.648532	 0.01
 7610.162748	 2.345343	 1.642876	 0.01
 7625.066709	 2.345645	 1.638509	 0.01
 7625.061193	 2.345651	 1.638403	 0.01
 7640.148493	 2.345968	 1.635228	 0.01
 7640.148617	 2.345881	 1.635119	 0.01
 7655.053953	 2.345981	 1.633576	 0.01
 7655.052524	 2.346009	 1.633354	 0.01
 7670.137752	 2.346097	 1.632984	 0.01
 7685.214106	 2.345972	 1.633723	 0.01
 7685.215081	 2.345942	 1.633652	 0.01
 7700.129989	 2.345828	 1.635858	 0.01
 7700.138525	 2.345732	 1.635808	 0.01
 7715.209941	 2.345686	 1.639193	 0.01
 7715.213815	 2.345634	 1.639232	 0.01
 7730.112397	 2.345374	 1.643777	 0.01
 7745.203209	 2.344891	 1.649332	 0.01
 7745.212622	 2.34494 	 1.649284	 0.01
 7760.109627	 2.344198	 1.655826	 0.01
 7760.094875	 2.344573	 1.655923	 0.01
 7775.207448	 2.343624	 1.663483	 0.01
 7775.195731	 2.343738	 1.663461	 0.01
 7790.091009	 2.343166	 1.671961	 0.01
 7805.181886	 2.342333	 1.681122	 0.01
 7805.17244 	 2.342325	 1.681009	 0.01
 7820.077647	 2.341688	 1.690933	 0.01
 7820.079597	 2.341783	 1.69108 	 0.01
 7835.176802	 2.340803	 1.701567	 0.01
 7850.073278	 2.339972	 1.712669	 0.01
 7850.077164	 2.340129	 1.712205	 0.01
 7865.154633	 2.339018	 1.723768	 0.01
 7865.163724	 2.338986	 1.723627	 0.01
 7880.057761	 2.338195	 1.735305	 0.01
 7887.659864	 2.337421	 1.739208	 0.01
 7895.148431	 2.337167	 1.747134	 0.01
 7910.047326	 2.336209	 1.759247	 0.01
 7910.046462	 2.336164	 1.758872	 0.01
 7925.13631 	 2.33528 	 1.771303	 0.01
 7925.130655	 2.335169	 1.771015	 0.01
 7940.232186	 2.33412 	 1.783561	 0.01
 7955.1287  	 2.333144	 1.795941	 0.01
 7955.125545	 2.333294	 1.795704	 0.01
 7970.218076	 2.332032	 1.80806 	 0.01
 7970.211916	 2.3321  	 1.807663	 0.01
 7985.114086	 2.331156	 1.819917	 0.01
 8000.218879	 2.329818	 1.83236 	 0.01
 8000.201612	 2.329858	 1.831649	 0.01
 8015.102226	 2.328866	 1.8439  	 0.01
 8015.110641	 2.328989	 1.843511	 0.01
 8030.192738	 2.327844	 1.855489	 0.01
 8030.196284	 2.327878	 1.855018	 0.01
 8045.09554 	 2.326889	 1.866721	 0.01
 8060.180264	 2.325898	 1.87812 	 0.01
 8060.18998 	 2.325897	 1.877789	 0.01
 8075.089283	 2.324895	 1.888891	 0.01
 8075.080338	 2.324985	 1.888604	 0.01
 8090.167366	 2.323902	 1.899567	 0.01
 8105.070549	 2.322881	 1.91022 	 0.01
 8105.080062	 2.322919	 1.909907	 0.01
 8120.158515	 2.321998	 1.920304	 0.01
 8120.165092	 2.322103	 1.920209	 0.01
 8135.069346	 2.321345	 1.930289	 0.01
 8150.150861	 2.320157	 1.940368	 0.01
 8150.15254 	 2.320227	 1.939988	 0.01
 8165.241208	 2.319386	 1.949823	 0.01
 8165.23131 	 2.319349	 1.949503	 0.01
 8180.14158 	 2.318487	 1.958782	 0.01
 8195.22719 	 2.317592	 1.968262	 0.01
 8195.223689	 2.317473	 1.967761	 0.01
 8210.124868	 2.316934	 1.976684	 0.01
 8210.125262	 2.316849	 1.976209	 0.01
 8225.210158	 2.316182	 1.985092	 0.01
 8240.113526	 2.315149	 1.993372	 0.01
 8240.124466	 2.315403	 1.993081	 0.01
 8255.199218	 2.314528	 2.001228	 0.01
 8255.204848	 2.314503	 2.000922	 0.01
 8270.104747	 2.313789	 2.008786	 0.01
 8285.191114	 2.312997	 2.016541	 0.01
 8285.188807	 2.313173	 2.01636 	 0.01
 8300.101899	 2.312376	 2.023721	 0.01
 8300.097479	 2.312352	 2.023355	 0.01
 8315.180416	 2.311567	 2.030709	 0.01
 8330.085126	 2.311022	 2.037612	 0.01
 8330.083252	 2.310849	 2.037301	 0.01
 8345.166261	 2.310323	 2.04426 	 0.01
 8345.168173	 2.310471	 2.044066	 0.01
 8360.074081	 2.309752	 2.050535	 0.01
 8375.159403	 2.309158	 2.056975	 0.01
 8375.160805	 2.309022	 2.056706	 0.01
 8390.05783 	 2.308483	 2.062726	 0.01
 8390.08212 	 2.308466	 2.062658	 0.01
 8405.146923	 2.308002	 2.068649	 0.01
 8420.232876	 2.307202	 2.074463	 0.01
 8420.232912	 2.307286	 2.074259	 0.01
 8435.138686	 2.306827	 2.079715	 0.01
 8435.138934	 2.307031	 2.079581	 0.01
 8450.229729	 2.306178	 2.085189	 0.01
 8465.127396	 2.305781	 2.09028 	 0.01
 8465.129425	 2.305809	 2.090036	 0.01
 8480.21793 	 2.30527 	 2.095156	 0.01
 8495.122056	 2.304772	 2.100129	 0.01
 8495.114623	 2.304805	 2.0998  	 0.01
 8510.201865	 2.304372	 2.104825	 0.01
 8510.206128	 2.30437 	 2.104655	 0.01
 8525.106697	 2.303826	 2.109261	 0.01
 8540.195776	 2.30331 	 2.113651	 0.01
 8540.199929	 2.303334	 2.113482	 0.01
 8555.095588	 2.303016	 2.117819	 0.01
 8555.099959	 2.303104	 2.117613	 0.01
 8570.195522	 2.302322	 2.121862	 0.01
 8585.080783	 2.302154	 2.125951	 0.01
 8585.095579	 2.30211 	 2.125769	 0.01
 8600.166074	 2.301634	 2.129542	 0.01
 8600.180567	 2.301639	 2.129504	 0.01
 8615.074706	 2.301375	 2.133378	 0.01
 8630.162759	 2.301075	 2.137111	 0.01
 8630.166702	 2.300914	 2.136815	 0.01
 8645.061357	 2.300484	 2.140378	 0.01
 8645.065321	 2.300555	 2.140379	 0.01
 8660.150054	 2.300102	 2.143871	 0.01
 8675.241484	 2.299826	 2.14721 	 0.01
 8675.234698	 2.300036	 2.14725 	 0.01
 8690.140315	 2.299583	 2.150397	 0.01
 8690.145875	 2.299395	 2.150142	 0.01
 8705.226551	 2.299074	 2.153325	 0.01
 8720.12867 	 2.298745	 2.156381	 0.01
 8720.129029	 2.298856	 2.156307	 0.01
 8735.207938	 2.298542	 2.159293	 0.01
 8750.110976	 2.298314	 2.162051	 0.01
 8750.127254	 2.298228	 2.162136	 0.01
 8765.206521	 2.297885	 2.164786	 0.01
 8780.108786	 2.297788	 2.167682	 0.01
 8780.115864	 2.29753 	 2.167459	 0.01
 8795.19627 	 2.297616	 2.170189	 0.01
 8795.195368	 2.297307	 2.170011	 0.01
 8810.10266 	 2.297036	 2.172294	 0.01
 8825.183322	 2.296944	 2.174937	 0.01
 8825.183696	 2.296773	 2.174844	 0.01
 8840.099903	 2.296554	 2.177368	 0.01
 8840.077591	 2.296513	 2.177431	 0.01
 8855.176354	 2.296514	 2.179717	 0.01
 8870.078082	 2.296079	 2.181792	 0.01
 8870.074744	 2.29615 	 2.181892	 0.01
 8885.161402	 2.295863	 2.184016	 0.01
 8900.24757 	 2.295714	 2.186236	 0.01
 8900.253344	 2.295665	 2.186038	 0.01
 8915.153033	 2.29543 	 2.1883  	 0.01
 8915.149299	 2.295432	 2.188077	 0.01
 8930.240519	 2.295232	 2.190169	 0.01
 8945.145346	 2.294802	 2.191821	 0.01
 8945.141143	 2.294986	 2.191953	 0.01
 8960.227661	 2.29452 	 2.193742	 0.01
 8960.2273  	 2.29484 	 2.19378 	 0.01
 8975.139403	 2.294587	 2.195663	 0.01
 8990.212611	 2.294462	 2.197319	 0.01
 8990.222424	 2.294379	 2.197301	 0.01
 9005.12304 	 2.29404 	 2.199094	 0.01
 9020.208013	 2.293924	 2.2008  	 0.01
 9020.19862 	 2.294017	 2.200819	 0.01
 9035.113982	 2.293893	 2.202342	 0.01
 9050.201769	 2.293588	 2.203895	 0.01
 9050.195075	 2.293575	 2.203948	 0.01
 9065.094051	 2.293489	 2.205376	 0.01
 9065.096104	 2.29323 	 2.205545	 0.01
 9080.175733	 2.293113	 2.206875	 0.01
 9095.088901	 2.293114	 2.208293	 0.01
 9095.082758	 2.29309 	 2.208366	 0.01
 9110.17209 	 2.292986	 2.209898	 0.01
 9125.081204	 2.292529	 2.211091	 0.01
 9125.079433	 2.292827	 2.211206	 0.01
 9140.164864	 2.292728	 2.212567	 0.01
 9140.164062	 2.292599	 2.212447	 0.01
 9155.251962	 2.292348	 2.213794	 0.01
 9170.154965	 2.292136	 2.215018	 0.01
 9170.152434	 2.292251	 2.215002	 0.01
 9185.23435 	 2.292299	 2.216364	 0.01
 9200.142575	 2.292015	 2.217509	 0.01
 9200.147163	 2.292156	 2.21756 	 0.01
 9215.230241	 2.291902	 2.218568	 0.01
 9215.231985	 2.291789	 2.218624	 0.01
 9230.1381  	 2.291644	 2.219814	 0.01
 9245.221981	 2.291586	 2.220901	 0.01
 9245.224567	 2.291608	 2.221012	 0.01
 9260.127032	 2.291511	 2.221847	 0.01
 9275.206114	 2.29135 	 2.223108	 0.01
 9275.213027	 2.291288	 2.222936	 0.01
 9290.106521	 2.291111	 2.224059	 0.01
 9290.110511	 2.291214	 2.22423 	 0.01
 9305.198677	 2.291147	 2.22528 	 0.01
 9320.099279	 2.290935	 2.22597 	 0.01
 9320.099366	 2.290999	 2.226008	 0.01
 9335.178891	 2.290917	 2.227154	 0.01
 9350.081828	 2.290758	 2.228028	 0.01
 9350.086968	 2.290852	 2.228022	 0.01
 9365.171305	 2.290673	 2.228978	 0.01
 9365.180045	 2.290704	 2.228878	 0.01
 9380.072234	 2.290638	 2.22974 	 0.01
 9395.169379	 2.290472	 2.230722	 0.01
 9395.159496	 2.290478	 2.230594	 0.01
 9410.250807	 2.290195	 2.231451	 0.01
 9425.160193	 2.290331	 2.232361	 0.01
 9425.160101	 2.290302	 2.232336	 0.01
 9440.248697	 2.29009 	 2.233396	 0.01
 9455.144525	 2.290103	 2.233984	 0.01
 9455.151264	 2.29    	 2.233886	 0.01
 9470.23385 	 2.289924	 2.234707	 0.01
 9485.132708	 2.289902	 2.235474	 0.01
 9485.131031	 2.289935	 2.235498	 0.01
 9500.217263	 2.289757	 2.236163	 0.01
 9500.228509	 2.289803	 2.236132	 0.01
 9515.116059	 2.289686	 2.236755	 0.01
 9530.207751	 2.289539	 2.237658	 0.01
 9530.211131	 2.289481	 2.237426	 0.01
 9545.113431	 2.289564	 2.238285	 0.01
 9560.197349	 2.289308	 2.23883 	 0.01
 9560.189799	 2.289388	 2.238782	 0.01
 9575.101623	 2.289267	 2.239571	 0.01
 9590.185681	 2.289048	 2.240235	 0.01
 9590.174868	 2.289253	 2.240308	 0.01
 9605.085624	 2.289167	 2.240962	 0.01
 9620.173385	 2.288909	 2.241399	 0.01
 9620.184487	 2.289052	 2.241556	 0.01
 9635.269092	 2.288965	 2.242088	 0.01
 9635.26409 	 2.28914 	 2.242229	 0.01
 9650.172026	 2.288968	 2.242812	 0.01
 9665.253699	 2.288851	 2.243387	 0.01
 9665.251187	 2.288786	 2.243119	 0.01
 9680.157116	 2.28889 	 2.243947	 0.01
 9695.24072 	 2.28861 	 2.244353	 0.01
 9695.239645	 2.28869 	 2.244362	 0.01
 9710.147342	 2.288554	 2.244922	 0.01
 9725.227208	 2.288398	 2.245384	 0.01
 9725.227935	 2.288499	 2.245394	 0.01
 9740.147045	 2.288439	 2.24596 	 0.01
 9755.216479	 2.288536	 2.246449	 0.01
 9755.22559 	 2.288366	 2.246348	 0.01
 9770.122271	 2.288125	 2.24703 	 0.01
 9785.20671 	 2.288273	 2.247431	 0.01
 9785.206569	 2.288333	 2.247536	 0.01
 9800.10731 	 2.288319	 2.247858	 0.01
 9815.201315	 2.288181	 2.248419	 0.01
 9815.187289	 2.28814 	 2.248445	 0.01
 9830.104201	 2.288097	 2.248742	 0.01
 9845.19076 	 2.287964	 2.249331	 0.01
 9845.196578	 2.288041	 2.249057	 0.01
 9860.090327	 2.28812 	 2.249901	 0.01
 9871.66716 	 2.28786 	 2.25017 	 0.01
 9875.177369	 2.287928	 2.250222	 0.01
 9890.263648	 2.287968	 2.250492	 0.01
 9890.265345	 2.287798	 2.250712	 0.01
 9905.164608	 2.287774	 2.250963	 0.01
 9920.258375	 2.287637	 2.2514  	 0.01
 9920.261755	 2.287703	 2.251489	 0.01
 9935.151098	 2.287564	 2.251669	 0.01
 9950.242542	 2.287475	 2.252052	 0.01
 9950.239529	 2.287462	 2.252106	 0.01
 9965.149826	 2.287505	 2.252658	 0.01
 9980.224349	 2.287626	 2.253099	 0.01
 9980.226458	 2.287545	 2.252954	 0.01
 9995.126254	 2.287609	 2.253486	 0.01
10010.23341 	 2.287355	 2.25372 	 0.01
10010.21459 	 2.287384	 2.253709	 0.01
10025.12392 	 2.287254	 2.254003	 0.01
10040.20509 	 2.287372	 2.254371	 0.01
10040.21192 	 2.287321	 2.2544  	 0.01
10055.10953 	 2.287119	 2.254663	 0.01
10070.2013  	 2.287447	 2.255147	 0.01
10070.19807 	 2.287141	 2.255069	 0.01
10085.10968 	 2.287193	 2.255384	 0.01
10100.18823 	 2.28693 	 2.255905	 0.01
10100.18573 	 2.287172	 2.25572 	 0.01
10115.09009 	 2.287093	 2.256134	 0.01
10130.18302 	 2.287043	 2.256404	 0.01
10130.17575 	 2.287057	 2.256415	 0.01
10145.26249 	 2.287005	 2.256604	 0.01
10145.26683 	 2.287127	 2.25663 	 0.01
10160.16137 	 2.28697 	 2.256913	 0.01
10175.24611 	 2.286852	 2.257341	 0.01
10175.24913 	 2.28682 	 2.257225	 0.01
10190.15878 	 2.28679 	 2.257564	 0.01
10205.25103 	 2.286883	 2.257773	 0.01
10205.24273 	 2.28698 	 2.257926	 0.01
10220.14509 	 2.286688	 2.258099	 0.01
10235.24036 	 2.286703	 2.258503	 0.01
10235.23092 	 2.286778	 2.258492	 0.01
10250.13876 	 2.286776	 2.258708	 0.01
10265.2239  	 2.286702	 2.258953	 0.01
10265.22736 	 2.286685	 2.25905 	 0.01
10280.12472 	 2.286609	 2.259325	 0.01
10295.21315 	 2.286543	 2.259412	 0.01
10295.20917 	 2.286798	 2.259634	 0.01
10310.12057 	 2.286512	 2.259675	 0.01
10325.20103 	 2.286534	 2.260159	 0.01
10325.19032 	 2.286502	 2.260017	 0.01
10340.10981 	 2.286383	 2.260208	 0.01
10355.17927 	 2.286448	 2.260414	 0.01
10355.18694 	 2.286564	 2.260516	 0.01
10370.27116 	 2.286528	 2.260862	 0.01
10385.17839 	 2.286426	 2.261006	 0.01
10385.1746  	 2.286525	 2.261023	 0.01
10400.25605 	 2.28645 	 2.261333	 0.01
10415.17652 	 2.28632 	 2.261491	 0.01
10415.1788  	 2.286222	 2.26146 	 0.01
10430.24968 	 2.286259	 2.261697	 0.01
10445.16549 	 2.286197	 2.261794	 0.01
10445.15691 	 2.286332	 2.262023	 0.01
10460.24455 	 2.286279	 2.262116	 0.01
10475.14415 	 2.286242	 2.262332	 0.01
10475.14621 	 2.286043	 2.262112	 0.01
10490.23425 	 2.286132	 2.262506	 0.01
10505.1294  	 2.286058	 2.262654	 0.01
10505.1354  	 2.286065	 2.262818	 0.01
10520.22052 	 2.286172	 2.262953	 0.01
10535.12914 	 2.285986	 2.263015	 0.01
10535.13035 	 2.2861  	 2.263038	 0.01
10550.20778 	 2.28588 	 2.26313 	 0.01
10565.11288 	 2.286038	 2.26348 	 0.01
10565.10402 	 2.286106	 2.263559	 0.01
10580.20122 	 2.286151	 2.263832	 0.01
10595.10828 	 2.286038	 2.263843	 0.01
10595.11101 	 2.285988	 2.263989	 0.01
10610.19166 	 2.285818	 2.263985	 0.01
10625.27766 	 2.28578 	 2.263991	 0.01
10625.27774 	 2.28576 	 2.264101	 0.01
10640.17488 	 2.285777	 2.264216	 0.01
10655.26755 	 2.285738	 2.264703	 0.01
10655.27826 	 2.286122	 2.264629	 0.01
10670.16782 	 2.285834	 2.264788	 0.01
10685.25216 	 2.285871	 2.265078	 0.01
10685.25342 	 2.285726	 2.264932	 0.01
10700.15087 	 2.285885	 2.265096	 0.01
10715.24259 	 2.285684	 2.265156	 0.01
10715.24749 	 2.285768	 2.265088	 0.01
10730.1466  	 2.285726	 2.265482	 0.01
10745.23221 	 2.285787	 2.265687	 0.01
10745.23245 	 2.28577 	 2.265571	 0.01
10760.14531 	 2.285794	 2.265896	 0.01
10775.22138 	 2.285711	 2.265997	 0.01
10775.22052 	 2.285512	 2.265756	 0.01
10790.12574 	 2.285663	 2.266056	 0.01
10805.21223 	 2.28565 	 2.266176	 0.01
10820.11449 	 2.285529	 2.266331	 0.01
10820.11542 	 2.285487	 2.266382	 0.01
10835.20739 	 2.285467	 2.266376	 0.01
10850.10045 	 2.285601	 2.26663 	 0.01
10850.10099 	 2.28567 	 2.2668  	 0.01
10865.18933 	 2.285364	 2.266868	 0.01
10880.27964 	 2.285576	 2.266979	 0.01
10880.27928 	 2.285285	 2.266566	 0.01
10895.19103 	 2.285289	 2.267016	 0.01
10910.27064 	 2.285305	 2.267193	 0.01
10910.27383 	 2.285365	 2.26723 	 0.01
10925.1653  	 2.285379	 2.267494	 0.01
10940.26074 	 2.285445	 2.267462	 0.01
10941.65577 	 2.285952	 2.268021	 0.01
10955.16385 	 2.285279	 2.267561	 0.01
10970.24455 	 2.285207	 2.267409	 0.01
10985.15348 	 2.285216	 2.267737	 0.01
10985.14757 	 2.285326	 2.267717	 0.01
11000.23016 	 2.28526 	 2.267893	 0.01
11015.13419 	 2.285069	 2.268076	 0.01
11015.13353 	 2.285209	 2.268021	 0.01
11030.22306 	 2.285389	 2.268263	 0.01
11045.12353 	 2.285223	 2.268296	 0.01
11045.12426 	 2.285151	 2.26817 	 0.01
11060.21581 	 2.285183	 2.268357	 0.01
11075.11001 	 2.285187	 2.268542	 0.01
11075.10712 	 2.285163	 2.268399	 0.01
11090.20711 	 2.285321	 2.268703	 0.01
11105.28248 	 2.284999	 2.268618	 0.01
11105.27625 	 2.285204	 2.26904 	 0.01
11120.20282 	 2.285249	 2.268921	 0.01
11135.28446 	 2.285301	 2.268936	 0.01
11135.27786 	 2.285048	 2.268915	 0.01
11150.18495 	 2.284955	 2.268907	 0.01
11165.26268 	 2.285064	 2.269289	 0.01
11165.2704  	 2.284985	 2.269235	 0.01
11180.16507 	 2.284957	 2.269271	 0.01
11195.2607  	 2.285146	 2.269469	 0.01
11195.25986 	 2.284982	 2.269342	 0.01
11210.1588  	 2.285019	 2.269524	 0.01
11225.23994 	 2.285145	 2.269806	 0.01
11240.15144 	 2.285014	 2.27    	 0.01
11240.14807 	 2.284968	 2.269777	 0.01
11255.2339  	 2.284986	 2.269926	 0.01
11270.13591 	 2.28488 	 2.27    	 0.01
11270.12432 	 2.284951	 2.26996 	 0.01
11285.23065 	 2.285167	 2.270207	 0.01
11300.12299 	 2.284953	 2.26995 	 0.01
11300.12803 	 2.284927	 2.270312	 0.01
11315.21215 	 2.284972	 2.270244	 0.01
11330.11007 	 2.284862	 2.27046 	 0.01
11330.11369 	 2.284901	 2.270251	 0.01
11345.20369 	 2.284801	 2.270422	 0.01
11360.28368 	 2.284745	 2.270304	 0.01
11375.1918  	 2.284949	 2.270587	 0.01
11375.19218 	 2.284812	 2.270363	 0.01
11390.27942 	 2.284793	 2.270528	 0.01
11405.17807 	 2.284653	 2.270745	 0.01
11405.17391 	 2.284859	 2.270671	 0.01
11420.27277 	 2.2851  	 2.270962	 0.01
11435.15992 	 2.284879	 2.27071 	 0.01
11435.1806  	 2.284974	 2.270924	 0.01
11450.25208 	 2.284837	 2.271126	 0.01
11465.16117 	 2.284589	 2.270995	 0.01
11476.72182 	 2.284683	 2.271036	 0.01
11480.24945 	 2.284968	 2.27126 	 0.01
11495.14844 	 2.28455 	 2.271252	 0.01
11510.23935 	 2.284868	 2.271404	 0.01
11510.23967 	 2.284823	 2.271396	 0.01
11525.13505 	 2.28477 	 2.271281	 0.01
11540.21948 	 2.284597	 2.271488	 0.01
11540.21832 	 2.284732	 2.27134 	 0.01
11555.12555 	 2.284587	 2.271452	 0.01
11570.21896 	 2.284652	 2.271457	 0.01
11570.21749 	 2.284766	 2.271688	 0.01
11585.11708 	 2.284748	 2.271749	 0.01
11600.21089 	 2.284712	 2.27181 	 0.01
11600.19824 	 2.284697	 2.271939	 0.01
11615.28824 	 2.284548	 2.271858	 0.01
11630.18966 	 2.284402	 2.271934	 0.01
11645.27874 	 2.284566	 2.271862	 0.01
11645.27271 	 2.284526	 2.271982	 0.01
11660.18341 	 2.284492	 2.271946	 0.01
11675.27201 	 2.28449 	 2.272177	 0.01
11675.27744 	 2.284454	 2.272029	 0.01
11690.17279 	 2.284522	 2.27228 	 0.01
11705.2557  	 2.284457	 2.272079	 0.01
11705.26173 	 2.284497	 2.272281	 0.01
11720.15954 	 2.284496	 2.27221 	 0.01
11735.24524 	 2.284509	 2.27241 	 0.01
11750.1521  	 2.284448	 2.272298	 0.01
11750.15228 	 2.284435	 2.272428	 0.01
11765.23363 	 2.284491	 2.272362	 0.01
11780.13773 	 2.284621	 2.272631	 0.01
11780.14074 	 2.284281	 2.272491	 0.01
11795.22672 	 2.284466	 2.272791	 0.01
11810.12522 	 2.284598	 2.272725	 0.01
11810.1322  	 2.284356	 2.272626	 0.01
11825.20806 	 2.284408	 2.272686	 0.01
11840.29693 	 2.284265	 2.272717	 0.01
11840.30557 	 2.284414	 2.272851	 0.01
11855.20619 	 2.284342	 2.272788	 0.01
11870.29192 	 2.28428 	 2.272817	 0.01
11885.19515 	 2.284248	 2.272996	 0.01
11900.28791 	 2.284315	 2.272984	 0.01
11900.27819 	 2.284321	 2.27293 	 0.01
11915.18259 	 2.284441	 2.273222	 0.01
11930.26488 	 2.284437	 2.27308 	 0.01
11930.26819 	 2.284201	 2.273178	 0.01
11945.1695  	 2.284341	 2.273203	 0.01
11960.25539 	 2.284184	 2.272995	 0.01
11975.162   	 2.284129	 2.273237	 0.01
11975.15868 	 2.28427 	 2.273214	 0.01
11990.23929 	 2.284097	 2.273222	 0.01
12005.15113 	 2.284213	 2.273416	 0.01
12005.15224 	 2.284189	 2.27345 	 0.01
12020.22974 	 2.284203	 2.273461	 0.01
12035.14759 	 2.284168	 2.273346	 0.01
12050.22247 	 2.284018	 2.273504	 0.01
12050.23084 	 2.284147	 2.273289	 0.01
12065.12921 	 2.284102	 2.273585	 0.01
12080.21656 	 2.283961	 2.273609	 0.01
12080.21659 	 2.284232	 2.27364 	 0.01
12095.312   	 2.284154	 2.273528	 0.01
12110.20498 	 2.284177	 2.273645	 0.01
12125.29595 	 2.28404 	 2.273921	 0.01
12125.29347 	 2.283885	 2.273481	 0.01
12140.19286 	 2.284101	 2.273696	 0.01
12155.27135 	 2.284164	 2.273941	 0.01
12155.2854  	 2.284082	 2.273868	 0.01
12170.18914 	 2.283889	 2.273804	 0.01
12185.27037 	 2.284104	 2.273988	 0.01
12200.16907 	 2.283954	 2.273906	 0.01
12200.16477 	 2.283993	 2.273894	 0.01
12215.26169 	 2.28395 	 2.274047	 0.01
12230.17179 	 2.28403 	 2.274058	 0.01
12230.17861 	 2.283973	 2.273911	 0.01
12245.25159 	 2.283788	 2.274009	 0.01
12260.15315 	 2.283884	 2.274128	 0.01
12260.14909 	 2.283942	 2.274015	 0.01
12275.23781 	 2.283787	 2.273991	 0.01
12290.14208 	 2.283858	 2.274164	 0.01
12305.23411 	 2.283856	 2.274119	 0.01
12305.22824 	 2.283923	 2.274169	 0.01
12320.13328 	 2.283843	 2.274327	 0.01
12335.20781 	 2.283813	 2.274304	 0.01
12335.21387 	 2.28377 	 2.274334	 0.01
12350.30443 	 2.284   	 2.274443	 0.01
12365.21038 	 2.283914	 2.274441	 0.01
12380.29402 	 2.283955	 2.274408	 0.01
12380.29716 	 2.283848	 2.274393	 0.01
12395.20242 	 2.283754	 2.274363	 0.01
12410.28078 	 2.283923	 2.274553	 0.01
12410.27334 	 2.283747	 2.274611	 0.01
12425.18564 	 2.283856	 2.274489	 0.01
12440.26874 	 2.283609	 2.27451 	 0.01
12440.26956 	 2.283777	 2.274547	 0.01
12455.17335 	 2.283862	 2.27467 	 0.01
12470.26339 	 2.283872	 2.274717	 0.01
12485.15721 	 2.283824	 2.274785	 0.01
12485.16934 	 2.283765	 2.274824	 0.01
12500.277   	 2.284194	 2.275528	 0.01
12515.14582 	 2.283845	 2.274834	 0.01
12515.15175 	 2.28371 	 2.27485 	 0.01
12530.2423  	 2.283774	 2.274809	 0.01
12545.13912 	 2.283802	 2.274819	 0.01
12560.22824 	 2.283834	 2.275022	 0.01
12560.22723 	 2.283814	 2.274854	 0.01
12575.31665 	 2.283895	 2.275067	 0.01
12590.22382 	 2.28379 	 2.274913	 0.01
12590.22315 	 2.283767	 2.274996	 0.01
12605.30081 	 2.283556	 2.274954	 0.01
12620.2108  	 2.283678	 2.275145	 0.01
12635.294   	 2.283725	 2.275162	 0.01
12635.28554 	 2.28365 	 2.275173	 0.01
12650.19854 	 2.283804	 2.2753  	 0.01
12665.288   	 2.283677	 2.275028	 0.01
12666.78162 	 2.2833  	 2.274593	 0.01
12680.183   	 2.283734	 2.275175	 0.01
12695.26918 	 2.283741	 2.275196	 0.01
12710.18017 	 2.28362 	 2.27533 	 0.01
12710.17282 	 2.283392	 2.275093	 0.01
12725.25582 	 2.283723	 2.27537 	 0.01
12740.16334 	 2.283697	 2.2753  	 0.01
12755.25186 	 2.283712	 2.275281	 0.01
12755.24934 	 2.283429	 2.275202	 0.01
12770.15495 	 2.283561	 2.27532 	 0.01
12785.24184 	 2.283628	 2.275528	 0.01
12800.13229 	 2.283569	 2.27551 	 0.01
12800.14615 	 2.283546	 2.275525	 0.01
12815.23307 	 2.283789	 2.275669	 0.01
12830.32254 	 2.283675	 2.275463	 0.01
12830.31678 	 2.283494	 2.275377	 0.01
12845.21357 	 2.283503	 2.275464	 0.01
12860.31272 	 2.283672	 2.275633	 0.01
12860.30146 	 2.283503	 2.275514	 0.01
12875.20922 	 2.283601	 2.275684	 0.01
12890.29261 	 2.283521	 2.275513	 0.01
12905.20045 	 2.283537	 2.275736	 0.01
12905.19021 	 2.283737	 2.275764	 0.01
12920.28471 	 2.283542	 2.27569 	 0.01
12935.18544 	 2.283659	 2.276037	 0.01
12950.2771  	 2.283579	 2.2759  	 0.01
12950.27237 	 2.28351 	 2.275879	 0.01
12965.16603 	 2.283599	 2.275873	 0.01
12980.25862 	 2.283433	 2.275733	 0.01
12995.17253 	 2.283598	 2.275943	 0.01
12995.16517 	 2.283534	 2.275952	 0.01
13010.24909 	 2.2835  	 2.27587 	 0.01
13025.15459 	 2.283566	 2.275831	 0.01
13025.15422 	 2.283502	 2.276025	 0.01
13040.23704 	 2.283676	 2.275959	 0.01
13055.1402  	 2.283452	 2.27595 	 0.01
13070.23038 	 2.283633	 2.276079	 0.01
13070.23316 	 2.283524	 2.276204	 0.01
13085.31373 	 2.283585	 2.276031	 0.01
13100.21955 	 2.283416	 2.275866	 0.01
13102.91105 	 2.283639	 2.276287	 0.01
13115.30695 	 2.283622	 2.276141	 0.01
13130.21    	 2.283385	 2.276021	 0.01
13145.29299 	 2.28342 	 2.276192	 0.01
13145.29007 	 2.283465	 2.276064	 0.01
13160.20415 	 2.283587	 2.276179	 0.01
13175.27872 	 2.283584	 2.276203	 0.01
13190.1854  	 2.283606	 2.276336	 0.01
13190.17567 	 2.283561	 2.276136	 0.01
13205.27005 	 2.283373	 2.276176	 0.01
13220.17399 	 2.283434	 2.276227	 0.01
13220.17432 	 2.283394	 2.276199	 0.01
13235.25881 	 2.28343 	 2.276318	 0.01
13250.17028 	 2.283481	 2.276174	 0.01
13265.24742 	 2.283469	 2.276361	 0.01
13265.2561  	 2.283544	 2.276239	 0.01
13280.15047 	 2.283596	 2.276353	 0.01
13295.2413  	 2.283488	 2.276534	 0.01
13310.33107 	 2.283377	 2.276454	 0.01
13310.32471 	 2.283446	 2.276437	 0.01
13325.23323 	 2.283389	 2.276319	 0.01
13340.32036 	 2.283549	 2.276595	 0.01
13355.22275 	 2.283255	 2.276343	 0.01
13355.21791 	 2.28347 	 2.276488	 0.01
13370.30933 	 2.283426	 2.276518	 0.01
13385.20443 	 2.283315	 2.276485	 0.01
13385.20379 	 2.283427	 2.276438	 0.01
13400.30682 	 2.283522	 2.2765  	 0.01
13415.20028 	 2.283366	 2.2766  	 0.01
13430.2862  	 2.283314	 2.27642 	 0.01
13430.28634 	 2.283206	 2.276444	 0.01
13445.19427 	 2.283301	 2.276385	 0.01
13460.27583 	 2.283416	 2.276548	 0.01
13475.17046 	 2.283212	 2.276403	 0.01
13475.17406 	 2.28316 	 2.276522	 0.01
13490.26152 	 2.283183	 2.276552	 0.01
13505.16002 	 2.283263	 2.27665 	 0.01
13520.24848 	 2.28328 	 2.276572	 0.01
13520.2625  	 2.283144	 2.276559	 0.01
13535.15241 	 2.283278	 2.276475	 0.01
13550.24401 	 2.283169	 2.276707	 0.01
13565.32311 	 2.283487	 2.276768	 0.01
13565.32522 	 2.283295	 2.276704	 0.01
13580.23247 	 2.283155	 2.27668 	 0.01
13595.31935 	 2.283427	 2.276898	 0.01
13610.21828 	 2.283217	 2.276623	 0.01
13610.22131 	 2.283266	 2.276758	 0.01
13625.3086  	 2.283092	 2.276722	 0.01
13640.20643 	 2.283191	 2.276904	 0.01
13655.29486 	 2.283145	 2.276709	 0.01
13655.29601 	 2.283093	 2.276811	 0.01
13670.19902 	 2.283292	 2.276739	 0.01
13685.2806  	 2.283312	 2.276889	 0.01
13700.18596 	 2.283142	 2.276746	 0.01
13700.19103 	 2.283126	 2.276701	 0.01
            	         	         	  
            	         	         	  
            	         	         	  
            	         	         	  
            	         	         	  
            	         	         	  
            	         	         	  
            	         	         	  
            	         	         	  
            	         	         	  
            	         	         	  
            	         	         	  
            	         	         	  
            	         	         	  
            	         	         	  
            	         	         	  
            	         	         	  
            	         	         	  
            	         	         	  
            	         	         	  
            	         	         	  
            	         	         	  
            	         	         	  
            	         	         	  
            	         	         	  
            	         	         	  
            	         	         	  
            	         	         	  
            	         	         	  
            	         	         	  
            	         	         	  
            	         	         	  
            	         	         	  
            	         	         	  
            	         	         	  
            	         	         	  
            	         	         	  
            	         	         	  
            	         	         	  
            	         	         	  
            	         	         	  
            	         	         	  
            	         	         	  
            	         	         	  
            	         	         	  
            	         	         	  
            	         	         	  
            	         	         	  
            	         	         	  
            	         	         	  
            	         	         	  
            	         	         	  
            	         	         	  
            	         	         	  
            	         	         	  
            	         	         	  
            	         	         	  
            	         	         	  
            	         	         	  
            	         	         	  
            	         	         	  
            	         	         	  
            	         	         	  
            	         	         	  
            	         	         	  
            	         	         	  
            	         	         	  
            	         	         	  
            	         	         	  
            	         	         	  
            	         	         	  
            	         	         	  
            	         	         	  
            	         	         	  
            	         	         	  
            	         	         	  
            	         	         	  
            	         	         	  
            	         	         	  
            	         	         	  
            	         	         	  
            	         	         	  
            	         	         	  
            	         	         	  
            	         	         	  
            	         	         	  
            	         	         	  
            	         	         	  
            	         	         	  
            	         	         	  
            	         	         	  
            	         	         	  
            	         	         	  
            	         	         	  
            	         	         	  
            	         	         	  
            	         	         	  
            	         	         	  
            	         	         	  
            	         	         	  
            	         	         	  
            	         	         	  