2240.047022	2.165834	2.150244	0.0001
2240.063932	2.165845	2.150115	0.0001
2254.963578	2.165946	2.149995	0.0001
2254.955862	2.165810	2.150191	0.0001
2270.048626	2.165736	2.149961	0.0001
2270.041569	2.165776	2.150063	0.0001
2285.134696	2.165789	2.150204	0.0001
2285.130454	2.165880	2.149939	0.0001
2300.032185	2.165659	2.149988	0.0001
2300.034641	2.165896	2.150048	0.0001
2300.032565	2.165759	2.150086	0.0001
2315.123406	2.165813	2.149920	0.0001
2315.124744	2.165823	2.149980	0.0001
2330.026494	2.165769	2.149893	0.0001
2330.018394	2.165702	2.149985	0.0001
2345.105983	2.165816	2.149842	0.0001
2345.102426	2.165568	2.149664	0.0001
2360.008060	2.165797	2.149721	0.0001
2360.013529	2.165595	2.149783	0.0001
2360.005183	2.165785	2.149663	0.0001
2375.097447	2.165852	2.149863	0.0001
2375.100362	2.165888	2.149811	0.0001
2390.001746	2.165749	2.149701	0.0001
2390.002934	2.165825	2.149696	0.0001
2405.094484	2.165981	2.149911	0.0001
2405.094833	2.165714	2.149577	0.0001
2419.995428	2.165764	2.149491	0.0001
2419.988485	2.165879	2.149636	0.0001
2435.088695	2.165644	2.149568	0.0001
2435.083651	2.165726	2.149576	0.0001
2449.982140	2.165828	2.149608	0.0001
2449.980553	2.165664	2.149618	0.0001
2449.979197	2.165774	2.149497	0.0001
2465.068324	2.165704	2.149340	0.0001
2465.071151	2.165509	2.149326	0.0001
2479.971591	2.165490	2.149250	0.0001
2479.970951	2.165816	2.149147	0.0001
2495.052365	2.165653	2.149253	0.0001
2495.065163	2.165563	2.149272	0.0001
2509.955502	2.165667	2.149420	0.0001
2509.956457	2.165695	2.149369	0.0001
2525.056045	2.165712	2.149369	0.0001
2525.038170	2.165775	2.149139	0.0001
2540.133872	2.165912	2.149244	0.0001
2540.129928	2.165586	2.149252	0.0001
2555.034048	2.165669	2.149050	0.0001
2555.042752	2.165600	2.149132	0.0001
2570.123201	2.165771	2.149025	0.0001
2570.124659	2.165578	2.148980	0.0001
2570.114607	2.165528	2.149032	0.0001
2585.030762	2.165448	2.148798	0.0001
2585.018794	2.165496	2.148782	0.0001
2600.102028	2.165514	2.148640	0.0001
2600.110447	2.165643	2.148856	0.0001
2615.014320	2.165524	2.148744	0.0001
2615.010772	2.165693	2.148864	0.0001
2630.091935	2.165688	2.148738	0.0001
2630.105538	2.165630	2.148710	0.0001
2630.099149	2.165665	2.148789	0.0001
2644.999562	2.165633	2.148639	0.0001
2644.999497	2.165553	2.148696	0.0001
2660.091032	2.165756	2.148769	0.0001
2660.083161	2.165624	2.148631	0.0001
2674.995735	2.165631	2.148603	0.0001
2674.990745	2.165540	2.148622	0.0001
2690.080241	2.165623	2.148535	0.0001
2690.077162	2.165447	2.148604	0.0001
2704.981809	2.165406	2.148275	0.0001
2704.987579	2.165637	2.148378	0.0001
2720.067663	2.165625	2.148388	0.0001
2720.070156	2.165671	2.148435	0.0001
2734.970242	2.165535	2.148223	0.0001
2734.975279	2.165307	2.148179	0.0001
2734.977440	2.165575	2.148195	0.0001
2750.058185	2.165653	2.148356	0.0001
2750.059210	2.165560	2.148178	0.0001
2764.961073	2.165593	2.148213	0.0001
2764.968856	2.165369	2.148101	0.0001
2780.049009	2.165604	2.148118	0.0001
2780.048131	2.165497	2.148044	0.0001
2795.151930	2.165409	2.147968	0.0001
2795.132115	2.165660	2.148064	0.0001
2810.038227	2.165507	2.147834	0.0001
2810.030850	2.165740	2.148031	0.0001
2825.123498	2.165630	2.148084	0.0001
2825.116604	2.165501	2.147916	0.0001
2840.027124	2.165486	2.147871	0.0001
2840.021121	2.165608	2.148000	0.0001
2855.114654	2.165653	2.147845	0.0001
2855.098288	2.165577	2.147793	0.0001
2855.364525	2.165344	2.147706	0.0001
2870.018629	2.165481	2.147835	0.0001
2870.005752	2.165553	2.147839	0.0001
2885.098871	2.165677	2.147570	0.0001
2885.104307	2.165674	2.147756	0.0001
2899.996474	2.165648	2.147685	0.0001
2900.003694	2.165716	2.147754	0.0001
2915.085323	2.165602	2.147578	0.0001
2915.098990	2.165761	2.147630	0.0001
2929.993011	2.165715	2.147647	0.0001
2930.000260	2.165545	2.147539	0.0001
2945.082405	2.165605	2.147470	0.0001
2945.077727	2.165410	2.147263	0.0001
2959.986338	2.165638	2.147305	0.0001
2959.979485	2.165810	2.147475	0.0001
2975.063728	2.165726	2.147468	0.0001
2975.067882	2.165566	2.147290	0.0001
2975.065596	2.165646	2.147281	0.0001
2989.974296	2.165526	2.147350	0.0001
2989.977085	2.165423	2.147102	0.0001
3005.045964	2.165463	2.147153	0.0001
3005.052870	2.165690	2.147240	0.0001
3020.143320	2.165582	2.147081	0.0001
3020.142878	2.165515	2.147158	0.0001
3035.044582	2.165428	2.146882	0.0001
3035.048487	2.165551	2.146899	0.0001
3050.137354	2.165544	2.146858	0.0001
3050.127741	2.165615	2.146918	0.0001
3065.036916	2.165644	2.146806	0.0001
3065.033193	2.165602	2.146995	0.0001
3080.123971	2.165507	2.146799	0.0001
3080.119279	2.165617	2.146835	0.0001
3095.029562	2.165584	2.146597	0.0001
3095.029076	2.165647	2.146679	0.0001
3110.109042	2.165239	2.146508	0.0001
3110.109030	2.165559	2.146498	0.0001
3110.118327	2.165508	2.146486	0.0001
3125.016999	2.165775	2.146457	0.0001
3125.014216	2.165686	2.146595	0.0001
3140.106146	2.165598	2.146399	0.0001
3140.101120	2.165638	2.146559	0.0001
3155.005193	2.165640	2.146475	0.0001
3155.004859	2.165435	2.146319	0.0001
3170.090587	2.165504	2.146212	0.0001
3170.093662	2.165555	2.146183	0.0001
3184.977801	2.165549	2.146080	0.0001
3185.004665	2.165447	2.146142	0.0001
3200.078833	2.165523	2.145966	0.0001
3200.069769	2.165503	2.146141	0.0001
3214.983284	2.165544	2.146035	0.0001
3214.982709	2.165506	2.145918	0.0001
3230.078724	2.165664	2.146004	0.0001
3230.064539	2.165525	2.146024	0.0001
3244.967260	2.165488	2.145861	0.0001
3244.968534	2.165547	2.146020	0.0001
3244.975866	2.165485	2.145869	0.0001
3260.063753	2.165728	2.145906	0.0001
3260.050731	2.165583	2.145864	0.0001
3275.146949	2.165756	2.145896	0.0001
3275.141109	2.165531	2.145666	0.0001
3290.043245	2.165561	2.145704	0.0001
3290.046160	2.165558	2.145712	0.0001
3305.131787	2.165696	2.145575	0.0001
3305.142553	2.165652	2.145648	0.0001
3320.039966	2.165599	2.145455	0.0001
3320.041589	2.165544	2.145507	0.0001
3335.109588	2.165632	2.145314	0.0001
3335.108787	2.165759	2.145452	0.0001
3350.023877	2.165569	2.145036	0.0001
3350.031541	2.165544	2.145302	0.0001
3365.114224	2.165558	2.145292	0.0001
3365.113456	2.165619	2.145073	0.0001
3380.024495	2.165616	2.145216	0.0001
3380.008627	2.165639	2.145068	0.0001
3395.103013	2.165539	2.144988	0.0001
3395.102493	2.165565	2.144992	0.0001
3410.002506	2.165545	2.145026	0.0001
3409.999037	2.165710	2.145078	0.0001
3425.096608	2.165731	2.144850	0.0001
3425.091924	2.165728	2.144877	0.0001
3439.999365	2.165700	2.144665	0.0001
3439.988680	2.165886	2.144974	0.0001
3455.087791	2.165610	2.144793	0.0001
3455.071304	2.165778	2.144752	0.0001
3469.980899	2.165719	2.144724	0.0001
3469.984967	2.165801	2.144500	0.0001
3485.070870	2.165659	2.144619	0.0001
3485.067793	2.165576	2.144373	0.0001
3499.972050	2.165731	2.144326	0.0001
3499.970682	2.165585	2.144336	0.0001
3515.058524	2.165673	2.144156	0.0001
3515.058432	2.165708	2.144258	0.0001
3530.143736	2.165795	2.144199	0.0001
3530.147621	2.165629	2.144222	0.0001
3545.043934	2.165662	2.144087	0.0001
3545.050177	2.165741	2.144068	0.0001
3560.138756	2.165639	2.143951	0.0001
3560.127799	2.165719	2.144192	0.0001
3575.039405	2.165630	2.143833	0.0001
3575.049306	2.165583	2.143857	0.0001
3590.127718	2.165698	2.143677	0.0001
3590.128325	2.165643	2.143639	0.0001
3605.026930	2.165738	2.143755	0.0001
3605.035811	2.165820	2.143835	0.0001
3620.119220	2.165874	2.143725	0.0001
3620.108597	2.165568	2.143437	0.0001
3635.013916	2.165555	2.143336	0.0001
3635.012639	2.165771	2.143645	0.0001
3650.100475	2.165716	2.143332	0.0001
3650.102091	2.165881	2.143423	0.0001
3665.004074	2.165835	2.143298	0.0001
3665.003324	2.166000	2.143438	0.0001
3680.100257	2.165750	2.143225	0.0001
3680.091401	2.165748	2.143084	0.0001
3694.990626	2.166026	2.143258	0.0001
3694.992476	2.165672	2.142984	0.0001
3710.083653	2.165673	2.142737	0.0001
3710.083810	2.165583	2.142842	0.0001
3724.978391	2.165728	2.142737	0.0001
3724.984503	2.165841	2.142910	0.0001
3740.075550	2.165773	2.142663	0.0001
3740.071366	2.165813	2.142749	0.0001
3740.065767	2.165794	2.142816	0.0001
3755.153537	2.165903	2.142678	0.0001
3770.057310	2.165733	2.142483	0.0001
3770.055587	2.165888	2.142653	0.0001
3785.145762	2.165881	2.142395	0.0001
3785.143450	2.165906	2.142360	0.0001
3800.028152	2.165682	2.142255	0.0001
3800.052911	2.166004	2.142204	0.0001
3815.132864	2.165783	2.142243	0.0001
3815.136600	2.165836	2.142170	0.0001
3830.045316	2.165911	2.142056	0.0001
3830.034974	2.165761	2.141813	0.0001
3845.121880	2.165775	2.141675	0.0001
3845.111611	2.165839	2.141867	0.0001
3860.032557	2.165868	2.141745	0.0001
3860.021600	2.166078	2.141851	0.0001
3875.112897	2.165902	2.141720	0.0001
3875.110526	2.165990	2.141693	0.0001
3890.009417	2.165994	2.141597	0.0001
3890.011833	2.166119	2.141577	0.0001
3905.100629	2.165915	2.141446	0.0001
3905.102464	2.166043	2.141569	0.0001
3920.002722	2.165973	2.141504	0.0001
3919.998510	2.165933	2.141321	0.0001
3935.095450	2.166044	2.141219	0.0001
3935.089023	2.165973	2.141327	0.0001
3949.999262	2.165808	2.141038	0.0001
3949.988729	2.165927	2.140940	0.0001
3965.082862	2.165921	2.141041	0.0001
3965.070784	2.166030	2.140908	0.0001
3979.983358	2.166130	2.140788	0.0001
3979.974195	2.165898	2.140816	0.0001
3995.069291	2.166143	2.140548	0.0001
3995.075270	2.165982	2.140585	0.0001
4010.160501	2.165971	2.140358	0.0001
4010.164429	2.166108	2.140629	0.0001
4025.057610	2.165982	2.140265	0.0001
4025.063618	2.165902	2.140275	0.0001
4040.158860	2.166010	2.140064	0.0001
4040.142135	2.166079	2.140153	0.0001
4055.047592	2.166121	2.139936	0.0001
4055.043696	2.166008	2.140054	0.0001
4070.138896	2.166069	2.139847	0.0001
4070.134583	2.166031	2.139955	0.0001
4085.034949	2.166020	2.139839	0.0001
4100.122995	2.166086	2.139653	0.0001
4100.126154	2.166146	2.139773	0.0001
4115.029669	2.166251	2.139581	0.0001
4115.029056	2.166036	2.139341	0.0001
4130.118856	2.166081	2.139192	0.0001
4130.114517	2.165891	2.139198	0.0001
4145.018514	2.166063	2.139101	0.0001
4145.018859	2.166073	2.139216	0.0001
4160.096349	2.166382	2.139118	0.0001
4160.107667	2.166234	2.139079	0.0001
4175.001279	2.166246	2.139023	0.0001
4175.010073	2.166169	2.138903	0.0001
4190.085569	2.166324	2.138739	0.0001
4190.079444	2.166232	2.138603	0.0001
4204.993095	2.166217	2.138529	0.0001
4204.994880	2.166247	2.138555	0.0001
4220.073035	2.166232	2.138453	0.0001
4220.078266	2.166452	2.138568	0.0001
4234.979444	2.166462	2.138411	0.0001
4234.983188	2.166203	2.138193	0.0001
4250.065204	2.166238	2.138065	0.0001
4250.069123	2.166371	2.138121	0.0001
4265.161575	2.166261	2.137812	0.0001
4265.155631	2.166291	2.138066	0.0001
4280.062147	2.166240	2.137662	0.0001
4280.059692	2.166371	2.137816	0.0001
4295.151296	2.166259	2.137519	0.0001
4295.146073	2.166062	2.137418	0.0001
4310.049450	2.166283	2.137630	0.0001
4310.046363	2.166286	2.137430	0.0001
4325.136537	2.166559	2.137320	0.0001
4325.137043	2.166268	2.137144	0.0001
4340.035379	2.166473	2.136923	0.0001
4340.041863	2.166460	2.137104	0.0001
4355.128343	2.166326	2.136743	0.0001
4370.025124	2.166431	2.136785	0.0001
4370.031719	2.166482	2.136635	0.0001
4385.100818	2.166569	2.136492	0.0001
4385.115984	2.166498	2.136266	0.0001
4400.013358	2.166604	2.136342	0.0001
4400.022845	2.166617	2.136337	0.0001
4415.109694	2.166468	2.135986	0.0001
4415.102941	2.166564	2.136183	0.0001
4430.006044	2.166573	2.136052	0.0001
4430.008050	2.166605	2.135989	0.0001
4445.097021	2.166505	2.135519	0.0001
4445.090253	2.166527	2.135608	0.0001
4460.002180	2.166578	2.135497	0.0001
4459.990530	2.166587	2.135570	0.0001
4475.086166	2.166542	2.135230	0.0001
4475.087101	2.166711	2.135436	0.0001
4490.170718	2.166625	2.135193	0.0001
4490.168007	2.166669	2.135114	0.0001
4505.073892	2.166646	2.134895	0.0001
4505.073661	2.166578	2.134901	0.0001
4520.165171	2.166684	2.134618	0.0001
4520.155538	2.166796	2.134818	0.0001
4535.066562	2.166797	2.134615	0.0001
4535.056238	2.166759	2.134518	0.0001
4550.147719	2.166876	2.134401	0.0001
4565.051399	2.166809	2.134057	0.0001
4565.049350	2.166831	2.133973	0.0001
4580.134791	2.166690	2.133812	0.0001
4580.137541	2.166739	2.133727	0.0001
4595.037675	2.166734	2.133611	0.0001
4595.034332	2.166919	2.133655	0.0001
4610.130268	2.166930	2.133360	0.0001
4610.131186	2.166751	2.133361	0.0001
4625.018870	2.166789	2.133233	0.0001
4625.026891	2.166673	2.133082	0.0001
4640.120784	2.166803	2.132860	0.0001
4640.114176	2.166818	2.132861	0.0001
4655.015104	2.166854	2.132627	0.0001
4655.019240	2.166876	2.132578	0.0001
4670.113634	2.166880	2.132372	0.0001
4670.097979	2.166743	2.132358	0.0001
4685.007704	2.166907	2.132153	0.0001
4685.003380	2.166971	2.132171	0.0001
4700.089370	2.167041	2.132022	0.0001
4700.092819	2.166976	2.132081	0.0001
4715.002124	2.167060	2.131826	0.0001
4714.992255	2.167160	2.131846	0.0001
4730.080256	2.167359	2.131562	0.0001
4730.088959	2.167138	2.131472	0.0001
4745.169848	2.167190	2.131145	0.0001
4745.161287	2.167212	2.131066	0.0001
4760.070455	2.167290	2.130919	0.0001
4760.073904	2.167104	2.131049	0.0001
4775.161811	2.167156	2.130811	0.0001
4775.168837	2.167163	2.130638	0.0001
4790.063078	2.167182	2.130382	0.0001
4805.151583	2.167414	2.130106	0.0001
4805.146949	2.167307	2.130298	0.0001
4820.042637	2.167184	2.129886	0.0001
4820.046064	2.167290	2.129880	0.0001
4835.136965	2.167371	2.129610	0.0001
4835.141399	2.167389	2.129498	0.0001
4850.039588	2.167409	2.129354	0.0001
4850.042703	2.167458	2.129362	0.0001
4865.129676	2.167401	2.128967	0.0001
4865.124390	2.167458	2.129145	0.0001
4880.026129	2.167466	2.128820	0.0001
4880.026585	2.167504	2.128790	0.0001
4895.118440	2.167518	2.128388	0.0001
4895.113243	2.167580	2.128531	0.0001
4910.018647	2.167614	2.128131	0.0001
4925.107857	2.167583	2.127822	0.0001
4925.115232	2.167607	2.127946	0.0001
4940.002808	2.167697	2.127511	0.0001
4940.013422	2.167657	2.127592	0.0001
4955.093393	2.167822	2.127259	0.0001
4955.093890	2.167717	2.127260	0.0001
4969.999284	2.167678	2.126928	0.0001
4970.000565	2.167895	2.127179	0.0001
4985.080127	2.167894	2.126681	0.0001
4985.085102	2.167745	2.126460	0.0001
5000.162696	2.167929	2.126220	0.0001
5000.158275	2.167993	2.126109	0.0001
5015.070248	2.167926	2.125981	0.0001
5015.069462	2.167992	2.125929	0.0001
5030.160471	2.167942	2.125707	0.0001
5030.162178	2.167893	2.125540	0.0001
5045.062235	2.167961	2.125176	0.0001
5045.060036	2.167982	2.125221	0.0001
5060.137309	2.168045	2.124925	0.0001
5060.148855	2.168222	2.124868	0.0001
5075.048658	2.168147	2.124627	0.0001
5090.132939	2.168283	2.124101	0.0001
5090.140040	2.168160	2.124162	0.0001
5105.034415	2.168019	2.123647	0.0001
5105.040077	2.168256	2.123763	0.0001
5120.128923	2.168357	2.123444	0.0001
5120.125645	2.168284	2.123443	0.0001
5135.021390	2.168279	2.123165	0.0001
5135.025877	2.168374	2.123065	0.0001
5150.110686	2.168569	2.122735	0.0001
5150.113119	2.168520	2.122720	0.0001
5165.008232	2.168676	2.122453	0.0001
5165.015304	2.168458	2.122327	0.0001
5180.101347	2.168525	2.121927	0.0001
5180.111467	2.168356	2.121830	0.0001
5195.010022	2.168534	2.121550	0.0001
5195.011028	2.168651	2.121606	0.0001
5210.096894	2.168583	2.120981	0.0001
5210.090717	2.168518	2.121174	0.0001
5225.174655	2.168851	2.120913	0.0001
5225.189848	2.168827	2.120716	0.0001
5240.085408	2.168891	2.120400	0.0001
5255.176032	2.168807	2.119783	0.0001
5255.190077	2.168847	2.119857	0.0001
5270.080240	2.168873	2.119555	0.0001
5270.082955	2.168850	2.119382	0.0001
5285.158598	2.169117	2.119121	0.0001
5285.165355	2.168998	2.119116	0.0001
5300.062479	2.169030	2.118507	0.0001
5300.058641	2.169039	2.118552	0.0001
5315.145104	2.169222	2.118118	0.0001
5315.146652	2.169363	2.118235	0.0001
5330.047017	2.169400	2.117830	0.0001
5330.054295	2.169273	2.117740	0.0001
5345.135061	2.169256	2.117004	0.0001
5345.135488	2.169276	2.117054	0.0001
5360.037733	2.169309	2.116368	0.0001
5360.035305	2.169308	2.116518	0.0001
5375.127140	2.169576	2.116264	0.0001
5390.021271	2.169615	2.115677	0.0001
5390.034748	2.169570	2.115562	0.0001
5405.108041	2.169425	2.114994	0.0001
5405.111890	2.169539	2.115123	0.0001
5420.015471	2.169767	2.114707	0.0001
5420.014791	2.169661	2.114606	0.0001
5435.107310	2.169878	2.114017	0.0001
5435.105872	2.169730	2.113948	0.0001
5450.004591	2.169849	2.113432	0.0001
5450.008485	2.169836	2.113450	0.0001
5465.092583	2.170024	2.112856	0.0001
5465.084979	2.169980	2.113026	0.0001
5480.191964	2.170034	2.112271	0.0001
5480.185599	2.169851	2.112415	0.0001
5495.081498	2.170327	2.111888	0.0001
5510.173907	2.170289	2.111438	0.0001
5510.176213	2.170222	2.111308	0.0001
5525.066868	2.170226	2.110663	0.0001
5525.074250	2.170258	2.110803	0.0001
5540.161885	2.170439	2.110099	0.0001
5540.163949	2.170412	2.110139	0.0001
5555.061517	2.170523	2.109562	0.0001
5555.063526	2.170353	2.109510	0.0001
5570.154448	2.170635	2.108772	0.0001
5570.161682	2.170787	2.108952	0.0001
5585.053715	2.170708	2.108240	0.0001
5600.134413	2.170912	2.107530	0.0001
5600.137682	2.170806	2.107468	0.0001
5615.039205	2.171102	2.107061	0.0001
5615.043133	2.170977	2.107031	0.0001
5630.129826	2.171196	2.106200	0.0001
5630.131899	2.171234	2.106149	0.0001
5645.027734	2.171129	2.105446	0.0001
5645.025034	2.171105	2.105468	0.0001
5660.122374	2.171328	2.104733	0.0001
5660.116743	2.171248	2.104849	0.0001
5675.016870	2.171488	2.103972	0.0001
5675.028183	2.171522	2.104167	0.0001
5690.102092	2.171717	2.103324	0.0001
5705.011631	2.171784	2.102545	0.0001
5705.007917	2.171878	2.102748	0.0001
5720.094415	2.171946	2.101881	0.0001
5720.097113	2.171891	2.101875	0.0001
5735.190442	2.172009	2.100974	0.0001
5735.187257	2.171913	2.100813	0.0001
5750.089468	2.172023	2.100176	0.0001
5750.084647	2.172024	2.100218	0.0001
5765.180828	2.172162	2.099521	0.0001
5765.180082	2.172160	2.099248	0.0001
5780.083895	2.172614	2.098731	0.0001
5795.161764	2.172590	2.097850	0.0001
5795.151853	2.172560	2.097899	0.0001
5810.062730	2.172676	2.096913	0.0001
5810.053527	2.172709	2.096967	0.0001
5825.158751	2.172888	2.096069	0.0001
5825.152245	2.172911	2.095960	0.0001
5840.055839	2.172982	2.095065	0.0001
5840.053791	2.173149	2.095057	0.0001
5855.137403	2.173283	2.094274	0.0001
5855.134325	2.173279	2.094276	0.0001
5870.049415	2.173434	2.093508	0.0001
5870.039616	2.173485	2.093392	0.0001
5885.142301	2.173613	2.092333	0.0001
5900.028832	2.173822	2.091360	0.0001
5900.024131	2.173617	2.091292	0.0001
5915.116800	2.173851	2.090286	0.0001
5915.114022	2.173857	2.090211	0.0001
5930.024719	2.174042	2.089244	0.0001
5930.023644	2.174186	2.089335	0.0001
5945.113182	2.174382	2.088295	0.0001
5945.112261	2.174297	2.088283	0.0001
5960.192464	2.174475	2.087112	0.0001
5975.089316	2.174744	2.086089	0.0001
5975.098782	2.174852	2.086147	0.0001
5990.178423	2.174766	2.084830	0.0001
5990.180778	2.174898	2.084988	0.0001
6005.087904	2.175248	2.083867	0.0001
6005.094501	2.175119	2.083809	0.0001
6020.169788	2.175470	2.082785	0.0001
6020.170387	2.175314	2.082735	0.0001
6035.074779	2.175594	2.081521	0.0001
6039.217897	2.174643	2.079912	0.0001
6050.163564	2.175670	2.079967	0.0001
6065.057500	2.175935	2.078910	0.0001
6065.063933	2.176046	2.078803	0.0001
6080.144319	2.176108	2.077465	0.0001
6080.153578	2.176162	2.077560	0.0001
6095.057074	2.176315	2.076044	0.0001
6095.051720	2.176448	2.076107	0.0001
6110.141568	2.176545	2.074731	0.0001
6110.141748	2.176699	2.074666	0.0001
6125.047592	2.176960	2.073224	0.0001
6140.130044	2.177173	2.072016	0.0001
6140.128536	2.177156	2.071798	0.0001
6155.031903	2.177381	2.070361	0.0001
6155.033945	2.177299	2.070357	0.0001
6170.119984	2.177751	2.068891	0.0001
6170.119120	2.177716	2.068948	0.0001
6185.024140	2.177989	2.067397	0.0001
6185.023507	2.177990	2.067332	0.0001
6200.101705	2.178201	2.065811	0.0001
6215.200560	2.178632	2.064237	0.0001
6215.204751	2.178438	2.064078	0.0001
6230.108638	2.179000	2.062494	0.0001
6230.095100	2.178888	2.062436	0.0001
6245.190793	2.179435	2.060769	0.0001
6245.187712	2.179319	2.060781	0.0001
6260.082506	2.179620	2.059153	0.0001
6260.079117	2.179623	2.059101	0.0001
6275.170116	2.179934	2.057104	0.0001
6290.081924	2.180213	2.055329	0.0001
6290.074080	2.180174	2.055167	0.0001
6305.163749	2.180697	2.053442	0.0001
6305.166000	2.180720	2.053498	0.0001
6320.064958	2.180903	2.051354	0.0001
6320.068092	2.180955	2.051449	0.0001
6335.158179	2.181291	2.049228	0.0001
6336.598752	2.181729	2.049359	0.0001
6350.050270	2.181514	2.047121	0.0001
6365.140613	2.181952	2.044955	0.0001
6365.139108	2.181934	2.044811	0.0001
6380.042019	2.182377	2.042939	0.0001
6380.045674	2.182338	2.042727	0.0001
6395.131090	2.183038	2.040680	0.0001
6410.030925	2.183322	2.038300	0.0001
6410.037412	2.183361	2.038324	0.0001
6425.122982	2.183804	2.035861	0.0001
6425.124219	2.183715	2.035700	0.0001
6440.024211	2.184111	2.033382	0.0001
6440.024059	2.184298	2.033418	0.0001
6455.109739	2.184563	2.030814	0.0001
6455.106500	2.184616	2.030652	0.0001
6470.193236	2.185143	2.028053	0.0001
6470.197439	2.185174	2.028062	0.0001
6485.101280	2.185760	2.025258	0.0001
6500.183415	2.185964	2.022465	0.0001
6500.178162	2.186229	2.022515	0.0001
6515.089291	2.186630	2.019634	0.0001
6515.084308	2.186648	2.019646	0.0001
6530.178781	2.187253	2.016472	0.0001
6530.175880	2.187377	2.016601	0.0001
6545.079790	2.187813	2.013564	0.0001
6545.070965	2.187936	2.013388	0.0001
6560.168979	2.188264	2.010271	0.0001
6575.058640	2.188888	2.007006	0.0001
6575.060655	2.188911	2.006845	0.0001
6590.157911	2.189334	2.003486	0.0001
6590.170236	2.189622	2.003578	0.0001
6605.063788	2.190166	1.999972	0.0001
6605.064500	2.190392	2.000041	0.0001
6620.141804	2.190942	1.996459	0.0001
6620.142145	2.190741	1.996205	0.0001
6635.041079	2.191485	1.992472	0.0001
6650.138647	2.192211	1.988704	0.0001
6650.131456	2.192268	1.988683	0.0001
6665.030015	2.192868	1.984604	0.0001
6665.033491	2.192940	1.984487	0.0001
6680.129389	2.193735	1.980605	0.0001
6680.119837	2.193646	1.980426	0.0001
6695.209982	2.194416	1.976412	0.0001
6710.111927	2.195072	1.971889	0.0001
6710.100098	2.195213	1.971677	0.0001
6725.192702	2.195954	1.967132	0.0001
6725.190344	2.196010	1.967173	0.0001
6740.101264	2.197144	1.962419	0.0001
6740.096866	2.196826	1.962171	0.0001
6755.185762	2.197731	1.957392	0.0001
6755.186776	2.197622	1.957345	0.0001
6770.089048	2.198643	1.952231	0.0001
6785.173632	2.199583	1.947120	0.0001
6785.177542	2.199565	1.946952	0.0001
6800.083764	2.200615	1.941562	0.0001
6800.072956	2.200496	1.941414	0.0001
6815.167310	2.201527	1.935650	0.0001
6815.165295	2.201535	1.935523	0.0001
6830.074651	2.202594	1.929766	0.0001
6845.159495	2.203556	1.923599	0.0001
6845.157644	2.203635	1.923467	0.0001
6860.052808	2.204795	1.917551	0.0001
6860.055633	2.204706	1.917198	0.0001
6875.142238	2.205901	1.910638	0.0001
6875.147306	2.205642	1.910604	0.0001
6890.045722	2.206994	1.903798	0.0001
6905.137015	2.208176	1.896813	0.0001
6905.129698	2.208148	1.896446	0.0001
6920.032613	2.209344	1.889188	0.0001
6920.039125	2.209575	1.889129	0.0001
6935.121162	2.210783	1.881472	0.0001
6935.122073	2.210859	1.881363	0.0001
6950.205625	2.212201	1.873493	0.0001
6965.102776	2.213569	1.865587	0.0001
6965.105621	2.213650	1.865363	0.0001
6980.189291	2.215005	1.856801	0.0001
6980.194451	2.214960	1.856519	0.0001
6995.096174	2.216361	1.847939	0.0001
6995.090150	2.216489	1.847637	0.0001
7010.191355	2.218048	1.838498	0.0001
7025.086891	2.219275	1.829228	0.0001
7025.088981	2.219451	1.828801	0.0001
7040.169460	2.221110	1.819073	0.0001
7040.172256	2.221144	1.818730	0.0001
7055.080824	2.222813	1.808846	0.0001
7055.068728	2.222846	1.808395	0.0001
7070.160838	2.224679	1.797768	0.0001
7085.067118	2.226304	1.787303	0.0001
7085.073155	2.226405	1.786695	0.0001
7100.155472	2.228305	1.775378	0.0001
7100.161689	2.228349	1.775199	0.0001
7115.053126	2.230156	1.763595	0.0001
7115.049281	2.230089	1.763132	0.0001
7130.146777	2.232074	1.751124	0.0001
7145.051221	2.233954	1.739166	0.0001
7145.054184	2.234061	1.738535	0.0001
7160.132897	2.236070	1.725416	0.0001
7160.134748	2.236073	1.725099	0.0001
7175.030930	2.238162	1.711957	0.0001
7175.035298	2.238055	1.711455	0.0001
7190.112719	2.240483	1.697909	0.0001
7203.449199	2.241944	1.687394	0.0001
7205.212012	2.242480	1.683526	0.0001
7220.109518	2.244659	1.669383	0.0001
7220.106413	2.244696	1.668943	0.0001
7235.202716	2.246843	1.654257	0.0001
7235.197517	2.246968	1.653534	0.0001
7250.104868	2.249159	1.638584	0.0001
7250.099375	2.249286	1.638332	0.0001
7265.181294	2.251437	1.622855	0.0001
7280.089365	2.253779	1.607414	0.0001
7280.082803	2.253604	1.606805	0.0001
7295.178847	2.256046	1.590898	0.0001
7295.182934	2.256068	1.590426	0.0001
7310.075478	2.258273	1.574337	0.0001
7310.076716	2.258407	1.574058	0.0001
7325.167798	2.260724	1.557589	0.0001
7340.061928	2.262929	1.541466	0.0001
7340.070323	2.262958	1.541073	0.0001
7355.149678	2.265191	1.524428	0.0001
7355.156700	2.265149	1.523980	0.0001
7370.052807	2.267505	1.507870	0.0001
7370.059171	2.267460	1.507367	0.0001
7385.137682	2.269644	1.490816	0.0001
7400.052603	2.272129	1.475018	0.0001
7400.053444	2.272134	1.474485	0.0001
7415.124219	2.273913	1.458569	0.0001
7415.123212	2.274057	1.458280	0.0001
7430.223008	2.276126	1.442715	0.0001
7445.118822	2.277968	1.427831	0.0001
7445.116826	2.278097	1.427485	0.0001
7460.201922	2.279856	1.412801	0.0001
7460.211094	2.279859	1.412664	0.0001
7475.120232	2.281759	1.398845	0.0001
7475.113423	2.281662	1.398538	0.0001
7490.191824	2.283589	1.385384	0.0001
7505.100425	2.284927	1.373383	0.0001
7505.101559	2.285152	1.373209	0.0001
7520.185301	2.286369	1.361949	0.0001
7520.187412	2.286448	1.361668	0.0001
7535.089514	2.287687	1.351658	0.0001
7535.086455	2.287648	1.351509	0.0001
7550.168173	2.288745	1.342508	0.0001
7565.081924	2.289853	1.334447	0.0001
7565.079076	2.289607	1.334526	0.0001
7580.167408	2.290515	1.327958	0.0001
7580.167863	2.290413	1.328000	0.0001
7595.060002	2.291351	1.322758	0.0001
7595.061895	2.291075	1.323003	0.0001
7610.157955	2.291690	1.318894	0.0001
7625.061323	2.292214	1.316556	0.0001
7625.061671	2.292286	1.316550	0.0001
7640.140753	2.292339	1.315592	0.0001
7640.142304	2.292444	1.315445	0.0001
7655.050763	2.292178	1.315959	0.0001
7655.046222	2.292351	1.315862	0.0001
7670.132754	2.292081	1.317507	0.0001
7685.215521	2.291635	1.320554	0.0001
7685.232243	2.291584	1.320702	0.0001
7700.112059	2.291140	1.325056	0.0001
7700.135686	2.291369	1.324969	0.0001
7715.205244	2.290624	1.330611	0.0001
7715.903250	2.290705	1.331120	0.0001
7730.109522	2.289727	1.337277	0.0001
7745.199886	2.288919	1.345304	0.0001
7745.197804	2.288984	1.345199	0.0001
7760.104266	2.288159	1.354028	0.0001
7760.099335	2.288174	1.353995	0.0001
7775.192877	2.286940	1.363804	0.0001
7790.089372	2.285544	1.374360	0.0001
7790.085304	2.285605	1.374357	0.0001
7805.168174	2.284319	1.385481	0.0001
7805.177716	2.284362	1.385477	0.0001
7820.067205	2.282747	1.397648	0.0001
7820.073892	2.282742	1.397212	0.0001
7835.169240	2.281422	1.409789	0.0001
7850.065001	2.279678	1.422955	0.0001
7850.066875	2.279481	1.422802	0.0001
7865.156407	2.278126	1.436218	0.0001
7865.153488	2.278198	1.436194	0.0001
7880.057066	2.276582	1.449709	0.0001
7895.142551	2.274588	1.464105	0.0001
7895.141706	2.274823	1.463573	0.0001
7910.043908	2.272865	1.477649	0.0001
7910.052811	2.272877	1.477440	0.0001
7925.134967	2.271072	1.491627	0.0001
7940.218963	2.268955	1.506408	0.0001
7940.211308	2.269180	1.505826	0.0001
7955.120072	2.267330	1.520296	0.0001
7955.128621	2.267319	1.520019	0.0001
7970.212637	2.265530	1.534402	0.0001
7970.202249	2.265545	1.534177	0.0001
7985.105701	2.263528	1.548375	0.0001
8000.208255	2.261559	1.562466	0.0001
8000.203278	2.261762	1.562371	0.0001
8015.098351	2.259680	1.576254	0.0001
8015.097593	2.259757	1.575751	0.0001
8030.191560	2.257559	1.589722	0.0001
8045.085445	2.255719	1.603477	0.0001
8045.087888	2.255757	1.603082	0.0001
8060.173515	2.254027	1.616773	0.0001
8060.182357	2.253964	1.616426	0.0001
8075.078216	2.252140	1.629491	0.0001
8075.083131	2.252116	1.629204	0.0001
8090.173559	2.250255	1.642248	0.0001
8105.075242	2.248291	1.654949	0.0001
8105.066175	2.248438	1.654409	0.0001
8120.161315	2.246404	1.667184	0.0001
8120.151153	2.246468	1.666834	0.0001
8135.062183	2.244606	1.678955	0.0001
8150.138123	2.243099	1.690968	0.0001
8150.138110	2.243184	1.690712	0.0001
8165.231741	2.241239	1.702419	0.0001
8165.226377	2.241387	1.702300	0.0001
8180.127871	2.239745	1.713689	0.0001
8195.218456	2.237700	1.724757	0.0001
8195.215965	2.237678	1.724353	0.0001
8210.117461	2.236205	1.735273	0.0001
8210.121675	2.236357	1.735015	0.0001
8225.221896	2.234561	1.745524	0.0001
8240.113294	2.232885	1.755793	0.0001
8240.118746	2.232861	1.755363	0.0001
8255.204907	2.231299	1.765436	0.0001
8255.197230	2.231637	1.765237	0.0001
8270.104605	2.230080	1.774897	0.0001
8285.187569	2.228455	1.784609	0.0001
8285.184380	2.228441	1.784133	0.0001
8300.092604	2.226927	1.793335	0.0001
8300.093647	2.226893	1.793041	0.0001
8315.179808	2.225332	1.801875	0.0001
8330.085204	2.224207	1.810712	0.0001
8330.076487	2.223996	1.810375	0.0001
8345.160502	2.222676	1.819057	0.0001
8345.172885	2.222594	1.818739	0.0001
8360.067787	2.221444	1.827167	0.0001
8375.159986	2.219903	1.835167	0.0001
8375.150500	2.219975	1.834518	0.0001
8390.057074	2.218761	1.842581	0.0001
8390.054908	2.218957	1.842582	0.0001
8405.146578	2.217486	1.850053	0.0001
8420.235705	2.216262	1.857555	0.0001
8420.243204	2.216285	1.857365	0.0001
8435.136005	2.214983	1.864378	0.0001
8435.133153	2.214975	1.864115	0.0001
8450.215739	2.213749	1.871150	0.0001
8465.123978	2.212714	1.877944	0.0001
8465.127700	2.212701	1.877630	0.0001
8480.207526	2.211399	1.884477	0.0001
8480.212726	2.211355	1.884098	0.0001
8495.110645	2.210324	1.890479	0.0001
8510.204954	2.209331	1.896828	0.0001
8510.205776	2.209527	1.896566	0.0001
8525.095685	2.208124	1.902558	0.0001
8525.107252	2.208204	1.902360	0.0001
8540.192563	2.207356	1.908395	0.0001
8555.090753	2.206311	1.914118	0.0001
8555.087786	2.206484	1.913833	0.0001
8570.184013	2.205349	1.919360	0.0001
8570.191403	2.205299	1.918964	0.0001
8585.083367	2.204260	1.924377	0.0001
8600.170783	2.203576	1.929764	0.0001
8600.174659	2.203493	1.929571	0.0001
8615.071802	2.202711	1.934734	0.0001
8630.153141	2.201528	1.939646	0.0001
8630.166029	2.201775	1.939475	0.0001
8645.056825	2.200897	1.944236	0.0001
8645.062297	2.200914	1.944015	0.0001
8660.144923	2.200071	1.948654	0.0001
8675.238224	2.199342	1.953295	0.0001
8675.237771	2.199257	1.953157	0.0001
8690.129546	2.198403	1.957270	0.0001
8690.125400	2.198471	1.957356	0.0001
8705.220202	2.197760	1.961698	0.0001
8720.138920	2.196934	1.965854	0.0001
8720.115156	2.196745	1.965537	0.0001
8735.214989	2.196194	1.969822	0.0001
8735.206680	2.196337	1.969737	0.0001
8750.116780	2.195478	1.973491	0.0001
8765.198032	2.194835	1.977415	0.0001
8765.198877	2.194914	1.977222	0.0001
8780.099010	2.194245	1.980990	0.0001
8795.193786	2.193470	1.984710	0.0001
8795.195305	2.193337	1.984458	0.0001
8810.098975	2.192862	1.988089	0.0001
8810.096060	2.192880	1.987825	0.0001
8825.188925	2.192088	1.991306	0.0001
8840.079504	2.191624	1.994683	0.0001
8840.086847	2.191357	1.994348	0.0001
8855.173635	2.191054	1.997585	0.0001
8870.077333	2.190247	2.001031	0.0001
8870.064439	2.190461	2.000967	0.0001
8885.152680	2.189844	2.004034	0.0001
8885.165142	2.189841	2.003881	0.0001
8900.248022	2.189252	2.006729	0.0001
8915.143923	2.188720	2.009854	0.0001
8915.145011	2.188847	2.009607	0.0001
8930.236808	2.188291	2.012525	0.0001
8930.929815	2.188526	2.013183	0.0001
8945.132030	2.187838	2.015270	0.0001
8960.220328	2.187132	2.017993	0.0001
8960.228214	2.187157	2.017989	0.0001
8975.127951	2.186681	2.020593	0.0001
8990.214626	2.185999	2.023007	0.0001
8990.202130	2.186188	2.023087	0.0001
9005.107007	2.185542	2.025365	0.0001
9020.190133	2.185191	2.028149	0.0001
9020.198764	2.185229	2.027785	0.0001
9035.105565	2.184715	2.030296	0.0001
9035.104276	2.184825	2.030318	0.0001
9050.191031	2.184417	2.032819	0.0001
9065.094011	2.184146	2.034779	0.0001
9065.091152	2.183863	2.034740	0.0001
9080.189662	2.183563	2.037177	0.0001
9095.075353	2.182983	2.039211	0.0001
9095.086310	2.183205	2.039092	0.0001
9110.167232	2.182611	2.041182	0.0001
9110.171479	2.182447	2.041058	0.0001
9125.070061	2.182381	2.043208	0.0001
9140.154222	2.182031	2.045222	0.0001
9140.166044	2.181836	2.045208	0.0001
9155.250150	2.181572	2.047032	0.0001
9170.156806	2.181054	2.048940	0.0001
9170.139202	2.181212	2.048950	0.0001
9185.235775	2.180947	2.050818	0.0001
9185.233513	2.180824	2.050916	0.0001
9200.145236	2.180321	2.052721	0.0001
9215.225953	2.180192	2.054361	0.0001
9215.221774	2.180123	2.054489	0.0001
9230.131060	2.179767	2.056094	0.0001
9245.215982	2.179300	2.057669	0.0001
9245.217723	2.179399	2.057705	0.0001
9260.113943	2.179083	2.059201	0.0001
9275.207806	2.178725	2.060909	0.0001
9275.203320	2.178917	2.060992	0.0001
9290.107395	2.178431	2.062533	0.0001
9290.102032	2.178337	2.062615	0.0001
9305.193068	2.178185	2.064085	0.0001
9320.094064	2.177772	2.065346	0.0001
9320.095503	2.177644	2.065346	0.0001
9335.176221	2.177590	2.066923	0.0001
9350.084604	2.177330	2.068413	0.0001
9350.083810	2.177187	2.068219	0.0001
9365.165117	2.177084	2.069636	0.0001
9380.069501	2.176666	2.070994	0.0001
9380.078478	2.176790	2.071015	0.0001
9395.163294	2.176424	2.072540	0.0001
9410.244286	2.176179	2.073874	0.0001
9410.247849	2.176246	2.073589	0.0001
9425.158150	2.176068	2.074992	0.0001
9440.229001	2.175579	2.076270	0.0001
9440.230486	2.175629	2.076230	0.0001
9455.139455	2.175268	2.077298	0.0001
9455.142578	2.175204	2.077240	0.0001
9470.220199	2.175073	2.078650	0.0001
9485.128423	2.174891	2.079810	0.0001
9485.126159	2.175022	2.079956	0.0001
9500.216680	2.174578	2.080882	0.0001
9515.111696	2.174527	2.082137	0.0001
9515.108775	2.174358	2.081980	0.0001
9530.202752	2.174104	2.083164	0.0001
9545.110211	2.173999	2.084213	0.0001
9545.102115	2.173993	2.084137	0.0001
9560.188955	2.173855	2.085441	0.0001
9575.100842	2.173522	2.086303	0.0001
9575.103483	2.173583	2.086163	0.0001
9590.182868	2.173218	2.087158	0.0001
9590.186156	2.173461	2.087071	0.0001
9605.084366	2.173210	2.088252	0.0001
9620.172219	2.172950	2.089143	0.0001
9620.173147	2.172926	2.089277	0.0001
9635.261506	2.172945	2.090159	0.0001
9650.166723	2.172580	2.091035	0.0001
9650.160222	2.172560	2.091141	0.0001
9665.248445	2.172345	2.091960	0.0001
9680.141043	2.172068	2.092862	0.0001
9680.143482	2.172116	2.092921	0.0001
9695.236390	2.172123	2.093814	0.0001
9710.132012	2.171728	2.094578	0.0001
9710.143862	2.171883	2.094465	0.0001
9725.230870	2.171679	2.095306	0.0001
9740.126246	2.171404	2.096189	0.0001
9740.135859	2.171388	2.096277	0.0001
9755.218716	2.171197	2.096974	0.0001
9770.115327	2.171162	2.097833	0.0001
9770.118683	2.170995	2.097713	0.0001
9785.204803	2.170995	2.098484	0.0001
9785.208708	2.171023	2.098679	0.0001
9800.102676	2.170887	2.099375	0.0001
9815.183336	2.170699	2.100240	0.0001
9815.192803	2.170622	2.099919	0.0001
9830.090762	2.170394	2.100835	0.0001
9845.178638	2.170479	2.101710	0.0001
9845.182082	2.170448	2.101538	0.0001
9860.084981	2.170167	2.102343	0.0001
9875.173846	2.170259	2.103020	0.0001
9875.175357	2.170175	2.103087	0.0001
9890.262960	2.169908	2.103711	0.0001
9905.160628	2.169608	2.104158	0.0001
9905.163143	2.169491	2.104074	0.0001
9920.243035	2.169594	2.104831	0.0001
9935.149840	2.169353	2.105541	0.0001
9935.148799	2.169298	2.105499	0.0001
9950.242478	2.169240	2.106192	0.0001
9965.136892	2.169043	2.106690	0.0001
9965.141422	2.169165	2.106882	0.0001
9980.230025	2.169006	2.107281	0.0001
9995.128681	2.168903	2.108062	0.0001
9995.133114	2.168928	2.107976	0.0001
10010.215806	2.168519	2.108487	0.0001
10025.110591	2.168483	2.108930	0.0001
10025.119419	2.168626	2.109250	0.0001
10040.207291	2.168388	2.109646	0.0001
10055.103071	2.168539	2.110368	0.0001
10055.112867	2.168350	2.110311	0.0001
10070.191051	2.168142	2.110778	0.0001
10085.099762	2.168162	2.111478	0.0001
10085.096871	2.168175	2.111361	0.0001
10100.175705	2.168036	2.111997	0.0001
10115.081416	2.167981	2.112360	0.0001
10115.086184	2.167861	2.112405	0.0001
10130.171951	2.167736	2.112776	0.0001
10137.782590	2.167216	2.112708	0.0001
10145.261650	2.167629	2.113283	0.0001
10160.161402	2.167589	2.113835	0.0001
10160.171339	2.167577	2.113959	0.0001
10175.246095	2.167435	2.114336	0.0001
10190.153530	2.167479	2.115106	0.0001
10190.151627	2.167472	2.114978	0.0001
10205.224632	2.167189	2.115275	0.0001
10220.139012	2.167229	2.115748	0.0001
10220.139315	2.167071	2.115791	0.0001
10235.233888	2.166918	2.116265	0.0001
10250.132252	2.166948	2.116727	0.0001
10250.122015	2.166919	2.116684	0.0001
10265.215971	2.166904	2.117031	0.0001
10280.118126	2.166601	2.117472	0.0001
10280.110834	2.166729	2.117441	0.0001
10295.208361	2.166696	2.117998	0.0001
10310.105782	2.166572	2.118373	0.0001
10310.111627	2.166609	2.118235	0.0001
10325.196838	2.166420	2.118621	0.0001
10340.083605	2.166380	2.119178	0.0001
10340.098534	2.166498	2.119101	0.0001
10355.183299	2.166203	2.119592	0.0001
10370.271281	2.166263	2.119935	0.0001
10370.273987	2.166177	2.119823	0.0001
10385.170045	2.166102	2.120385	0.0001
10400.263286	2.166048	2.120642	0.0001
10400.259525	2.165951	2.120584	0.0001
10415.160490	2.166013	2.121049	0.0001
10430.247678	2.165726	2.121289	0.0001
10430.248072	2.165718	2.121324	0.0001
10445.150209	2.165925	2.121955	0.0001
10460.235695	2.165648	2.122109	0.0001
10460.235849	2.165688	2.122077	0.0001
10475.142593	2.165554	2.122421	0.0001
10475.139611	2.165591	2.122515	0.0001
10490.230480	2.165328	2.122828	0.0001
10505.132535	2.165397	2.123033	0.0001
10505.127896	2.165533	2.123082	0.0001
10520.224948	2.165503	2.123553	0.0001
10535.121159	2.165218	2.123873	0.0001
10535.111535	2.165315	2.123905	0.0001
10550.199124	2.165268	2.123985	0.0001
10565.101117	2.165232	2.124501	0.0001
10565.108362	2.165271	2.124661	0.0001
10580.195663	2.165125	2.124878	0.0001
10595.100266	2.165169	2.125305	0.0001
10595.104389	2.164951	2.124946	0.0001
10610.193610	2.165052	2.125329	0.0001
10625.269123	2.164815	2.125604	0.0001
10625.271310	2.164821	2.125617	0.0001
10640.178911	2.164748	2.125884	0.0001
10655.268027	2.164611	2.126228	0.0001
10655.265466	2.164813	2.126279	0.0001
10670.161398	2.164594	2.126620	0.0001
10685.240911	2.164582	2.126687	0.0001
10685.240955	2.164400	2.126821	0.0001
10700.151660	2.164495	2.127077	0.0001
10715.236265	2.164542	2.127218	0.0001
10715.232993	2.164261	2.127323	0.0001
10730.142046	2.164544	2.127678	0.0001
10745.235332	2.164098	2.127885	0.0001
10745.229265	2.164417	2.127878	0.0001
10760.122394	2.164402	2.128231	0.0001
10775.215971	2.164219	2.128451	0.0001
10775.223993	2.164243	2.128415	0.0001
10790.127509	2.164005	2.128518	0.0001
10805.200840	2.164058	2.128953	0.0001
10805.395539	2.163971	2.128802	0.0001
10820.105599	2.163922	2.129076	0.0001
10835.199290	2.163916	2.129323	0.0001
10835.197573	2.163878	2.129514	0.0001
10850.083052	2.163911	2.129690	0.0001
10865.190035	2.164028	2.130129	0.0001
10880.270815	2.163780	2.130030	0.0001
10880.268005	2.163899	2.130095	0.0001
10895.172128	2.163696	2.130347	0.0001
10910.265620	2.163791	2.130694	0.0001
10910.260067	2.163822	2.130621	0.0001
10925.162167	2.163766	2.130923	0.0001
10940.255761	2.163456	2.131041	0.0001
10940.250301	2.163541	2.130944	0.0001
10955.148846	2.163641	2.131356	0.0001
10970.244390	2.163608	2.131599	0.0001
10970.241803	2.163443	2.131533	0.0001
10985.148607	2.163541	2.131715	0.0001
11000.231995	2.163341	2.131927	0.0001
11000.223559	2.163388	2.132090	0.0001
11015.140460	2.163299	2.131942	0.0001
11030.207567	2.163172	2.132203	0.0001
11030.216534	2.163135	2.132238	0.0001
11045.129605	2.163243	2.132443	0.0001
11060.206736	2.163152	2.132743	0.0001
11060.196608	2.163170	2.132565	0.0001
11075.098018	2.163040	2.132838	0.0001
11090.196414	2.163006	2.133008	0.0001
11090.204594	2.162989	2.132995	0.0001
11105.304608	2.163001	2.133238	0.0001
11120.192350	2.162855	2.133352	0.0001
11120.198981	2.162836	2.133391	0.0001
11135.271708	2.162888	2.133687	0.0001
11150.178863	2.162988	2.133870	0.0001
11150.175804	2.162780	2.133733	0.0001
11165.264175	2.162821	2.134048	0.0001
11180.161600	2.162725	2.134023	0.0001
11180.156823	2.162684	2.134012	0.0001
11195.256486	2.162801	2.134321	0.0001
11210.161248	2.162727	2.134322	0.0001
11210.153755	2.162837	2.134518	0.0001
11225.231110	2.162613	2.134659	0.0001
11240.141206	2.162775	2.134982	0.0001
11255.231662	2.162592	2.134940	0.0001
11255.224996	2.162582	2.135164	0.0001
11270.134411	2.162428	2.135032	0.0001
11285.218768	2.162458	2.135354	0.0001
11285.223972	2.162530	2.135496	0.0001
11300.118903	2.162566	2.135489	0.0001
11315.213640	2.162529	2.135697	0.0001
11315.207530	2.162483	2.135591	0.0001
11330.111087	2.162363	2.135788	0.0001
11345.202940	2.162346	2.136052	0.0001
11345.187646	2.162363	2.136048	0.0001
11360.289832	2.162075	2.135998	0.0001
11375.175120	2.162296	2.136242	0.0001
11377.509684	2.162283	2.136243	0.0001
11390.263964	2.162144	2.136288	0.0001
11405.180843	2.162145	2.136476	0.0001
11420.266795	2.161980	2.136591	0.0001
11420.271280	2.162069	2.136545	0.0001
11435.156422	2.161892	2.136652	0.0001
11450.252045	2.161976	2.136847	0.0001
11450.254201	2.161995	2.136898	0.0001
11465.151982	2.161902	2.136964	0.0001
11480.242493	2.161956	2.137202	0.0001
11480.238811	2.162091	2.137249	0.0001
11495.140867	2.161804	2.137273	0.0001
11510.224921	2.161821	2.137313	0.0001
11525.139992	2.161705	2.137644	0.0001
11525.131877	2.161605	2.137380	0.0001
11540.216509	2.161585	2.137624	0.0001
11555.119242	2.161764	2.137862	0.0001
11555.119208	2.161946	2.138090	0.0001
11570.212591	2.161626	2.137944	0.0001
11585.105046	2.161734	2.138184	0.0001
11585.112241	2.161799	2.138298	0.0001
11600.192577	2.161487	2.138198	0.0001
11615.294626	2.161717	2.138379	0.0001
11630.189337	2.161664	2.138555	0.0001
11630.182932	2.161363	2.138406	0.0001
11645.273018	2.161615	2.138721	0.0001
11660.176776	2.161516	2.138791	0.0001
11660.185832	2.161461	2.138870	0.0001
11675.265474	2.161600	2.138908	0.0001
11690.167868	2.161484	2.139063	0.0001
11690.165733	2.161432	2.139063	0.0001
11705.257170	2.161523	2.139084	0.0001
11720.154165	2.161348	2.139341	0.0001
11720.155265	2.161300	2.139209	0.0001
11735.244990	2.161468	2.139369	0.0001
11750.140045	2.161336	2.139558	0.0001
11765.226582	2.161267	2.139576	0.0001
11765.227973	2.161294	2.139581	0.0001
11780.141754	2.161283	2.139639	0.0001
11795.207864	2.161116	2.139772	0.0001
11795.215923	2.161181	2.139813	0.0001
11810.112873	2.161367	2.139987	0.0001
11825.212310	2.161124	2.139876	0.0001
11825.204193	2.161221	2.139903	0.0001
11840.290741	2.161171	2.140217	0.0001
11855.197831	2.161111	2.140112	0.0001
11870.286574	2.161235	2.140368	0.0001
11870.286824	2.161025	2.140315	0.0001
11885.180355	2.161022	2.140345	0.0001
11900.279963	2.161008	2.140491	0.0001
11900.278844	2.160981	2.140515	0.0001
11915.179533	2.161053	2.140694	0.0001
11930.262466	2.161017	2.140743	0.0001
11930.260105	2.160954	2.140762	0.0001
11945.150306	2.161022	2.140660	0.0001
11960.255910	2.160932	2.141018	0.0001
11975.158326	2.160811	2.140910	0.0001
11975.154883	2.160928	2.140987	0.0001
11990.246740	2.160778	2.141101	0.0001
12005.149058	2.160988	2.141214	0.0001
12005.144493	2.160820	2.141302	0.0001
12020.228508	2.160907	2.141321	0.0001
12035.123167	2.160774	2.141332	0.0001
12050.220902	2.160834	2.141481	0.0001
12050.222013	2.160774	2.141474	0.0001
12065.117372	2.160760	2.141546	0.0001
12080.211144	2.160735	2.141712	0.0001
12080.207746	2.160812	2.141698	0.0001
12095.291388	2.160598	2.141686	0.0001
12110.193811	2.160700	2.141749	0.0001
12121.782932	2.159678	2.140901	0.0001
12125.293056	2.160664	2.141910	0.0001
12140.186460	2.160472	2.141907	0.0001
12155.281770	2.160636	2.142022	0.0001
12155.284282	2.160641	2.142140	0.0001
12170.173495	2.160549	2.141950	0.0001
12185.261735	2.160599	2.142277	0.0001
12185.264879	2.160537	2.142225	0.0001
12200.166952	2.160566	2.142088	0.0001
12215.255490	2.160448	2.142332	0.0001
12230.163191	2.160513	2.142364	0.0001
12230.154041	2.160223	2.142250	0.0001
12245.243719	2.160417	2.142485	0.0001
12260.144613	2.160404	2.142591	0.0001
12260.145298	2.160379	2.142591	0.0001
12275.226133	2.160262	2.142645	0.0001
12290.128230	2.160519	2.142829	0.0001
12305.226021	2.160366	2.142754	0.0001
12305.222890	2.160384	2.142865	0.0001
12320.122943	2.160238	2.142826	0.0001
12335.215877	2.160243	2.142911	0.0001
12335.885896	2.160692	2.143328	0.0001
12350.305066	2.160196	2.143087	0.0001
12365.198594	2.160316	2.143096	0.0001
12380.292601	2.160205	2.143215	0.0001
12380.289770	2.160284	2.143206	0.0001
12395.195147	2.160266	2.143159	0.0001
12410.277657	2.160181	2.143328	0.0001
12425.172366	2.160339	2.143607	0.0001
12425.177981	2.160210	2.143435	0.0001
12440.259682	2.160157	2.143441	0.0001
12455.160792	2.160125	2.143458	0.0001
12455.169890	2.160218	2.143653	0.0001
12470.251914	2.160173	2.143552	0.0001
12485.159914	2.160194	2.143750	0.0001
12500.260912	2.159891	2.143508	0.0001
12500.218932	2.160057	2.143549	0.0001
12515.152448	2.160046	2.143683	0.0001
12530.230559	2.160038	2.143821	0.0001
12545.133924	2.160055	2.143895	0.0001
12545.134727	2.160046	2.143863	0.0001
12560.221637	2.160026	2.143918	0.0001
12575.303087	2.160048	2.144111	0.0001
12575.310629	2.159930	2.143925	0.0001
12590.205146	2.159943	2.143950	0.0001
12605.291534	2.159685	2.143934	0.0001
12620.200714	2.159886	2.144302	0.0001
12620.196776	2.159841	2.144153	0.0001
12635.284475	2.159761	2.144146	0.0001
12650.186246	2.159736	2.144296	0.0001
12650.187302	2.159902	2.144342	0.0001
12665.265072	2.159784	2.144318	0.0001
12680.177867	2.159835	2.144299	0.0001
12695.262126	2.159627	2.144407	0.0001
12695.263022	2.159859	2.144422	0.0001
12710.164597	2.159800	2.144538	0.0001
12725.259267	2.159753	2.144837	0.0001
12740.151730	2.159872	2.144738	0.0001
12740.157323	2.159750	2.144658	0.0001
12755.242245	2.159799	2.144880	0.0001
12770.142431	2.159794	2.144835	0.0001
12770.143514	2.159777	2.144767	0.0001
12785.230298	2.159631	2.144769	0.0001
12800.139591	2.159686	2.144910	0.0001
12815.218940	2.159764	2.144951	0.0001
12815.226212	2.159677	2.144994	0.0001
12830.317015	2.159537	2.144922	0.0001
12845.208646	2.159640	2.145130	0.0001
12860.296235	2.159597	2.145037	0.0001
12860.293933	2.159463	2.145039	0.0001
12875.202870	2.159620	2.145168	0.0001
12890.286015	2.159570	2.145249	0.0001
12905.183808	2.159662	2.145451	0.0001
12905.183586	2.159512	2.145276	0.0001
12920.282397	2.159543	2.145215	0.0001
12935.186779	2.159572	2.145393	0.0001
12935.179834	2.159515	2.145229	0.0001
12950.264576	2.159333	2.145281	0.0001
12965.178824	2.159552	2.145467	0.0001
12980.254956	2.159311	2.145399	0.0001
12980.259385	2.159428	2.145521	0.0001
12995.156628	2.159482	2.145567	0.0001
13010.241762	2.159344	2.145566	0.0001
13010.239373	2.159419	2.145637	0.0001
13025.137087	2.159379	2.145555	0.0001
13040.232261	2.159583	2.145562	0.0001
13055.140040	2.159343	2.145743	0.0001
13055.134280	2.159335	2.145568	0.0001
13070.218227	2.159274	2.145581	0.0001
13085.309040	2.159342	2.145865	0.0001
13100.210273	2.159308	2.145726	0.0001
13100.202645	2.159396	2.145849	0.0001
13115.297409	2.159270	2.145869	0.0001
13130.204317	2.159154	2.145882	0.0001
13145.289007	2.159248	2.145982	0.0001
13145.299762	2.159320	2.146017	0.0001
13160.185766	2.159118	2.145833	0.0001
13175.275948	2.159245	2.146067	0.0001
13190.174357	2.159311	2.146071	0.0001
13190.179162	2.159228	2.145989	0.0001
13205.267246	2.159078	2.146041	0.0001
13220.167325	2.159117	2.146104	0.0001
13235.264206	2.159049	2.146101	0.0001
13235.264547	2.159064	2.146337	0.0001
13250.162046	2.159071	2.146113	0.0001
13265.242047	2.159034	2.146001	0.0001
13265.242952	2.159052	2.146190	0.0001
13280.148213	2.159163	2.146227	0.0001
13295.234628	2.159204	2.146301	0.0001
13310.320779	2.159031	2.146298	0.0001
13310.324653	2.158990	2.146316	0.0001
13325.222555	2.159019	2.146399	0.0001
13340.308043	2.159019	2.146428	0.0001
13355.213597	2.159096	2.146412	0.0001
13355.216208	2.159158	2.146597	0.0001
13370.296373	2.159115	2.146756	0.0001
13385.208300	2.159074	2.146568	0.0001
13400.278662	2.159061	2.146824	0.0001
13400.287672	2.159022	2.146700	0.0001
13415.188203	2.159156	2.146759	0.0001
13430.284805	2.159205	2.146716	0.0001
13445.184720	2.159068	2.146837	0.0001
13445.186384	2.158853	2.146899	0.0001
13460.274681	2.158957	2.146691	0.0001
13475.165219	2.158959	2.146709	0.0001
13490.251792	2.159022	2.146891	0.0001
13490.258494	2.158898	2.146818	0.0001
13505.155797	2.159085	2.146985	0.0001
13520.245449	2.158841	2.146827	0.0001
13535.150287	2.158952	2.146946	0.0001
13550.229396	2.159062	2.147099	0.0001
13550.234731	2.159033	2.147037	0.0001
13565.335760	2.158909	2.147110	0.0001
13580.223600	2.158910	2.147058	0.0001
13580.226445	2.158812	2.147018	0.0001
13595.308406	2.158831	2.147121	0.0001
13610.210462	2.158869	2.147179	0.0001
13625.302688	2.158806	2.147067	0.0001
13625.300122	2.158861	2.147179	0.0001
13640.198880	2.158888	2.147137	0.0001
13655.298093	2.158838	2.147249	0.0001
13670.196797	2.158932	2.147190	0.0001
13670.190477	2.158761	2.147370	0.0001
13685.288392	2.158812	2.147368	0.0001
13700.184307	2.158764	2.147477	0.0001
13715.269590	2.158552	2.147250	0.0001
13715.268244	2.158671	2.147282	0.0001
13730.172080	2.158703	2.147552	0.0001
13745.254835	2.158698	2.147433	0.0001
13760.162172	2.158764	2.147525	0.0001
13760.149977	2.158936	2.147447	0.0001
13775.246367	2.158869	2.147600	0.0001
			
			
			
			