0       	 2.034106 	 2.136513 	 0.0001
0.000005	 2.142309 	 2.000293 	 0.0001
0.00001 	 1.869547 	 1.501787 	 0.0001
0.000015	 1.261551 	 0.736962 	 0.0001
0.00002 	 0.423948 	 -0.162147	 0.0001
0.000025	 -0.486431	 -1.032915	 0.0001
0.00003 	 -1.312759	 -1.721736	 0.0001
0.000035	 -1.906259	 -2.102053	 0.0001
0.00004 	 -2.159052	 -2.107849	 0.0001
0.000045	 -2.029918	 -1.739448	 0.0001
0.00005 	 -1.532061	 -1.055457	 0.0001
0.000055	 -0.763699	 -0.185977	 0.0001
0.00006 	 0.137985 	 0.713776 	 0.0001
0.000065	 1.015841 	 1.485041 	 0.0001
0.00007 	 1.711107 	 1.990632 	 0.0001
0.000075	 2.098513 	 2.139411 	 0.0001
0.00008 	 2.111072 	 1.901751 	 0.0001
0.000085	 1.742667 	 1.326923 	 0.0001
0.00009 	 1.06318  	 0.51154  	 0.0001
0.000095	 0.192086 	 -0.39433 	 0.0001
0.0001  	 -0.713462	 -1.230641	 0.0001
0.000105	 -1.492129	 -1.851514	 0.0001
0.00011 	 -2.008342	 -2.142628	 0.0001
0.000115	 -2.164204	 -2.048596	 0.0001
0.00012 	 -1.933953	 -1.588738	 0.0001
0.000125	 -1.355589	 -0.84485 	 0.0001
0.00013 	 -0.5386  	 0.048461 	 0.0001
0.000135	 0.373389 	 0.929859 	 0.0001
0.00014 	 1.216144 	 1.646057 	 0.0001
0.000145	 1.841209 	 2.063733 	 0.0001
0.00015 	 2.139411 	 2.115258 	 0.0001
0.000155	 2.050852 	 1.783887 	 0.0001
0.00016 	 1.594532 	 1.135637 	 0.0001
0.000165	 0.850317 	 0.280967 	 0.0001
0.00017 	 -0.04203 	 -0.622005	 0.0001
0.000175	 -0.931476	 -1.419673	 0.0001
0.00018 	 -1.655398	 -1.965512	 0.0001
0.000185	 -2.084985	 -2.153899	 0.0001
0.00019 	 -2.141018	 -1.962292	 0.0001
0.000195	 -1.815769	 -1.420317	 0.0001
0.0002  	 -1.164625	 -0.62426 	 0.0001
0.000205	 -0.308026	 0.280001 	 0.0001
0.00021 	 0.603641 	 1.13467  	 0.0001
0.000215	 1.404533 	 1.782921 	 0.0001
0.00022 	 1.95392  	 2.115258 	 0.0001
0.000225	 2.154546 	 2.064699 	 0.0001
0.00023 	 1.967445 	 1.644125 	 0.0001
0.000235	 1.426431 	 0.930825 	 0.0001
0.00024 	 0.631336 	 0.047817 	 0.0001
0.000245	 -0.277434	 -0.843884	 0.0001
0.00025 	 -1.139185	 -1.585196	 0.0001
0.000255	 -1.797735	 -2.046019	 0.0001
0.00026 	 -2.138764	 -2.143272	 0.0001
0.000265	 -2.094002	 -1.853446	 0.0001
0.00027 	 -1.675042	 -1.23515 	 0.0001
0.000275	 -0.959492	 -0.396263	 0.0001
0.00028 	 -0.07069 	 0.512185 	 0.0001
0.000285	 0.824554 	 1.325957 	 0.0001
0.00029 	 1.57521  	 1.903039 	 0.0001
0.000295	 2.042479 	 2.138123 	 0.0001
0.0003  	 2.140699 	 1.990632 	 0.0001
0.000305	 1.857954 	 1.486329 	 0.0001
0.00031 	 1.243195 	 0.714098 	 0.0001
0.000315	 0.400118 	 -0.185333	 0.0001
0.00032 	 -0.509295	 -1.054491	 0.0001
0.000325	 -1.332081	 -1.735583	 0.0001
0.00033 	 -1.918174	 -2.108493	 0.0001
0.000335	 -2.16356 	 -2.103985	 0.0001
0.00034 	 -2.020901	 -1.724312	 0.0001
0.000345	 -1.516925	 -1.033237	 0.0001
0.00035 	 -0.739868	 -0.159893	 0.0001
0.000355	 0.162137 	 0.735674 	 0.0001
0.00036 	 1.039671 	 1.502109 	 0.0001
0.000365	 1.724955 	 1.998683 	 0.0001
0.00037 	 2.103021 	 2.137801 	 0.0001
0.000375	 2.104953 	 1.892734 	 0.0001
0.00038 	 1.728175 	 1.307923 	 0.0001
0.000385	 1.039027 	 0.48932  	 0.0001
0.00039 	 0.166968 	 -0.417839	 0.0001
0.000395	 -0.737936	 -1.248675	 0.0001
0.0004  	 -1.512739	 -1.862785	 0.0001
0.000405	 -2.017681	 -2.145204	 0.0001
0.00041 	 -2.165814	 -2.040867	 0.0001
0.000415	 -1.921394	 -1.571992	 0.0001
0.00042 	 -1.337555	 -0.822952	 0.0001
0.000425	 -0.51477 	 0.072935 	 0.0001
0.00043 	 0.396576 	 0.950147 	 0.0001
0.000435	 1.236432 	 1.658938 	 0.0001
0.00044 	 1.855378 	 2.070174 	 0.0001
0.000445	 2.141987 	 2.110428 	 0.0001
0.00045 	 2.040547 	 1.771005 	 0.0001
0.000455	 1.579074 	 1.113738 	 0.0001
0.00046 	 0.828419 	 0.257458 	 0.0001
0.000465	 -0.065538	 -0.645192	 0.0001
0.00047 	 -0.953052	 -1.436418	 0.0001
0.000475	 -1.670211	 -1.971309	 0.0001
0.00048 	 -2.091426	 -2.154543	 0.0001
0.000485	 -2.137798	 -1.951987	 0.0001
0.00049 	 -1.801599	 -1.400351	 0.0001
0.000495	 -1.143049	 -0.60204 	 0.0001
0.0005  	 -0.284196	 0.304797 	 0.0001
0.000505	 0.625861 	 1.156247 	 0.0001
0.00051 	 1.421279 	 1.796768 	 0.0001
0.000515	 1.963581 	 2.116869 	 0.0001
0.00052 	 2.152614 	 2.057615 	 0.0001
0.000525	 1.954564 	 1.629633 	 0.0001
0.00053 	 1.407753 	 0.908927 	 0.0001
0.000535	 0.606217 	 0.02302  	 0.0001
0.00054 	 -0.302552	 -0.864816	 0.0001
0.000545	 -1.160439	 -1.602263	 0.0001
0.00055 	 -1.811904	 -2.055358	 0.0001
0.000555	 -2.141018	 -2.13812 	 0.0001
0.00056 	 -2.087561	 -1.841531	 0.0001
0.000565	 -1.657974	 -1.214862	 0.0001
0.00057 	 -0.936306	 -0.372754	 0.0001
0.000575	 -0.047504	 0.535049 	 0.0001
0.00058 	 0.847419 	 1.345923 	 0.0001
0.000585	 1.590989 	 1.913022 	 0.0001
0.00059 	 2.049564 	 2.140055 	 0.0001
0.000595	 2.139089 	 1.982581 	 0.0001
0.0006  	 1.845395 	 1.468939 	 0.0001
0.000605	 1.220331 	 0.691878 	 0.0001
0.00061 	 0.375966 	 -0.208197	 0.0001
0.000615	 -0.533125	 -1.073813	 0.0001
0.00062 	 -1.35269 	 -1.749753	 0.0001
0.000625	 -1.930733	 -2.11429 	 0.0001
0.00063 	 -2.164848	 -2.099798	 0.0001
0.000635	 -2.010918	 -1.709821	 0.0001
0.00064 	 -1.498248	 -1.011661	 0.0001
0.000645	 -0.71797 	 -0.137351	 0.0001
0.00065 	 0.185968 	 0.75564  	 0.0001
0.000655	 1.058027 	 1.51982  	 0.0001
0.00066 	 1.738158 	 2.007055 	 0.0001
0.000665	 2.10914  	 2.137479 	 0.0001
0.00067 	 2.097869 	 1.880174 	 0.0001
0.000675	 1.713684 	 1.289568 	 0.0001
0.00068 	 1.019705 	 0.464524 	 0.0001
0.000685	 0.14346  	 -0.441025	 0.0001
0.00069 	 -0.759512	 -1.271217	 0.0001
0.000695	 -1.52884 	 -1.877276	 0.0001
0.0007  	 -2.02541 	 -2.147459	 0.0001
0.000705	 -2.159696	 -2.032172	 0.0001
0.00071 	 -1.913343	 -1.554925	 0.0001
0.000715	 -1.317589	 -0.799766	 0.0001
0.00072 	 -0.493194	 0.095799 	 0.0001
0.000725	 0.418796 	 0.971723 	 0.0001
0.00073 	 1.257686 	 1.674718 	 0.0001
0.000735	 1.867293 	 2.076937 	 0.0001
0.00074 	 2.144885 	 2.10753  	 0.0001
0.000745	 2.033462 	 1.75909  	 0.0001
0.00075 	 1.560396 	 1.094095 	 0.0001
0.000755	 0.807809 	 0.232662 	 0.0001
0.00076 	 -0.089368	 -0.669666	 0.0001
0.000765	 -0.975594	 -1.453808	 0.0001
0.00077 	 -1.687601	 -1.982258	 0.0001
0.000775	 -2.096256	 -2.155187	 0.0001
0.00078 	 -2.135222	 -1.942004	 0.0001
0.000785	 -1.784532	 -1.384249	 0.0001
0.00079 	 -1.122761	 -0.579176	 0.0001
0.000795	 -0.258434	 0.327661 	 0.0001
0.0008  	 0.647759 	 1.175246 	 0.0001
0.000805	 1.439312 	 1.809327 	 0.0001
0.00081 	 1.972598 	 2.120089 	 0.0001
0.000815	 2.151326 	 2.051496 	 0.0001
0.00082 	 1.945547 	 1.61321  	 0.0001
0.000825	 1.389075 	 0.887672 	 0.0001
0.00083 	 0.584963 	 -0.001132	 0.0001
0.000835	 -0.325416	 -0.888324	 0.0001
0.00084 	 -1.179761	 -1.618687	 0.0001
0.000845	 -1.825429	 -2.062443	 0.0001
0.00085 	 -2.146171	 -2.137154	 0.0001
0.000855	 -2.081765	 -1.83187 	 0.0001
0.00086 	 -1.645415	 -1.194574	 0.0001
0.000865	 -0.915696	 -0.34989 	 0.0001
0.00087 	 -0.025606	 0.555981 	 0.0001
0.000875	 0.868029 	 1.363957 	 0.0001
0.00088 	 1.606447 	 1.925581 	 0.0001
0.000885	 2.056004 	 2.138767 	 0.0001
0.00089 	 2.135869 	 1.973242 	 0.0001
0.000895	 1.832514 	 1.449295 	 0.0001
0.0009  	 1.202941 	 0.669336 	 0.0001
0.000905	 0.35439  	 -0.233316	 0.0001
0.00091 	 -0.555989	 -1.094745	 0.0001
0.000915	 -1.369758	 -1.762312	 0.0001
0.00092 	 -1.942326	 -2.118154	 0.0001
0.000925	 -2.166136	 -2.092714	 0.0001
0.00093 	 -2.002868	 -1.695008	 0.0001
0.000935	 -1.478926	 -0.992339	 0.0001
0.00094 	 -0.69736 	 -0.115453	 0.0001
0.000945	 0.210442 	 0.780436 	 0.0001
0.00095 	 1.078315 	 1.534956 	 0.0001
0.000955	 1.753616 	 2.015106 	 0.0001
0.00096 	 2.114292 	 2.135224 	 0.0001
0.000965	 2.094004 	 1.870514 	 0.0001
0.00097 	 1.698226 	 1.268636 	 0.0001
0.000975	 0.998773 	 0.44166  	 0.0001
0.00098 	 0.117375 	 -0.462923	 0.0001
0.000985	 -0.781088	 -1.291505	 0.0001
0.00099 	 -1.54462 	 -1.887259	 0.0001
0.000995	 -2.033138	 -2.150035	 0.0001
0.001   	 -2.15873 	 -2.024444	 0.0001
0.001005	 -1.900462	 -1.538823	 0.0001
0.00101 	 -1.298911	 -0.7798  	 0.0001
0.001015	 -0.469363	 0.118019 	 0.0001
0.00102 	 0.441982 	 0.992655 	 0.0001
0.001025	 1.277008 	 1.690175 	 0.0001
0.00103 	 1.881463 	 2.082411 	 0.0001
0.001035	 2.146496 	 2.103987 	 0.0001
0.00104 	 2.027021 	 1.744921 	 0.0001
0.001045	 1.544295 	 1.074129 	 0.0001
0.00105 	 0.784945 	 0.211086 	 0.0001
0.001055	 -0.11352 	 -0.690598	 0.0001
0.00106 	 -0.99717 	 -1.470875	 0.0001
0.001065	 -1.70177 	 -1.989986	 0.0001
0.00107 	 -2.103985	 -2.154221	 0.0001
0.001075	 -2.131035	 -1.933953	 0.0001
0.00108 	 -1.774549	 -1.364605	 0.0001
0.001085	 -1.104084	 -0.556311	 0.0001
0.00109 	 -0.235892	 0.349559 	 0.0001
0.001095	 0.66998  	 1.195534 	 0.0001
0.0011  	 1.459922 	 1.823497 	 0.0001
0.001105	 1.984513 	 2.125241 	 0.0001
0.00111 	 2.15197  	 2.044733 	 0.0001
0.001115	 1.933632 	 1.597752 	 0.0001
0.00112 	 1.37233  	 0.863842 	 0.0001
0.001125	 0.558879 	 -0.02464 	 0.0001
0.00113 	 -0.347958	 -0.909578	 0.0001
0.001135	 -1.199082	 -1.6335  	 0.0001
0.00114 	 -1.837667	 -2.068884	 0.0001
0.001145	 -2.147781	 -2.135866	 0.0001
0.00115 	 -2.074036	 -1.816735	 0.0001
0.001155	 -1.62867 	 -1.176218	 0.0001
0.00116 	 -0.89251 	 -0.323162	 0.0001
0.001165	 -0.001132	 0.580133 	 0.0001
0.00117 	 0.890893 	 1.381669 	 0.0001
0.001175	 1.619972 	 1.934598 	 0.0001
0.00118 	 2.062445 	 2.141021 	 0.0001
0.001185	 2.132004 	 1.961649 	 0.0001
0.00119 	 1.820598 	 1.43416  	 0.0001
0.001195	 1.181365 	 0.644861 	 0.0001
0.0012  	 0.328627 	 -0.255536	 0.0001
0.001205	 -0.578531	 -1.115677	 0.0001
0.00121 	 -1.389402	 -1.777125	 0.0001
0.001215	 -1.951343	 -2.124595	 0.0001
0.00122 	 -2.16678 	 -2.085629	 0.0001
0.001225	 -1.992563	 -1.68116 	 0.0001
0.00123 	 -1.461858	 -0.97334 	 0.0001
0.001235	 -0.67192 	 -0.092266	 0.0001
0.00124 	 0.233628 	 0.802012 	 0.0001
0.001245	 1.100535 	 1.552668 	 0.0001
0.00125 	 1.768107 	 2.022513 	 0.0001
0.001255	 2.117513 	 2.130716 	 0.0001
0.00126 	 2.087886 	 1.856988 	 0.0001
0.001265	 1.685023 	 1.25028  	 0.0001
0.00127 	 0.977841 	 0.418796 	 0.0001
0.001275	 0.094511 	 -0.488363	 0.0001
0.00128 	 -0.80202 	 -1.311149	 0.0001
0.001285	 -1.561687	 -1.900784	 0.0001
0.00129 	 -2.041189	 -2.150357	 0.0001
0.001295	 -2.156476	 -2.016393	 0.0001
0.0013  	 -1.887259	 -1.520146	 0.0001
0.001305	 -1.280878	 -0.755648	 0.0001
0.00131 	 -0.446821	 0.14185  	 0.0001
0.001315	 0.466778 	 1.013587 	 0.0001
0.00132 	 1.294076 	 1.704989 	 0.0001
0.001325	 1.891768 	 2.085631 	 0.0001
0.00133 	 2.146818 	 2.097869 	 0.0001
0.001335	 2.018004 	 1.730107 	 0.0001
0.00134 	 1.526905 	 1.054163 	 0.0001
0.001345	 0.763046 	 0.18468  	 0.0001
0.00135 	 -0.137351	 -0.712496	 0.0001
0.001355	 -1.018102	 -1.488587	 0.0001
0.00136 	 -1.717872	 -1.996749	 0.0001
0.001365	 -2.110425	 -2.156476	 0.0001
0.00137 	 -2.127493	 -1.922038	 0.0001
0.001375	 -1.761024	 -1.34625 	 0.0001
0.00138 	 -1.083474	 -0.530549	 0.0001
0.001385	 -0.209807	 0.374355 	 0.0001
0.00139 	 0.694454 	 1.21389  	 0.0001
0.001395	 1.474414 	 1.836378 	 0.0001
0.0014  	 1.992564 	 2.12814  	 0.0001
0.001405	 2.15197  	 2.037326 	 0.0001
0.00141 	 1.923649 	 1.582939 	 0.0001
0.001415	 1.355906 	 0.842588 	 0.0001
0.00142 	 0.537303 	 -0.047826	 0.0001
0.001425	 -0.373721	 -0.93051 	 0.0001
0.00143 	 -1.219692	 -1.648957	 0.0001
0.001435	 -1.851192	 -2.073714	 0.0001
0.00144 	 -2.149713	 -2.130713	 0.0001
0.001445	 -2.063731	 -1.802243	 0.0001
0.00145 	 -1.61289 	 -1.15593 	 0.0001
0.001455	 -0.870612	 -0.302552	 0.0001
0.00146 	 0.021088 	 0.604285 	 0.0001
0.001465	 0.914401 	 1.399702 	 0.0001
0.00147 	 1.63865  	 1.943615 	 0.0001
0.001475	 2.069208 	 2.139411 	 0.0001
0.00148 	 2.128784 	 1.952632 	 0.0001
0.001485	 1.807717 	 1.413872 	 0.0001
0.00149 	 1.162687 	 0.622319 	 0.0001
0.001495	 0.306407 	 -0.280332	 0.0001
0.0015  	 -0.602684	 -1.138541	 0.0001
0.001505	 -1.404215	 -1.790972	 0.0001
0.00151 	 -1.96197 	 -2.127171	 0.0001
0.001515	 -2.165492	 -2.080155	 0.0001
0.00152 	 -1.982902	 -1.662805	 0.0001
0.001525	 -1.444469	 -0.949832	 0.0001
0.00153 	 -0.650022	 -0.067148	 0.0001
0.001535	 0.257136 	 0.825198 	 0.0001
0.00154 	 1.120501 	 1.570057 	 0.0001
0.001545	 1.782277 	 2.030564 	 0.0001
0.00155 	 2.122987 	 2.128784 	 0.0001
0.001555	 2.083699 	 1.844751 	 0.0001
0.00156 	 1.670531 	 1.230958 	 0.0001
0.001565	 0.955621 	 0.394965 	 0.0001
0.00157 	 0.072613 	 -0.511227	 0.0001
0.001575	 -0.827138	 -1.330148	 0.0001
0.00158 	 -1.577467	 -1.911411	 0.0001
0.001585	 -2.04924 	 -2.152611	 0.0001
0.00159 	 -2.155187	 -2.006732	 0.0001
0.001595	 -1.875988	 -1.503722	 0.0001
0.0016  	 -1.261234	 -0.735038	 0.0001
0.001605	 -0.420737	 0.166002 	 0.0001
0.00161 	 0.490286 	 1.033553 	 0.0001
0.001615	 1.314042 	 1.71787  	 0.0001
0.00162 	 1.899174 	 2.095614 	 0.0001
0.001625	 2.146174 	 2.093038 	 0.0001
0.00163 	 2.008344 	 1.719158 	 0.0001
0.001635	 1.510481 	 1.033875 	 0.0001
0.00164 	 0.740504 	 0.162459 	 0.0001
0.001645	 -0.162147	 -0.734716	 0.0001
0.00165 	 -1.039034	 -1.504366	 0.0001
0.001655	 -1.732041	 -2.008342	 0.0001
0.00166 	 -2.117188	 -2.153577	 0.0001
0.001665	 -2.11912 	 -1.912055	 0.0001
0.00167 	 -1.746854	 -1.32725 	 0.0001
0.001675	 -1.062864	 -0.508007	 0.0001
0.00168 	 -0.189519	 0.398508 	 0.0001
0.001685	 0.715708 	 1.2345   	 0.0001
0.00169 	 1.49277  	 1.849259 	 0.0001
0.001695	 2.002869 	 2.130716 	 0.0001
0.0017  	 2.152292 	 2.029598 	 0.0001
0.001705	 1.913988 	 1.565227 	 0.0001
0.00171 	 1.333042 	 0.8223   	 0.0001
0.001715	 0.516049 	 -0.072945	 0.0001
0.00172 	 -0.398517	 -0.950154	 0.0001
0.001725	 -1.238048	 -1.666347	 0.0001
0.00173 	 -1.862141	 -2.080477	 0.0001
0.001735	 -2.154221	 -2.125883	 0.0001
0.00174 	 -2.056002	 -1.791938	 0.0001
0.001745	 -1.595823	 -1.134032	 0.0001
0.00175 	 -0.850002	 -0.278722	 0.0001
0.001755	 0.04524  	 0.625539 	 0.0001
0.00176 	 0.932757 	 1.419024 	 0.0001
0.001765	 1.651209 	 1.955852 	 0.0001
0.00177 	 2.075326 	 2.142953 	 0.0001
0.001775	 2.126208 	 1.943615 	 0.0001
0.00178 	 1.795802 	 1.39616  	 0.0001
0.001785	 1.141433 	 0.601709 	 0.0001
0.00179 	 0.283543 	 -0.304484	 0.0001
0.001795	 -0.62587 	 -1.157863	 0.0001
0.0018  	 -1.422571	 -1.80482 	 0.0001
0.001805	 -1.970987	 -2.131035	 0.0001
0.00181 	 -2.168069	 -2.074358	 0.0001
0.001815	 -1.973885	 -1.649279	 0.0001
0.00182 	 -1.428045	 -0.929544	 0.0001
0.001825	 -0.628446	 -0.042674	 0.0001
0.00183 	 0.281289 	 0.845808 	 0.0001
0.001835	 1.140789 	 1.584871 	 0.0001
0.00184 	 1.794514 	 2.037004 	 0.0001
0.001845	 2.124275 	 2.125563 	 0.0001
0.00185 	 2.075326 	 1.83348  	 0.0001
0.001855	 1.654108 	 1.213246 	 0.0001
0.00186 	 0.935333 	 0.372101 	 0.0001
0.001865	 0.049427 	 -0.533125	 0.0001
0.00187 	 -0.848392	 -1.347538	 0.0001
0.001875	 -1.595823	 -1.921072	 0.0001
0.00188 	 -2.05729 	 -2.151967	 0.0001
0.001885	 -2.155187	 -1.999003	 0.0001
0.00189 	 -1.863107	 -1.487621	 0.0001
0.001895	 -1.2432  	 -0.712174	 0.0001
0.0019  	 -0.399483	 0.188544 	 0.0001
0.001905	 0.512185 	 1.054807 	 0.0001
0.00191 	 1.332398 	 1.732362 	 0.0001
0.001915	 1.911734 	 2.099801 	 0.0001
0.00192 	 2.152936 	 2.086275 	 0.0001
0.001925	 2.001581 	 1.700802 	 0.0001
0.00193 	 1.492126 	 1.01101  	 0.0001
0.001935	 0.717962 	 0.137341 	 0.0001
0.00194 	 -0.185011	 -0.758868	 0.0001
0.001945	 -1.060932	 -1.522078	 0.0001
0.00195 	 -1.746532	 -2.017037	 0.0001
0.001955	 -2.119764	 -2.150357	 0.0001
0.00196 	 -2.11429 	 -1.90014 	 0.0001
0.001965	 -1.733651	 -1.30986 	 0.0001
0.00197 	 -1.037424	 -0.484177	 0.0001
0.001975	 -0.163435	 0.42266  	 0.0001
0.00198 	 0.738572 	 1.253822 	 0.0001
0.001985	 1.509837 	 1.861497 	 0.0001
0.00199 	 2.010276 	 2.131682 	 0.0001
0.001995	 2.149394 	 2.021547 	 0.0001
0.002   	 1.901751 	 1.547837 	 0.0001
0.002005	 1.314364 	 0.798792 	 0.0001
0.00201 	 0.492219 	 -0.095809	 0.0001
0.002015	 -0.420415	 -0.973662	 0.0001
0.00202 	 -1.259624	 -1.679872	 0.0001
0.002025	 -1.876632	 -2.086273	 0.0001
0.00203 	 -2.155187	 -2.123629	 0.0001
0.002035	 -2.051816	 -1.775515	 0.0001
0.00204 	 -1.579399	 -1.115677	 0.0001
0.002045	 -0.826816	 -0.254247	 0.0001
0.00205 	 0.073257 	 0.649692 	 0.0001
0.002055	 0.955621 	 1.435126 	 0.0001
0.00206 	 1.668277 	 1.967123 	 0.0001
0.002065	 2.082411 	 2.140055 	 0.0001
0.00207 	 2.120089 	 1.930734 	 0.0001
0.002075	 1.780988 	 1.379414 	 0.0001
0.00208 	 1.120501 	 0.576913 	 0.0001
0.002085	 0.260357 	 -0.32767 	 0.0001
0.00209 	 -0.650344	 -1.176218	 0.0001
0.002095	 -1.441248	 -1.818023	 0.0001
0.0021  	 -1.981614	 -2.135222	 0.0001
0.002105	 -2.167102	 -2.070172	 0.0001
0.00211 	 -1.964224	 -1.63028 	 0.0001
0.002115	 -1.410334	 -0.905714	 0.0001
0.00212 	 -0.603006	 -0.018844	 0.0001
0.002125	 0.305441 	 0.868995 	 0.0001
0.00213 	 1.161077 	 1.602583 	 0.0001
0.002135	 1.809005 	 2.047632 	 0.0001
0.00214 	 2.130394 	 2.121377 	 0.0001
0.002145	 2.072106 	 1.821887 	 0.0001
0.00215 	 1.635108 	 1.190704 	 0.0001
0.002155	 0.912791 	 0.347949 	 0.0001
0.00216 	 0.023664 	 -0.558244	 0.0001
0.002165	 -0.870934	 -1.364605	 0.0001
0.00217 	 -1.60967 	 -1.932665	 0.0001
0.002175	 -2.064375	 -2.153255	 0.0001
0.00218 	 -2.152289	 -1.989342	 0.0001
0.002185	 -1.850548	 -1.470231	 0.0001
0.00219 	 -1.218726	 -0.688988	 0.0001
0.002195	 -0.375009	 0.216883 	 0.0001
0.0022  	 0.536659 	 1.077349 	 0.0001
0.002205	 1.351398 	 1.746209 	 0.0001
0.00221 	 1.924615 	 2.101411 	 0.0001
0.002215	 2.15197  	 2.081123 	 0.0001
0.00222 	 1.99353  	 1.686955 	 0.0001
0.002225	 1.475702 	 0.989434 	 0.0001
0.00223 	 0.694776 	 0.115765 	 0.0001
0.002235	 -0.209807	 -0.780444	 0.0001
0.00224 	 -1.082508	 -1.538501	 0.0001
0.002245	 -1.760057	 -2.025732	 0.0001
0.00225 	 -2.124917	 -2.152289	 0.0001
0.002255	 -2.111069	 -1.887259	 0.0001
0.00226 	 -1.716906	 -1.288607	 0.0001
0.002265	 -1.020678	 -0.462279	 0.0001
0.00227 	 -0.138317	 0.445524 	 0.0001
0.002275	 0.760792 	 1.2725   	 0.0001
0.00228 	 1.526905 	 1.871158 	 0.0001
0.002285	 2.01736  	 2.133936 	 0.0001
0.00229 	 2.148106 	 2.01414  	 0.0001
0.002295	 1.893056 	 1.53238  	 0.0001
0.0023  	 1.29633  	 0.777216 	 0.0001
0.002305	 0.467744 	 -0.119961	 0.0001
0.00231 	 -0.441669	 -0.994272	 0.0001
0.002315	 -1.27959 	 -1.695008	 0.0001
0.00232 	 -1.886937	 -2.093358	 0.0001
0.002325	 -2.159374	 -2.116222	 0.0001
0.00233 	 -2.044087	 -1.761346	 0.0001
0.002335	 -1.563942	 -1.092813	 0.0001
0.00234 	 -0.80685 	 -0.229129	 0.0001
0.002345	 0.097409 	 0.67159  	 0.0001
0.00235 	 0.979129 	 1.453482 	 0.0001
0.002355	 1.684057 	 1.973242 	 0.0001
0.00236 	 2.087886 	 2.141665 	 0.0001
0.002365	 2.116547 	 1.923649 	 0.0001
0.00237 	 1.767463 	 1.360093 	 0.0001
0.002375	 1.100213 	 0.555337 	 0.0001
0.00238 	 0.23395  	 -0.350856	 0.0001
0.002385	 -0.672564	 -1.194896	 0.0001
0.00239 	 -1.461858	 -1.828972	 0.0001
0.002395	 -1.991597	 -2.136832	 0.0001
0.0024  	 -2.167425	 -2.063731	 0.0001
0.002405	 -1.955851	 -1.618043	 0.0001
0.00241 	 -1.390046	 -0.88607 	 0.0001
0.002415	 -0.580464	 0.005309 	 0.0001
0.00242 	 0.328627 	 0.890249 	 0.0001
0.002425	 1.181365 	 1.617074 	 0.0001
0.00243 	 1.821565 	 2.054072 	 0.0001
0.002435	 2.133292 	 2.121055 	 0.0001
0.00244 	 2.062123 	 1.808683 	 0.0001
0.002445	 1.620616 	 1.17267  	 0.0001
0.00245 	 0.893147 	 0.323153 	 0.0001
0.002455	 -0.001454	 -0.581108	 0.0001
0.00246 	 -0.893154	 -1.384571	 0.0001
0.002465	 -1.627703	 -1.942004	 0.0001
0.00247 	 -2.073714	 -2.154543	 0.0001
0.002475	 -2.147459	 -1.981936	 0.0001
0.00248 	 -1.838311	 -1.451553	 0.0001
0.002485	 -1.201981	 -0.665802	 0.0001
0.00249 	 -0.350856	 0.238459 	 0.0001
0.002495	 0.559523 	 1.098925 	 0.0001
0.0025  	 1.37072  	 1.760378 	 0.0001
0.002505	 1.932344 	 2.108174 	 0.0001
0.00251 	 2.153258 	 2.075648 	 0.0001
0.002515	 1.981615 	 1.672786 	 0.0001
0.00252 	 1.458956 	 0.969146 	 0.0001
0.002525	 0.672878 	 0.092257 	 0.0001
0.00253 	 -0.232994	 -0.802664	 0.0001
0.002535	 -1.100219	 -1.556535	 0.0001
0.00254 	 -1.774871	 -2.03185 	 0.0001
0.002545	 -2.127493	 -2.144882	 0.0001
0.00255 	 -2.104951	 -1.876632	 0.0001
0.002555	 -1.703058	 -1.272827	 0.0001
0.00256 	 -0.997814	 -0.437482	 0.0001
0.002565	 -0.115775	 0.466456 	 0.0001
0.00257 	 0.783656 	 1.291178 	 0.0001
0.002575	 1.543329 	 1.882429 	 0.0001
0.00258 	 2.027021 	 2.136513 	 0.0001
0.002585	 2.146496 	 2.005445 	 0.0001
0.00259 	 1.882107 	 1.515956 	 0.0001
0.002595	 1.276686 	 0.754996 	 0.0001
0.0026  	 0.445524 	 -0.143469	 0.0001
0.002605	 -0.467431	 -1.015526	 0.0001
0.00261 	 -1.297301	 -1.707567	 0.0001
0.002615	 -1.900784	 -2.096578	 0.0001
0.00262 	 -2.162916	 -2.113324	 0.0001
0.002625	 -2.035715	 -1.749431	 0.0001
0.00263 	 -1.545586	 -1.070915	 0.0001
0.002635	 -0.783664	 -0.204977	 0.0001
0.00264 	 0.119629 	 0.693488 	 0.0001
0.002645	 1.000061 	 1.470227 	 0.0001
0.00265 	 1.700802 	 1.981293 	 0.0001
0.002655	 2.09336  	 2.141343 	 0.0001
0.00266 	 2.11558  	 1.911734 	 0.0001
0.002665	 1.753616 	 1.342703 	 0.0001
0.00267 	 1.080891 	 0.530862 	 0.0001
0.002675	 0.209798 	 -0.373399	 0.0001
0.00268 	 -0.693496	 -1.218082	 0.0001
0.002685	 -1.478604	 -1.844107	 0.0001
0.00269 	 -2.000935	 -2.136832	 0.0001
0.002695	 -2.164204	 -2.05568 	 0.0001
0.0027  	 -1.942004	 -1.601297	 0.0001
0.002705	 -1.37169 	 -0.864494	 0.0001
0.00271 	 -0.559532	 0.029461 	 0.0001
0.002715	 0.352779 	 0.910537 	 0.0001
0.00272 	 1.201653 	 1.630921 	 0.0001
0.002725	 1.834446 	 2.060513 	 0.0001
0.00273 	 2.132648 	 2.115258 	 0.0001
0.002735	 2.05375  	 1.794836 	 0.0001
0.00274 	 1.606447 	 1.153026 	 0.0001
0.002745	 0.868351 	 0.301577 	 0.0001
0.00275 	 -0.023996	 -0.602684	 0.0001
0.002755	 -0.913442	 -1.403249	 0.0001
0.00276 	 -1.643805	 -1.952309	 0.0001
0.002765	 -2.082731	 -2.154543	 0.0001
0.00277 	 -2.14456 	 -1.970987	 0.0001
0.002775	 -1.826073	 -1.434808	 0.0001
0.00278 	 -1.181693	 -0.643904	 0.0001
0.002785	 -0.328314	 0.259069 	 0.0001
0.00279 	 0.581421 	 1.118247 	 0.0001
0.002795	 1.389397 	 1.774548 	 0.0001
0.0028  	 1.944259 	 2.110106 	 0.0001
0.002805	 2.154224 	 2.070496 	 0.0001
0.00281 	 1.975174 	 1.65765  	 0.0001
0.002815	 1.439956 	 0.947248 	 0.0001
0.00282 	 0.651946 	 0.064884 	 0.0001
0.002825	 -0.257468	 -0.825206	 0.0001
0.00283 	 -1.123405	 -1.572636	 0.0001
0.002835	 -1.786786	 -2.039257	 0.0001
0.00284 	 -2.135222	 -2.146171	 0.0001
0.002845	 -2.098188	 -1.864395	 0.0001
0.00285 	 -1.687601	 -1.251251	 0.0001
0.002855	 -0.97656 	 -0.415906	 0.0001
0.00286 	 -0.091622	 0.491253 	 0.0001
0.002865	 0.807165 	 1.310822 	 0.0001
0.00287 	 1.561685 	 1.894666 	 0.0001
0.002875	 2.033462 	 2.138445 	 0.0001
0.00288 	 2.146496 	 1.997072 	 0.0001
0.002885	 1.868259 	 1.49921  	 0.0001
0.00289 	 1.259941 	 0.730199 	 0.0001
0.002895	 0.419118 	 -0.165689	 0.0001
0.0029  	 -0.490939	 -1.037102	 0.0001
0.002905	 -1.316301	 -1.72238 	 0.0001
0.00291 	 -1.911733	 -2.102053	 0.0001
0.002915	 -2.16195 	 -2.109459	 0.0001
0.00292 	 -2.028952	 -1.737193	 0.0001
0.002925	 -1.531095	 -1.050305	 0.0001
0.00293 	 -0.758868	 -0.182435	 0.0001
0.002935	 0.141527 	 0.715708 	 0.0001
0.00294 	 1.019705 	 1.486651 	 0.0001
0.002945	 1.71465  	 1.991276 	 0.0001
0.00295 	 2.098513 	 2.137801 	 0.0001
0.002955	 2.108818 	 1.901751 	 0.0001
0.00296 	 1.740734 	 1.323059 	 0.0001
0.002965	 1.058027 	 0.508964 	 0.0001
0.00297 	 0.187578 	 -0.397873	 0.0001
0.002975	 -0.717648	 -1.233862	 0.0001
0.00298 	 -1.497604	 -1.856022	 0.0001
0.002985	 -2.009952	 -2.143272	 0.0001
0.00299 	 -2.166458	 -2.046664	 0.0001
0.002995	 -1.933953	 -1.58745 	 0.0001
0.003   	 -1.354623	 -0.84163 	 0.0001
0.003005	 -0.53538 	 0.052647 	 0.0001
0.00301 	 0.375966 	 0.932113 	 0.0001
0.003015	 1.221619 	 1.646379 	 0.0001
0.00302 	 1.844107 	 2.065665 	 0.0001
0.003025	 2.138767 	 2.113326 	 0.0001
0.00303 	 2.049886 	 1.784209 	 0.0001
0.003035	 1.592278 	 1.131128 	 0.0001
0.00304 	 0.848063 	 0.277102 	 0.0001
0.003045	 -0.046216	 -0.626192	 0.0001
0.00305 	 -0.935984	 -1.418384	 0.0001
0.003055	 -1.662805	 -1.963258	 0.0001
0.00306 	 -2.089493	 -2.154543	 0.0001
0.003065	 -2.139408	 -1.96036 	 0.0001
0.00307 	 -1.813836	 -1.417096	 0.0001
0.003075	 -1.159151	 -0.619429	 0.0001
0.00308 	 -0.303518	 0.283543 	 0.0001
0.003085	 0.605895 	 1.139501 	 0.0001
0.00309 	 1.407109 	 1.786463 	 0.0001
0.003095	 1.95714  	 2.115258 	 0.0001
0.0031  	 2.152936 	 2.063733 	 0.0001
0.003105	 1.962937 	 1.642515 	 0.0001
0.00311 	 1.422567 	 0.926638 	 0.0001
0.003115	 0.627149 	 0.044274 	 0.0001
0.00312 	 -0.281942	 -0.846138	 0.0001
0.003125	 -1.142083	 -1.589704	 0.0001
0.00313 	 -1.800633	 -2.046986	 0.0001
0.003135	 -2.138764	 -2.140374	 0.0001
0.00314 	 -2.094002	 -1.85248 	 0.0001
0.003145	 -1.672143	 -1.230641	 0.0001
0.00315 	 -0.95434 	 -0.39433 	 0.0001
0.003155	 -0.067792	 0.514761 	 0.0001
0.00316 	 0.828741 	 1.328211 	 0.0001
0.003165	 1.576176 	 1.904971 	 0.0001
0.00317 	 2.040225 	 2.139089 	 0.0001
0.003175	 2.141987 	 1.989666 	 0.0001
0.00318 	 1.856666 	 1.482787 	 0.0001
0.003185	 1.238365 	 0.708945 	 0.0001
0.00319 	 0.39883  	 -0.187587	 0.0001
0.003195	 -0.513481	 -1.055779	 0.0001
0.0032  	 -1.338199	 -1.738804	 0.0001
0.003205	 -1.92236 	 -2.109459	 0.0001
0.00321 	 -2.164204	 -2.101731	 0.0001
0.003215	 -2.020901	 -1.721414	 0.0001
0.00322 	 -1.513383	 -1.030017	 0.0001
0.003225	 -0.737936	 -0.158927	 0.0001
0.00323 	 0.16568  	 0.737284 	 0.0001
0.003235	 1.040959 	 1.506939 	 0.0001
0.00324 	 1.727531 	 1.999327 	 0.0001
0.003245	 2.106886 	 2.138445 	 0.0001
0.00325 	 2.103665 	 1.892412 	 0.0001
0.003255	 1.724955 	 1.304381 	 0.0001
0.00326 	 1.039671 	 0.483202 	 0.0001
0.003265	 0.164714 	 -0.420737	 0.0001
0.00327 	 -0.739546	 -1.254793	 0.0001
0.003275	 -1.514349	 -1.869547	 0.0001
0.00328 	 -2.021223	 -2.144238	 0.0001
0.003285	 -2.16356 	 -2.039257	 0.0001
0.00329 	 -1.92236 	 -1.571026	 0.0001
0.003295	 -1.334657	 -0.819732	 0.0001
0.0033  	 -0.510905	 0.078732 	 0.0001
0.003305	 0.401728 	 0.954333 	 0.0001
0.00331 	 1.242873 	 1.663769 	 0.0001
0.003315	 1.85731  	 2.070174 	 0.0001
0.00332 	 2.143597 	 2.111394 	 0.0001
0.003325	 2.040869 	 1.770039 	 0.0001
0.00333 	 1.574888 	 1.112128 	 0.0001
0.003335	 0.826487 	 0.253594 	 0.0001
0.00334 	 -0.07069 	 -0.648412	 0.0001
0.003345	 -0.957238	 -1.438994	 0.0001
0.00335 	 -1.675686	 -1.970987	 0.0001
0.003355	 -2.092392	 -2.154221	 0.0001
0.00336 	 -2.137154	 -1.948445	 0.0001
0.003365	 -1.799667	 -1.399707	 0.0001
0.00337 	 -1.139507	 -0.598175	 0.0001
0.003375	 -0.281298	 0.307051 	 0.0001
0.00338 	 0.630692 	 1.157857 	 0.0001
0.003385	 1.425143 	 1.799344 	 0.0001
0.00339 	 1.963581 	 2.118157 	 0.0001
0.003395	 2.152614 	 2.057615 	 0.0001
0.0034  	 1.955208 	 1.626735 	 0.0001
0.003405	 1.406143 	 0.903774 	 0.0001
0.00341 	 0.603319 	 0.019156 	 0.0001
0.003415	 -0.304806	 -0.869646	 0.0001
0.00342 	 -1.163337	 -1.605161	 0.0001
0.003425	 -1.81448 	 -2.053748	 0.0001
0.00343 	 -2.143594	 -2.139408	 0.0001
0.003435	 -2.086917	 -1.840565	 0.0001
0.00344 	 -1.659262	 -1.21132 	 0.0001
0.003445	 -0.934696	 -0.36567 	 0.0001
0.00345 	 -0.04364 	 0.538591 	 0.0001
0.003455	 0.850961 	 1.348499 	 0.0001
0.00346 	 1.592922 	 1.914632 	 0.0001
0.003465	 2.047309 	 2.138445 	 0.0001
0.00347 	 2.139089 	 1.977428 	 0.0001
0.003475	 1.843141 	 1.465397 	 0.0001
0.00348 	 1.217755 	 0.688013 	 0.0001
0.003485	 0.373389 	 -0.21496 	 0.0001
0.00349 	 -0.53699 	 -1.080576	 0.0001
0.003495	 -1.35269 	 -1.750719	 0.0001
0.0035  	 -1.929123	 -2.114934	 0.0001
0.003505	 -2.165492	 -2.097866	 0.0001
0.00351 	 -2.00963 	 -1.705312	 0.0001
0.003515	 -1.494383	 -1.008763	 0.0001
0.00352 	 -0.71314 	 -0.133808	 0.0001
0.003525	 0.190154 	 0.760792 	 0.0001
0.00353 	 1.062535 	 1.522397 	 0.0001
0.003535	 1.740412 	 2.008344 	 0.0001
0.00354 	 2.109784 	 2.137157 	 0.0001
0.003545	 2.098513 	 1.881141 	 0.0001
0.00355 	 1.710463 	 1.286025 	 0.0001
0.003555	 1.016807 	 0.463236 	 0.0001
0.00356 	 0.139917 	 -0.443601	 0.0001
0.003565	 -0.76241 	 -1.273793	 0.0001
0.00357 	 -1.529162	 -1.878564	 0.0001
0.003575	 -2.026698	 -2.147781	 0.0001
0.00358 	 -2.161628	 -2.030562	 0.0001
0.003585	 -1.910445	 -1.549772	 0.0001
0.00359 	 -1.316945	 -0.798156	 0.0001
0.003595	 -0.488041	 0.099342 	 0.0001
0.0036  	 0.424914 	 0.976553 	 0.0001
0.003605	 1.260585 	 1.67665  	 0.0001
0.00361 	 1.868259 	 2.076937 	 0.0001
0.003615	 2.143275 	 2.104631 	 0.0001
0.00362 	 2.03153  	 1.75587  	 0.0001
0.003625	 1.55782  	 1.09023  	 0.0001
0.00363 	 0.803944 	 0.230086 	 0.0001
0.003635	 -0.092588	 -0.671598	 0.0001
0.00364 	 -0.97978 	 -1.45574 	 0.0001
0.003645	 -1.686313	 -1.98258 	 0.0001
0.00365 	 -2.097222	 -2.151967	 0.0001
0.003655	 -2.134255	 -1.941038	 0.0001
0.00366 	 -1.78743 	 -1.377809	 0.0001
0.003665	 -1.119863	 -0.575311	 0.0001
0.00367 	 -0.25618 	 0.330237 	 0.0001
0.003675	 0.652912 	 1.178145 	 0.0001
0.00368 	 1.443499 	 1.811582 	 0.0001
0.003685	 1.976462 	 2.122021 	 0.0001
0.00369 	 2.152936 	 2.049886 	 0.0001
0.003695	 1.944903 	 1.610633 	 0.0001
0.0037  	 1.387465 	 0.883164 	 0.0001
0.003705	 0.580777 	 -0.003708	 0.0001
0.00371 	 -0.328314	 -0.892188	 0.0001
0.003715	 -1.183625	 -1.620941	 0.0001
0.00372 	 -1.828006	 -2.064053	 0.0001
0.003725	 -2.145204	 -2.137154	 0.0001
0.00373 	 -2.079511	 -1.828006	 0.0001
0.003735	 -1.641873	 -1.191998	 0.0001
0.00374 	 -0.91151 	 -0.34345 	 0.0001
0.003745	 -0.02142 	 0.560167 	 0.0001
0.00375 	 0.873181 	 1.367821 	 0.0001
0.003755	 1.608057 	 1.925903 	 0.0001
0.00376 	 2.057293 	 2.141021 	 0.0001
0.003765	 2.137157 	 1.972276 	 0.0001
0.00377 	 1.830581 	 1.445431 	 0.0001
0.003775	 1.198755 	 0.664183 	 0.0001
0.00378 	 0.348271 	 -0.236858	 0.0001
0.003785	 -0.560176	 -1.097643	 0.0001
0.00379 	 -1.372656	 -1.764566	 0.0001
0.003795	 -1.94136 	 -2.119764	 0.0001
0.0038  	 -2.167102	 -2.091426	 0.0001
0.003805	 -2.000935	 -1.692753	 0.0001
0.00381 	 -1.478604	 -0.990407	 0.0001
0.003815	 -0.691242	 -0.11191 	 0.0001
0.00382 	 0.21334  	 0.784623 	 0.0001
0.003825	 1.081857 	 1.537854 	 0.0001
0.00383 	 1.756514 	 2.015428 	 0.0001
0.003835	 2.114936 	 2.134902 	 0.0001
0.00384 	 2.09175  	 1.867615 	 0.0001
0.003845	 1.696938 	 1.267025 	 0.0001
0.00385 	 0.994587 	 0.43844  	 0.0001
0.003855	 0.116409 	 -0.469041	 0.0001
0.00386 	 -0.78463 	 -1.296013	 0.0001
0.003865	 -1.547196	 -1.891767	 0.0001
0.00387 	 -2.037647	 -2.152611	 0.0001
0.003875	 -2.162594	 -2.023799	 0.0001
0.00388 	 -1.898208	 -1.535281	 0.0001
0.003885	 -1.295369	 -0.774003	 0.0001
0.00389 	 -0.465821	 0.124782 	 0.0001
0.003895	 0.447134 	 0.996197 	 0.0001
0.0039  	 1.279907 	 1.692108 	 0.0001
0.003905	 1.881463 	 2.083055 	 0.0001
0.00391 	 2.148106 	 2.100767 	 0.0001
0.003915	 2.024767 	 1.742023 	 0.0001
0.00392 	 1.541719 	 1.067688 	 0.0001
0.003925	 0.782046 	 0.205612 	 0.0001
0.00393 	 -0.118351	 -0.692852	 0.0001
0.003935	 -0.999746	 -1.474417	 0.0001
0.00394 	 -1.70338 	 -1.990308	 0.0001
0.003945	 -2.105595	 -2.153899	 0.0001
0.00395 	 -2.128781	 -1.930089	 0.0001
0.003955	 -1.771651	 -1.362029	 0.0001
0.00396 	 -1.101185	 -0.551159	 0.0001
0.003965	 -0.232671	 0.353101 	 0.0001
0.00397 	 0.67481  	 1.197789 	 0.0001
0.003975	 1.4596   	 1.825107 	 0.0001
0.00398 	 1.984835 	 2.123953 	 0.0001
0.003985	 2.153258 	 2.045699 	 0.0001
0.00399 	 1.934598 	 1.59582  	 0.0001
0.003995	 1.368465 	 0.86191  	 0.0001
0.004   	 0.557913 	 -0.030115	 0.0001
0.004005	 -0.353755	 -0.91473 	 0.0001
0.00401 	 -1.202303	 -1.637042	 0.0001
0.004015	 -1.838633	 -2.067595	 0.0001
0.00402 	 -2.148425	 -2.132967	 0.0001
0.004025	 -2.070816	 -1.811904	 0.0001
0.00403 	 -1.624483	 -1.171388	 0.0001
0.004035	 -0.890578	 -0.321552	 0.0001
0.00404 	 0.001766 	 0.585285 	 0.0001
0.004045	 0.894435 	 1.384567 	 0.0001
0.00405 	 1.624803 	 1.937496 	 0.0001
0.004055	 2.064055 	 2.143597 	 0.0001
0.00406 	 2.13297  	 1.962615 	 0.0001
0.004065	 1.818988 	 1.429651 	 0.0001
0.00407 	 1.178789 	 0.642285 	 0.0001
0.004075	 0.326695 	 -0.261976	 0.0001
0.00408 	 -0.582718	 -1.118897	 0.0001
0.004085	 -1.389402	 -1.779701	 0.0001
0.00409 	 -1.954563	 -2.123306	 0.0001
0.004095	 -2.166136	 -2.089493	 0.0001
0.0041  	 -1.991274	 -1.677618	 0.0001
0.004105	 -1.458638	 -0.969797	 0.0001
0.00411 	 -0.669666	 -0.08647 	 0.0001
0.004115	 0.237815 	 0.805877 	 0.0001
0.00412 	 1.101823 	 1.55299  	 0.0001
0.004125	 1.767463 	 2.025089 	 0.0001
0.00413 	 2.117835 	 2.131038 	 0.0001
0.004135	 2.087564 	 1.856666 	 0.0001
0.00414 	 1.68148  	 1.247059 	 0.0001
0.004145	 0.976231 	 0.414609 	 0.0001
0.00415 	 0.092901 	 -0.492228	 0.0001
0.004155	 -0.807173	 -1.312437	 0.0001
0.00416 	 -1.56362 	 -1.901106	 0.0001
0.004165	 -2.041833	 -2.151645	 0.0001
0.00417 	 -2.157764	 -2.015427	 0.0001
0.004175	 -1.885649	 -1.518213	 0.0001
0.00418 	 -1.27798 	 -0.751783	 0.0001
0.004185	 -0.440059	 0.146358 	 0.0001
0.00419 	 0.472575 	 1.018739 	 0.0001
0.004195	 1.299551 	 1.705633 	 0.0001
0.0042  	 1.893378 	 2.09014  	 0.0001
0.004205	 2.149394 	 2.097547 	 0.0001
0.00421 	 2.016394 	 1.727531 	 0.0001
0.004215	 1.524973 	 1.051586 	 0.0001
0.00422 	 0.758538 	 0.181459 	 0.0001
0.004225	 -0.139283	 -0.718936	 0.0001
0.00423 	 -1.019712	 -1.493095	 0.0001
0.004235	 -1.716906	 -2.002223	 0.0001
0.00424 	 -2.109459	 -2.151967	 0.0001
0.004245	 -2.123306	 -1.918818	 0.0001
0.00425 	 -1.758769	 -1.340131	 0.0001
0.004255	 -1.080898	 -0.528617	 0.0001
0.00426 	 -0.206587	 0.37822  	 0.0001
0.004265	 0.696064 	 1.218399 	 0.0001
0.00427 	 1.478922 	 1.837666 	 0.0001
0.004275	 1.995462 	 2.12814  	 0.0001
0.00428 	 2.151326 	 2.039581 	 0.0001
0.004285	 1.921717 	 1.581006 	 0.0001
0.00429 	 1.348821 	 0.838724 	 0.0001
0.004295	 0.534083 	 -0.052657	 0.0001
0.0043  	 -0.376297	 -0.933086	 0.0001
0.004305	 -1.223235	 -1.653144	 0.0001
0.00431 	 -1.848616	 -2.07629 	 0.0001
0.004315	 -2.151645	 -2.131035	 0.0001
0.00432 	 -2.063409	 -1.802887	 0.0001
0.004325	 -1.60806 	 -1.148846	 0.0001
0.00433 	 -0.86868 	 -0.296755	 0.0001
0.004335	 0.026241 	 0.607828 	 0.0001
0.00434 	 0.915367 	 1.401957 	 0.0001
0.004345	 1.641549 	 1.947479 	 0.0001
0.00435 	 2.07114  	 2.142309 	 0.0001
0.004355	 2.129428 	 1.951344 	 0.0001
0.00436 	 1.805463 	 1.41194  	 0.0001
0.004365	 1.158501 	 0.619421 	 0.0001
0.00437 	 0.303187 	 -0.283874	 0.0001
0.004375	 -0.606226	 -1.138863	 0.0001
0.00438 	 -1.407757	 -1.793871	 0.0001
0.004385	 -1.96358 	 -2.130069	 0.0001
0.00439 	 -2.167425	 -2.079188	 0.0001
0.004395	 -1.981936	 -1.661194	 0.0001
0.0044  	 -1.441893	 -0.945323	 0.0001
0.004405	 -0.648412	 -0.062962	 0.0001
0.00441 	 0.262289 	 0.828419 	 0.0001
0.004415	 1.123399 	 1.571668 	 0.0001
0.00442 	 1.782277 	 2.03153  	 0.0001
0.004425	 2.121377 	 2.128462 	 0.0001
0.00443 	 2.083055 	 1.843141 	 0.0001
0.004435	 1.666023 	 1.229026 	 0.0001
0.00444 	 0.953689 	 0.391101 	 0.0001
0.004445	 0.066816 	 -0.514448	 0.0001
0.00445 	 -0.828426	 -1.330148	 0.0001
0.004455	 -1.580687	 -1.913665	 0.0001
0.00446 	 -2.05246 	 -2.152611	 0.0001
0.004465	 -2.155831	 -2.005766	 0.0001
0.00447 	 -1.875344	 -1.50179 	 0.0001
0.004475	 -1.257048	 -0.729885	 0.0001
0.00448 	 -0.418805	 0.168578 	 0.0001
0.004485	 0.494795 	 1.039027 	 0.0001
0.00449 	 1.319839 	 1.720446 	 0.0001
0.004495	 1.903361 	 2.096258 	 0.0001
0.0045  	 2.148428 	 2.09175  	 0.0001
0.004505	 2.006411 	 1.71465  	 0.0001
0.00451 	 1.507905 	 1.027434 	 0.0001
0.004515	 0.736318 	 0.159239 	 0.0001
0.00452 	 -0.166333	 -0.739546	 0.0001
0.004525	 -1.042898	 -1.508231	 0.0001
0.00453 	 -1.733329	 -2.007376	 0.0001
0.004535	 -2.116222	 -2.152611	 0.0001
0.00454 	 -2.120408	 -1.908513	 0.0001
0.004545	 -1.74621 	 -1.324674	 0.0001
0.00455 	 -1.059   	 -0.505431	 0.0001
0.004555	 -0.183723	 0.400762 	 0.0001
0.00456 	 0.72086  	 1.237076 	 0.0001
0.004565	 1.495024 	 1.851514 	 0.0001
0.00457 	 2.001581 	 2.132326 	 0.0001
0.004575	 2.149394 	 2.029276 	 0.0001
0.00458 	 1.91431  	 1.562329 	 0.0001
0.004585	 1.332398 	 0.817792 	 0.0001
0.00459 	 0.511218 	 -0.076487	 0.0001
0.004595	 -0.400449	 -0.955628	 0.0001
0.0046  	 -1.240946	 -1.666025	 0.0001
0.004605	 -1.862785	 -2.080799	 0.0001
0.00461 	 -2.155509	 -2.126527	 0.0001
0.004615	 -2.058579	 -1.786142	 0.0001
0.00462 	 -1.59389 	 -1.131134	 0.0001
0.004625	 -0.84485 	 -0.272925	 0.0001
0.00463 	 0.049105 	 0.627794 	 0.0001
0.004635	 0.937587 	 1.423211 	 0.0001
0.00464 	 1.654108 	 1.956496 	 0.0001
0.004645	 2.078225 	 2.143597 	 0.0001
0.00465 	 2.125241 	 1.942649 	 0.0001
0.004655	 1.793548 	 1.395516 	 0.0001
0.00466 	 1.138857 	 0.596879 	 0.0001
0.004665	 0.278712 	 -0.306416	 0.0001
0.00467 	 -0.630056	 -1.161083	 0.0001
0.004675	 -1.429011	 -1.80804 	 0.0001
0.00468 	 -1.973885	 -2.132967	 0.0001
0.004685	 -2.168713	 -2.072426	 0.0001
0.00469 	 -1.971631	 -1.645415	 0.0001
0.004695	 -1.425147	 -0.924713	 0.0001
0.0047  	 -0.625548	 -0.039131	 0.0001
0.004705	 0.285475 	 0.851605 	 0.0001
0.00471 	 1.143687 	 1.587769 	 0.0001
0.004715	 1.796768 	 2.040869 	 0.0001
0.00472 	 2.125563 	 2.125241 	 0.0001
0.004725	 2.075648 	 1.830581 	 0.0001
0.00473 	 1.649599 	 1.208094 	 0.0001
0.004735	 0.931791 	 0.368237 	 0.0001
0.00474 	 0.043308 	 -0.537956	 0.0001
0.004745	 -0.850969	 -1.350114	 0.0001
0.00475 	 -1.596467	 -1.922038	 0.0001
0.004755	 -2.060833	 -2.151001	 0.0001
0.00476 	 -2.153899	 -1.996749	 0.0001
0.004765	 -1.861175	 -1.483434	 0.0001
0.00477 	 -1.237082	 -0.706699	 0.0001
0.004775	 -0.393364	 0.192086 	 0.0001
0.00478 	 0.519591 	 1.058349 	 0.0001
0.004785	 1.337872 	 1.733328 	 0.0001
0.00479 	 1.914954 	 2.098513 	 0.0001
0.004795	 2.152614 	 2.08853  	 0.0001
0.0048  	 2.000293 	 1.699836 	 0.0001
0.004805	 1.491482 	 1.007146 	 0.0001
0.00481 	 0.713776 	 0.135731 	 0.0001
0.004815	 -0.188553	 -0.760478	 0.0001
0.00482 	 -1.06383 	 -1.52401 	 0.0001
0.004825	 -1.746854	 -2.018647	 0.0001
0.00483 	 -2.121052	 -2.152289	 0.0001
0.004835	 -2.113002	 -1.901106	 0.0001
0.00484 	 -1.729787	 -1.305996	 0.0001
0.004845	 -1.035813	 -0.480956	 0.0001
0.00485 	 -0.159571	 0.426524 	 0.0001
0.004855	 0.744691 	 1.257042 	 0.0001
0.00486 	 1.513702 	 1.862463 	 0.0001
0.004865	 2.012208 	 2.133292 	 0.0001
0.00487 	 2.150038 	 2.021225 	 0.0001
0.004875	 1.900785 	 1.547515 	 0.0001
0.00488 	 1.311144 	 0.797182 	 0.0001
0.004885	 0.48771  	 -0.100317	 0.0001
0.00489 	 -0.422669	 -0.976882	 0.0001
0.004895	 -1.262844	 -1.679872	 0.0001
0.0049  	 -1.876954	 -2.087239	 0.0001
0.004905	 -2.156798	 -2.12073 	 0.0001
0.00491 	 -2.049562	 -1.774871	 0.0001
0.004915	 -1.577467	 -1.110202	 0.0001
0.00492 	 -0.824562	 -0.249417	 0.0001
0.004925	 0.079054 	 0.65259  	 0.0001
0.00493 	 0.96013  	 1.43899  	 0.0001
0.004935	 1.671497 	 1.967767 	 0.0001
0.00494 	 2.083699 	 2.143919 	 0.0001
0.004945	 2.122665 	 1.929768 	 0.0001
0.00495 	 1.778412 	 1.375872 	 0.0001
0.004955	 1.116637 	 0.574014 	 0.0001
0.00496 	 0.253916 	 -0.329925	 0.0001
0.004965	 -0.65292 	 -1.181371	 0.0001
0.00497 	 -1.447045	 -1.821887	 0.0001
0.004975	 -1.984834	 -2.132323	 0.0001
0.00498 	 -2.168391	 -2.066629	 0.0001
0.004985	 -1.96036 	 -1.62867 	 0.0001
0.00499 	 -1.405825	 -0.903459	 0.0001
0.004995	 -0.600107	 -0.016267	 0.0001
0.005   	 0.309305 	 0.872859 	 0.0001
        	          	          	  
        	          	          	  
        	          	          	  
        	          	          	  
        	          	          	  
        	          	          	  
        	          	          	  
        	          	          	  
        	          	          	  
        	          	          	  
        	          	          	  
        	          	          	  
        	          	          	  
        	          	          	  
        	          	          	  
        	          	          	  
        	          	          	  
        	          	          	  
        	          	          	  
        	          	          	  
        	          	          	  
        	          	          	  
        	          	          	  
        	          	          	  
        	          	          	  
        	          	          	  
        	          	          	  
        	          	          	  
        	          	          	  
        	          	          	  
        	          	          	  
        	          	          	  
        	          	          	  
        	          	          	  
        	          	          	  
        	          	          	  
        	          	          	  
        	          	          	  
        	          	          	  
        	          	          	  
        	          	          	  
        	          	          	  
        	          	          	  
        	          	          	  
        	          	          	  
        	          	          	  
        	          	          	  
        	          	          	  
        	          	          	  
        	          	          	  
        	          	          	  
        	          	          	  
        	          	          	  
        	          	          	  
        	          	          	  
        	          	          	  
        	          	          	  
        	          	          	  
        	          	          	  
        	          	          	  
        	          	          	  
        	          	          	  
        	          	          	  
        	          	          	  
        	          	          	  
        	          	          	  
        	          	          	  
        	          	          	  
        	          	          	  
        	          	          	  
        	          	          	  
        	          	          	  
        	          	          	  
        	          	          	  
        	          	          	  
        	          	          	  
        	          	          	  
        	          	          	  
        	          	          	  
        	          	          	  
        	          	          	  
        	          	          	  
        	          	          	  
        	          	          	  
        	          	          	  
        	          	          	  
        	          	          	  
        	          	          	  
        	          	          	  
        	          	          	  
        	          	          	  
        	          	          	  
        	          	          	  
        	          	          	  
        	          	          	  
        	          	          	  
        	          	          	  
        	          	          	  
        	          	          	  
        	          	          	  
        	          	          	  
        	          	          	  
        	          	          	  
        	          	          	  
        	          	          	  
        	          	          	  
        	          	          	  
        	          	          	  
        	          	          	  
        	          	          	  
        	          	          	  
        	          	          	  
        	          	          	  
        	          	          	  
        	          	          	  
        	          	          	  
        	          	          	  
        	          	          	  
        	          	          	  
        	          	          	  
        	          	          	  
        	          	          	  
        	          	          	  
        	          	          	  
        	          	          	  
        	          	          	  
        	          	          	  
        	          	          	  
        	          	          	  
        	          	          	  
        	          	          	  
        	          	          	  
        	          	          	  
        	          	          	  
        	          	          	  
        	          	          	  
        	          	          	  
        	          	          	  
        	          	          	  
        	          	          	  
        	          	          	  
        	          	          	  
        	          	          	  
        	          	          	  
        	          	          	  
        	          	          	  
        	          	          	  
        	          	          	  
        	          	          	  
        	          	          	  
        	          	          	  
        	          	          	  
        	          	          	  
        	          	          	  
        	          	          	  
        	          	          	  
        	          	          	  
        	          	          	  
        	          	          	  
        	          	          	  
        	          	          	  
        	          	          	  
        	          	          	  
        	          	          	  
        	          	          	  
        	          	          	  
        	          	          	  
        	          	          	  
        	          	          	  
        	          	          	  
        	          	          	  
        	          	          	  
        	          	          	  
        	          	          	  
        	          	          	  
        	          	          	  
        	          	          	  
        	          	          	  
        	          	          	  
        	          	          	  
        	          	          	  
        	          	          	  
        	          	          	  
        	          	          	  
        	          	          	  
        	          	          	  
        	          	          	  
        	          	          	  
        	          	          	  
        	          	          	  
        	          	          	  
        	          	          	  
        	          	          	  
        	          	          	  
        	          	          	  
        	          	          	  
        	          	          	  
        	          	          	  
        	          	          	  
        	          	          	  
        	          	          	  
        	          	          	  
        	          	          	  
        	          	          	  
        	          	          	  
        	          	          	  
        	          	          	  
        	          	          	  
        	          	          	  
        	          	          	  
        	          	          	  
        	          	          	  
        	          	          	  
        	          	          	  
        	          	          	  
        	          	          	  
        	          	          	  
        	          	          	  
        	          	          	  
        	          	          	  
        	          	          	  
        	          	          	  
        	          	          	  
        	          	          	  
        	          	          	  
        	          	          	  
        	          	          	  
        	          	          	  
        	          	          	  
        	          	          	  
        	          	          	  
        	          	          	  
        	          	          	  
        	          	          	  
        	          	          	  
        	          	          	  
        	          	          	  
        	          	          	  
        	          	          	  
        	          	          	  
        	          	          	  
        	          	          	  
        	          	          	  
        	          	          	  
        	          	          	  
        	          	          	  
        	          	          	  
        	          	          	  
        	          	          	  
        	          	          	  
        	          	          	  
        	          	          	  
        	          	          	  
        	          	          	  
        	          	          	  
        	          	          	  
        	          	          	  
        	          	          	  
        	          	          	  
        	          	          	  
        	          	          	  
        	          	          	  
        	          	          	  
        	          	          	  
        	          	          	  
        	          	          	  
        	          	          	  
        	          	          	  
        	          	          	  
        	          	          	  
        	          	          	  
        	          	          	  
        	          	          	  
        	          	          	  
        	          	          	  
        	          	          	  
        	          	          	  
        	          	          	  
        	          	          	  
        	          	          	  
        	          	          	  
        	          	          	  
        	          	          	  
        	          	          	  
        	          	          	  
        	          	          	  
        	          	          	  
        	          	          	  
        	          	          	  
        	          	          	  
        	          	          	  
        	          	          	  
        	          	          	  
        	          	          	  
        	          	          	  
        	          	          	  
        	          	          	  
        	          	          	  
        	          	          	  
        	          	          	  
        	          	          	  
        	          	          	  
        	          	          	  
        	          	          	  
        	          	          	  
        	          	          	  
        	          	          	  
        	          	          	  
        	          	          	  