 2240.047022	 -137.661649	 -136.907289	 0.0001
 2240.063932	 -30.450693 	 -29.673582 	 0.0001
 2254.963578	 70.9726    	 71.74689   	 0.0001
 2254.955862	 22.193035  	 22.957364  	 0.0001
 2270.048626	 170.716654 	 171.487587 	 0.0001
 2270.041569	 -68.164909 	 -67.395533 	 0.0001
 2285.134696	 26.676902  	 27.449143  	 0.0001
 2285.130454	 124.767087 	 125.545085 	 0.0001
 2300.032185	 -7.177117  	 -6.3997    	 0.0001
 2300.034641	 -61.706607 	 -60.931787 	 0.0001
 2300.032565	 46.22487   	 47.002879  	 0.0001
 2315.123406	 -44.168511 	 -43.388113 	 0.0001
 2315.124744	 56.759816  	 57.541918  	 0.0001
 2330.026494	 -68.979128 	 -68.198813 	 0.0001
 2330.018394	 150.162453 	 150.936147 	 0.0001
 2345.105983	 -63.140852 	 -62.356132 	 0.0001
 2345.102426	 142.666437 	 143.447522 	 0.0001
 2360.00806 	 -7.681842  	 -6.891033  	 0.0001
 2360.013529	 17.388592  	 18.190499  	 0.0001
 2360.005183	 -96.19805  	 -95.408242 	 0.0001
 2375.097447	 103.743544 	 104.548133 	 0.0001
 2375.100362	 -107.777506	 -106.986939	 0.0001
 2390.001746	 76.517899  	 77.323515  	 0.0001
 2390.002934	 -152.342282	 -151.544833	 0.0001
 2405.094484	 -92.383589 	 -91.578242 	 0.0001
 2405.094833	 -71.34117  	 -70.533603 	 0.0001
 2419.995428	 -133.565723	 -132.747262	 0.0001
 2419.988485	 -128.12004 	 -127.316135	 0.0001
 2435.088695	 -31.688378 	 -30.872213 	 0.0001
 2435.083651	 156.638409 	 157.446478 	 0.0001
 2449.98214 	 -150.426387	 -149.601004	 0.0001
 2449.980553	 139.858717 	 140.680682 	 0.0001
 2449.979197	 -173.18532 	 -172.361677	 0.0001
 2465.068324	 164.10338  	 164.920959 	 0.0001
 2465.071151	 -156.282648	 -155.473691	 0.0001
 2479.971591	 -32.587316 	 -31.75725  	 0.0001
 2479.970951	 11.358123  	 12.169979  	 0.0001
 2495.052365	 -64.351361 	 -63.535932 	 0.0001
 2495.065163	 58.651     	 59.47638   	 0.0001
 2509.955502	 59.744888  	 60.562222  	 0.0001
 2509.956457	 4.570468   	 5.396615   	 0.0001
 2525.056045	 118.608429 	 119.444669 	 0.0001
 2525.03817 	 49.931378  	 50.748012  	 0.0001
 2540.133872	 -121.358176	 -120.523393	 0.0001
 2540.129928	 -15.056388 	 -14.232643 	 0.0001
 2555.034048	 -98.511506 	 -97.679107 	 0.0001
 2555.042752	 -69.736735 	 -68.901371 	 0.0001
 2570.123201	 102.57656  	 103.408031 	 0.0001
 2570.124659	 121.222577 	 122.063959 	 0.0001
 2570.114607	 -105.960917	 -105.131453	 0.0001
 2585.030762	 61.49222   	 62.329317  	 0.0001
 2585.018794	 -155.085787	 -154.244631	 0.0001
 2600.102028	 -48.628726 	 -47.785736 	 0.0001
 2600.110447	 151.309496 	 152.145627 	 0.0001
 2615.01432 	 -31.804735 	 -30.968898 	 0.0001
 2615.010772	 -48.167143 	 -47.324997 	 0.0001
 2630.091935	 -114.395484	 -113.560725	 0.0001
 2630.105538	 -150.764163	 -149.918999	 0.0001
 2630.099149	 111.006572 	 111.852728 	 0.0001
 2644.999562	 142.347778 	 143.192855 	 0.0001
 2644.999497	 -9.287524  	 -8.445141  	 0.0001
 2660.091032	 65.492643  	 66.337101  	 0.0001
 2660.083161	 105.535311 	 106.388458 	 0.0001
 2674.995735	 9.340215   	 10.197345  	 0.0001
 2674.990745	 -62.842745 	 -61.995903 	 0.0001
 2690.080241	 -53.695054 	 -52.833021 	 0.0001
 2690.077162	 -173.183855	 -172.323253	 0.0001
 2704.981809	 115.687579 	 116.542787 	 0.0001
 2704.987579	 43.691722  	 44.560418  	 0.0001
 2720.067663	 -23.933849 	 -23.075557 	 0.0001
 2720.070156	 130.142996 	 130.997141 	 0.0001
 2734.970242	 177.336935 	 178.204923 	 0.0001
 2734.975279	 154.32422  	 155.191942 	 0.0001
 2734.97744 	 -15.528877 	 -14.652969 	 0.0001
 2750.058185	 -49.296307 	 -48.423132 	 0.0001
 2750.05921 	 81.744113  	 82.610196  	 0.0001
 2764.961073	 91.870263  	 92.739173  	 0.0001
 2764.968856	 9.400046   	 10.275918  	 0.0001
 2780.049009	 -121.962409	 -121.091679	 0.0001
 2780.048131	 -60.488856 	 -59.606365 	 0.0001
 2795.15193 	 20.526663  	 21.40895   	 0.0001
 2795.132115	 63.583043  	 64.45078   	 0.0001
 2810.038227	 106.05762  	 106.939917 	 0.0001
 2810.03085 	 -13.415805 	 -12.545303 	 0.0001
 2825.123498	 -105.652142	 -104.775584	 0.0001
 2825.116604	 130.058551 	 130.924204 	 0.0001
 2840.027124	 -25.73898  	 -24.854133 	 0.0001
 2840.021121	 -57.190031 	 -56.311232 	 0.0001
 2855.114654	 -43.210991 	 -42.326829 	 0.0001
 2855.098288	 152.989009 	 153.864091 	 0.0001
 2855.364525	 45.709962  	 46.579212  	 0.0001
 2870.018629	 -68.641185 	 -67.762092 	 0.0001
 2870.005752	 22.217106  	 23.091948  	 0.0001
 2885.098871	 -128.565554	 -127.683032	 0.0001
 2885.104307	 134.308232 	 135.189348 	 0.0001
 2899.996474	 -55.030293 	 -54.142416 	 0.0001
 2900.003694	 -160.474303	 -159.584587	 0.0001
 2915.085323	 157.857087 	 158.737101 	 0.0001
 2915.09899 	 52.808287  	 53.706675  	 0.0001
 2929.993011	 30.915962  	 31.812777  	 0.0001
 2930.00026 	 60.583154  	 61.480137  	 0.0001
 2945.082405	 61.658602  	 62.555999  	 0.0001
 2945.077727	 -117.772944	 -116.871909	 0.0001
 2959.986338	 -139.701486	 -138.803566	 0.0001
 2959.979485	 -167.163286	 -166.275815	 0.0001
 2975.063728	 -3.469922  	 -2.574221  	 0.0001
 2975.067882	 46.03275   	 46.933189  	 0.0001
 2975.065596	 28.410304  	 29.303723  	 0.0001
 2989.974296	 40.134625  	 41.025297  	 0.0001
 2989.977085	 -43.603271 	 -42.702511 	 0.0001
 3005.045964	 124.811482 	 125.693261 	 0.0001
 3005.05287 	 148.135095 	 149.036913 	 0.0001
 3020.14332 	 -148.106468	 -147.216534	 0.0001
 3020.142878	 11.456292  	 12.35874   	 0.0001
 3035.044582	 167.31005  	 168.217923 	 0.0001
 3035.048487	 -137.786399	 -136.872787	 0.0001
 3050.137354	 -53.549178 	 -52.64294  	 0.0001
 3050.127741	 27.509531  	 28.407647  	 0.0001
 3065.036916	 -90.640368 	 -89.734046 	 0.0001
 3065.033193	 -24.405449 	 -23.505709 	 0.0001
 3080.123971	 -41.403839 	 -40.497973 	 0.0001
 3080.119279	 -164.927633	 -164.033852	 0.0001
 3095.029562	 -0.223539  	 0.678463   	 0.0001
 3095.029076	 -50.779385 	 -49.867021 	 0.0001
 3110.109042	 -116.594363	 -115.686599	 0.0001
 3110.10903 	 -60.803868 	 -59.891196 	 0.0001
 3110.118327	 -50.682099 	 -49.766143 	 0.0001
 3125.016999	 64.344771  	 65.266567  	 0.0001
 3125.014216	 168.46709  	 169.379729 	 0.0001
 3140.106146	 -2.873097  	 -1.956223  	 0.0001
 3140.10112 	 117.75309  	 118.660375 	 0.0001
 3155.005193	 -12.997692 	 -12.075063 	 0.0001
 3155.004859	 -98.273566 	 -97.362764 	 0.0001
 3170.090587	 173.380744 	 174.294111 	 0.0001
 3170.093662	 60.735852  	 61.64758   	 0.0001
 3184.977801	 37.655066  	 38.55768   	 0.0001
 3185.004665	 -100.268432	 -99.334067 	 0.0001
 3200.078833	 -150.37062 	 -149.458358	 0.0001
 3200.069769	 -22.703568 	 -21.799134 	 0.0001
 3214.983284	 -74.585176 	 -73.666503 	 0.0001
 3214.982709	 -68.836459 	 -67.923901 	 0.0001
 3230.078724	 40.09676   	 41.019161  	 0.0001
 3230.064539	 19.644073  	 20.56552   	 0.0001
 3244.96726 	 156.86708  	 157.783388 	 0.0001
 3244.968534	 -125.50098 	 -124.580496	 0.0001
 3244.975866	 146.582365 	 147.512976 	 0.0001
 3260.063753	 -142.557926	 -141.634106	 0.0001
 3260.050731	 -168.128493	 -167.223179	 0.0001
 3275.146949	 -60.0782   	 -59.167693 	 0.0001
 3275.141109	 142.058852 	 142.990153 	 0.0001
 3290.043245	 48.340084  	 49.252802  	 0.0001
 3290.04616 	 39.09402   	 40.011973  	 0.0001
 3305.131787	 -142.998297	 -142.086563	 0.0001
 3305.142553	 -27.54113  	 -26.614073 	 0.0001
 3320.039966	 33.448874  	 34.370292  	 0.0001
 3320.041589	 88.20458   	 89.119701  	 0.0001
 3335.109588	 178.279774 	 179.183216 	 0.0001
 3335.108787	 -133.198961	 -132.289272	 0.0001
 3350.023877	 133.120783 	 134.031873 	 0.0001
 3350.031541	 -135.653468	 -134.729198	 0.0001
 3365.114224	 -5.789294  	 -4.879038  	 0.0001
 3365.113456	 38.998077  	 39.917137  	 0.0001
 3380.024495	 9.063166   	 9.998844   	 0.0001
 3380.008627	 -124.972211	 -124.061049	 0.0001
 3395.103013	 -57.65665  	 -56.740598 	 0.0001
 3395.102493	 -134.871279	 -133.951201	 0.0001
 3410.002506	 41.41322   	 42.333798  	 0.0001
 3409.999037	 178.841237 	 179.761377 	 0.0001
 3425.096608	 -157.636443	 -156.714975	 0.0001
 3425.091924	 -89.939308 	 -89.02432  	 0.0001
 3439.999365	 22.222024  	 23.152249  	 0.0001
 3439.98868 	 164.539228 	 165.460591 	 0.0001
 3455.087791	 -101.381901	 -100.449544	 0.0001
 3455.071304	 -161.930099	 -161.021569	 0.0001
 3469.980899	 87.12587   	 88.041278  	 0.0001
 3469.984967	 84.700185  	 85.615817  	 0.0001
 3485.07087 	 -121.893805	 -120.977954	 0.0001
 3485.067793	 67.448035  	 68.367422  	 0.0001
 3499.97205 	 21.896102  	 22.817748  	 0.0001
 3499.970682	 -91.069372 	 -90.160214 	 0.0001
 3515.058524	 143.10072  	 144.01713  	 0.0001
 3515.058432	 -6.517575  	 -5.602209  	 0.0001
 3530.143736	 -10.267309 	 -9.348502  	 0.0001
 3530.147621	 -151.693889	 -150.769577	 0.0001
 3545.043934	 97.41971   	 98.338997  	 0.0001
 3545.050177	 -1.911939  	 -1.000831  	 0.0001
 3560.138756	 -61.355245 	 -60.439668 	 0.0001
 3560.127799	 -73.490323 	 -72.580765 	 0.0001
 3575.039405	 113.886241 	 114.803132 	 0.0001
 3575.049306	 147.65937  	 148.592564 	 0.0001
 3590.127718	 -169.271525	 -168.361091	 0.0001
 3590.128325	 109.949333 	 110.866119 	 0.0001
 3605.02693 	 -137.815759	 -136.911486	 0.0001
 3605.035811	 -54.695381 	 -53.777175 	 0.0001
 3620.11922 	 -132.306953	 -131.390946	 0.0001
 3620.108597	 -4.051524  	 -3.151255  	 0.0001
 3635.013916	 70.41827   	 71.32852   	 0.0001
 3635.012639	 94.865885  	 95.781655  	 0.0001
 3650.100475	 52.744709  	 53.644772  	 0.0001
 3650.102091	 -2.243747  	 -1.342161  	 0.0001
 3665.004074	 -143.157465	 -142.250211	 0.0001
 3665.003324	 71.892756  	 72.793059  	 0.0001
 3680.100257	 -82.990275 	 -82.081454 	 0.0001
 3680.091401	 129.078433 	 129.977877 	 0.0001
 3694.990626	 40.90699   	 41.810775  	 0.0001
 3694.992476	 -78.996547 	 -78.089557 	 0.0001
 3710.083653	 85.375781  	 86.278794  	 0.0001
 3710.08381 	 -153.271173	 -152.374499	 0.0001
 3724.978391	 108.952444 	 109.841596 	 0.0001
 3724.984503	 -108.852255	 -107.954859	 0.0001
 3740.07555 	 135.492325 	 136.39019  	 0.0001
 3740.071366	 156.553005 	 157.452438 	 0.0001
 3740.065767	 25.814069  	 26.71196   	 0.0001
 3755.153537	 55.266135  	 56.163758  	 0.0001
 3770.05731 	 -56.173259 	 -55.279895 	 0.0001
 3770.055587	 -162.911473	 -162.026038	 0.0001
 3785.145762	 -78.084448 	 -77.197268 	 0.0001
 3785.14345 	 -163.426659	 -162.534623	 0.0001
 3800.028152	 -109.775099	 -108.899315	 0.0001
 3800.052911	 96.264366  	 97.157047  	 0.0001
 3815.132864	 37.214093  	 38.091077  	 0.0001
 3815.1366  	 -150.280949	 -149.405645	 0.0001
 3830.045316	 69.522811  	 70.411435  	 0.0001
 3830.034974	 -24.134832 	 -23.248494 	 0.0001
 3845.12188 	 170.694466 	 171.571669 	 0.0001
 3845.111611	 113.207073 	 114.074944 	 0.0001
 3860.032557	 -165.060724	 -164.182726	 0.0001
 3860.0216  	 45.041188  	 45.923744  	 0.0001
 3875.112897	 161.937464 	 162.80754  	 0.0001
 3875.110526	 129.090833 	 129.958332 	 0.0001
 3890.009417	 -92.144712 	 -91.278682 	 0.0001
 3890.011833	 -111.396939	 -110.531653	 0.0001
 3905.100629	 -77.032084 	 -76.167509 	 0.0001
 3905.102464	 -102.066949	 -101.195286	 0.0001
 3920.002722	 101.031381 	 101.893462 	 0.0001
 3919.99851 	 173.610783 	 174.467017 	 0.0001
 3935.09545 	 32.543432  	 33.411169  	 0.0001
 3935.089023	 115.165623 	 116.031033 	 0.0001
 3949.999262	 -168.77446 	 -167.906745	 0.0001
 3949.988729	 89.6143    	 90.467176  	 0.0001
 3965.082862	 -90.410215 	 -89.550797 	 0.0001
 3965.070784	 92.016431  	 92.866858  	 0.0001
 3979.983358	 -179.212275	 -178.353449	 0.0001
 3979.974195	 -178.268489	 -177.420905	 0.0001
 3995.069291	 18.719202  	 19.573441  	 0.0001
 3995.07527 	 -76.753083 	 -75.922871 	 0.0001
 4010.160501	 -123.822503	 -122.974193	 0.0001
 4010.164429	 -88.179092 	 -87.320903 	 0.0001
 4025.05761 	 124.853516 	 125.692168 	 0.0001
 4025.063618	 54.89325   	 55.726149  	 0.0001
 4040.15886 	 67.809807  	 68.651725  	 0.0001
 4040.142135	 -60.050142 	 -59.221307 	 0.0001
 4055.047592	 105.417364 	 106.247119 	 0.0001
 4055.043696	 -73.630237 	 -72.800749 	 0.0001
 4070.138896	 1.293066   	 2.120856   	 0.0001
 4070.134583	 -25.935832 	 -25.109377 	 0.0001
 4085.034949	 3.092323   	 3.90309    	 0.0001
 4100.122995	 170.721243 	 171.534185 	 0.0001
 4100.126154	 -24.472759 	 -23.664323 	 0.0001
 4115.029669	 115.351751 	 116.168689 	 0.0001
 4115.029056	 -171.496555	 -170.6817  	 0.0001
 4130.118856	 91.576419  	 92.38958   	 0.0001
 4130.114517	 88.691095  	 89.504804  	 0.0001
 4145.018514	 -141.984504	 -141.174286	 0.0001
 4145.018859	 -94.532832 	 -93.723624 	 0.0001
 4160.096349	 -75.325425 	 -74.532755 	 0.0001
 4160.107667	 12.820136  	 13.623481  	 0.0001
 4175.001279	 -121.875276	 -121.084402	 0.0001
 4175.010073	 100.301784 	 101.102823 	 0.0001
 4190.085569	 75.547302  	 76.327857  	 0.0001
 4190.079444	 -176.320103	 -175.538259	 0.0001
 4204.993095	 -130.854956	 -130.067184	 0.0001
 4204.99488 	 -174.714702	 -173.935853	 0.0001
 4220.073035	 150.595665 	 151.371784 	 0.0001
 4220.078266	 -79.551114 	 -78.778529 	 0.0001
 4234.979444	 -121.255196	 -120.486101	 0.0001
 4234.983188	 -123.421264	 -122.651079	 0.0001
 4250.065204	 -85.419656 	 -84.649438 	 0.0001
 4250.069123	 172.623485 	 173.387665 	 0.0001
 4265.161575	 -178.901909	 -178.140831	 0.0001
 4265.155631	 72.630612  	 73.390411  	 0.0001
 4280.062147	 35.70362   	 36.465266  	 0.0001
 4280.059692	 68.01524   	 68.765841  	 0.0001
 4295.151296	 145.641406 	 146.389869 	 0.0001
 4295.146073	 -23.217431 	 -22.468488 	 0.0001
 4310.04945 	 -149.933679	 -149.189383	 0.0001
 4310.046363	 59.668067  	 60.416046  	 0.0001
 4325.136537	 58.798602  	 59.531902  	 0.0001
 4325.137043	 31.662113  	 32.40585   	 0.0001
 4340.035379	 -60.479803 	 -59.762814 	 0.0001
 4340.041863	 116.043314 	 116.772378 	 0.0001
 4355.128343	 -162.983306	 -162.265129	 0.0001
 4370.025124	 49.405991  	 50.116537  	 0.0001
 4370.031719	 54.808337  	 55.530701  	 0.0001
 4385.100818	 175.567585 	 176.259358 	 0.0001
 4385.115984	 -78.568479 	 -77.874498 	 0.0001
 4400.013358	 173.12515  	 173.824931 	 0.0001
 4400.022845	 92.92588   	 93.629485  	 0.0001
 4415.109694	 -146.867932	 -146.170135	 0.0001
 4415.102941	 100.101699 	 100.785313 	 0.0001
 4430.006044	 -95.772116 	 -95.087089 	 0.0001
 4430.00805 	 137.912036 	 138.597235 	 0.0001
 4445.097021	 178.729343 	 179.412124 	 0.0001
 4445.090253	 168.906244 	 169.588646 	 0.0001
 4460.00218 	 121.803471 	 122.476596 	 0.0001
 4459.99053 	 -179.805563	 -179.140722	 0.0001
 4475.086166	 69.333583  	 70.008831  	 0.0001
 4475.087101	 99.534884  	 100.200022 	 0.0001
 4490.170718	 -20.734537 	 -20.080891 	 0.0001
 4490.168007	 177.021311 	 177.675293 	 0.0001
 4505.073892	 138.170386 	 138.818471 	 0.0001
 4505.073661	 -178.990054	 -178.343133	 0.0001
 4520.165171	 120.617478 	 121.257256 	 0.0001
 4520.155538	 14.180864  	 14.813393  	 0.0001
 4535.066562	 118.155618 	 118.786437 	 0.0001
 4535.056238	 78.369247  	 78.992887  	 0.0001
 4550.147719	 177.551148 	 178.172693 	 0.0001
 4565.051399	 -69.323045 	 -68.717192 	 0.0001
 4565.04935 	 -84.363337 	 -83.752349 	 0.0001
 4580.134791	 -23.311539 	 -22.711405 	 0.0001
 4580.137541	 -1.256249  	 -0.653138  	 0.0001
 4595.037675	 108.647068 	 109.236706 	 0.0001
 4595.034332	 169.470246 	 170.065472 	 0.0001
 4610.130268	 -122.733441	 -122.158269	 0.0001
 4610.131186	 -58.585076 	 -58.004414 	 0.0001
 4625.01887 	 124.216082 	 124.778755 	 0.0001
 4625.026891	 137.171672 	 137.733684 	 0.0001
 4640.120784	 148.822619 	 149.37847  	 0.0001
 4640.114176	 -90.552727 	 -90.000989 	 0.0001
 4655.015104	 -128.107463	 -127.553252	 0.0001
 4655.01924 	 -47.535149 	 -46.983957 	 0.0001
 4670.113634	 105.358978 	 105.903198 	 0.0001
 4670.097979	 -29.663983 	 -29.132449 	 0.0001
 4685.007704	 -155.750019	 -155.230866	 0.0001
 4685.00338 	 168.078457 	 168.602545 	 0.0001
 4700.08937 	 89.708303  	 90.220341  	 0.0001
 4700.092819	 -123.665408	 -123.153985	 0.0001
 4715.002124	 68.488814  	 68.99779   	 0.0001
 4714.992255	 168.497928 	 168.995585 	 0.0001
 4730.080256	 -148.863403	 -148.371628	 0.0001
 4730.088959	 -115.162277	 -114.662457	 0.0001
 4745.169848	 60.080788  	 60.564843  	 0.0001
 4745.161287	 35.781201  	 36.263749  	 0.0001
 4760.070455	 -45.953422 	 -45.474627 	 0.0001
 4760.073904	 -24.314034 	 -23.84797  	 0.0001
 4775.161811	 3.048638   	 3.5231     	 0.0001
 4775.168837	 134.934945 	 135.411388 	 0.0001
 4790.063078	 146.685638 	 147.145375 	 0.0001
 4805.151583	 147.91593  	 148.350399 	 0.0001
 4805.146949	 17.587828  	 18.020562  	 0.0001
 4820.042637	 -110.28487 	 -109.86781 	 0.0001
 4820.046064	 -92.175258 	 -91.750555 	 0.0001
 4835.136965	 -103.555991	 -103.146758	 0.0001
 4835.141399	 -93.197889 	 -92.788396 	 0.0001
 4850.039588	 -83.435045 	 -83.045607 	 0.0001
 4850.042703	 -31.060054 	 -30.657419 	 0.0001
 4865.129676	 -141.063843	 -140.681325	 0.0001
 4865.12439 	 131.005949 	 131.386312 	 0.0001
 4880.026129	 38.152045  	 38.518534  	 0.0001
 4880.026585	 -100.96002 	 -100.593215	 0.0001
 4895.11844 	 154.194037 	 154.554397 	 0.0001
 4895.113243	 154.796976 	 155.150356 	 0.0001
 4910.018647	 56.650026  	 56.990095  	 0.0001
 4925.107857	 -25.160092 	 -24.828789 	 0.0001
 4925.115232	 -177.469803	 -177.12763 	 0.0001
 4940.002808	 -15.459651 	 -15.15462  	 0.0001
 4940.013422	 -65.7586   	 -65.444396 	 0.0001
 4955.093393	 19.788416  	 20.087516  	 0.0001
 4955.09389 	 20.707704  	 21.004178  	 0.0001
 4969.999284	 47.255223  	 47.540516  	 0.0001
 4970.000565	 1.007715   	 1.302273   	 0.0001
 4985.080127	 -108.497448	 -108.238161	 0.0001
 4985.085102	 84.432582  	 84.703436  	 0.0001
 5000.162696	 70.672151  	 70.928944  	 0.0001
 5000.158275	 -178.106855	 -177.868276	 0.0001
 5015.070248	 14.958715  	 15.191187  	 0.0001
 5015.069462	 27.311735  	 27.547028  	 0.0001
 5030.160471	 128.400648 	 128.618442 	 0.0001
 5030.162178	 -25.151283 	 -24.919907 	 0.0001
 5045.062235	 -179.951132	 -179.745944	 0.0001
 5045.060036	 148.93599  	 149.15267  	 0.0001
 5060.137309	 58.883052  	 59.065018  	 0.0001
 5060.148855	 -22.368022 	 -22.187891 	 0.0001
 5075.048658	 -30.654724 	 -30.490243 	 0.0001
 5090.132939	 55.686101  	 55.837065  	 0.0001
 5090.14004 	 -152.60645 	 -152.444604	 0.0001
 5105.034415	 9.376881   	 9.509023   	 0.0001
 5105.040077	 26.803074  	 26.941815  	 0.0001
 5120.128923	 -133.8408  	 -133.715012	 0.0001
 5120.125645	 -174.689946	 -174.578829	 0.0001
 5135.02139 	 -82.175337 	 -82.075595 	 0.0001
 5135.025877	 -175.861255	 -175.767599	 0.0001
 5150.110686	 -51.91207  	 -51.829783 	 0.0001
 5150.113119	 95.740495  	 95.815448  	 0.0001
 5165.008232	 159.410094 	 159.471451 	 0.0001
 5165.015304	 -178.61735 	 -178.560577	 0.0001
 5180.101347	 -63.44664  	 -63.410074 	 0.0001
 5180.111467	 157.391547 	 157.443313 	 0.0001
 5195.010022	 -53.780352 	 -53.753858 	 0.0001
 5195.011028	 145.144177 	 145.17392  	 0.0001
 5210.096894	 52.226277  	 52.230844  	 0.0001
 5210.090717	 -162.493484	 -162.491859	 0.0001
 5225.174655	 125.026742 	 124.998066 	 0.0001
 5225.189848	 141.613689 	 141.605978 	 0.0001
 5240.085408	 -137.988059	 -138.021921	 0.0001
 5255.176032	 150.63641  	 150.594077 	 0.0001
 5255.190077	 -40.46232  	 -40.49246  	 0.0001
 5270.08024 	 9.833268   	 9.759856   	 0.0001
 5270.082955	 -57.536554 	 -57.597818 	 0.0001
 5285.158598	 -50.950772 	 -51.054708 	 0.0001
 5285.165355	 111.305479 	 111.206028 	 0.0001
 5300.062479	 35.680963  	 35.557869  	 0.0001
 5300.058641	 -10.693227 	 -10.81178  	 0.0001
 5315.145104	 -166.082189	 -166.236529	 0.0001
 5315.146652	 22.772122  	 22.626465  	 0.0001
 5330.047017	 20.431725  	 20.262291  	 0.0001
 5330.054295	 56.496987  	 56.326606  	 0.0001
 5345.135061	 164.230523 	 164.038541 	 0.0001
 5345.135488	 104.886574 	 104.68739  	 0.0001
 5360.037733	 176.26948  	 176.050801 	 0.0001
 5360.035305	 97.901128  	 97.669485  	 0.0001
 5375.12714 	 -2.772132  	 -3.004375  	 0.0001
 5390.021271	 130.777997 	 130.506133 	 0.0001
 5390.034748	 -130.537406	 -130.79693 	 0.0001
 5405.108041	 1.125833   	 0.846157   	 0.0001
 5405.11189 	 -6.110343  	 -6.39916   	 0.0001
 5420.015471	 -84.321022 	 -84.641613 	 0.0001
 5420.014791	 65.57409   	 65.243299  	 0.0001
 5435.10731 	 -95.863509 	 -96.202818 	 0.0001
 5435.105872	 143.028942 	 142.688632 	 0.0001
 5450.004591	 -34.412973 	 -34.782413 	 0.0001
 5450.008485	 6.369659   	 6.000961   	 0.0001
 5465.092583	 -171.168567	 -171.558273	 0.0001
 5465.084979	 -153.887154	 -154.2858  	 0.0001
 5480.191964	 -135.816433	 -136.231314	 0.0001
 5480.185599	 169.863488 	 169.444798 	 0.0001
 5495.081498	 40.660779  	 40.21262   	 0.0001
 5510.173907	 58.962174  	 58.499392  	 0.0001
 5510.176213	 150.906826 	 150.444621 	 0.0001
 5525.066868	 31.841054  	 31.333693  	 0.0001
 5525.07425 	 33.912865  	 33.408322  	 0.0001
 5540.161885	 5.523381   	 4.996334   	 0.0001
 5540.163949	 61.66292   	 61.134985  	 0.0001
 5555.061517	 -141.720189	 -142.290291	 0.0001
 5555.063526	 -67.596485 	 -68.14517  	 0.0001
 5570.154448	 -127.15864 	 -127.745827	 0.0001
 5570.161682	 -51.198473 	 -51.777369 	 0.0001
 5585.053715	 43.849128  	 43.233707  	 0.0001
 5600.134413	 -12.469433 	 -13.124282 	 0.0001
 5600.137682	 -0.559948  	 -1.215083  	 0.0001
 5615.039205	 118.170691 	 117.485033 	 0.0001
 5615.043133	 63.947843  	 63.265445  	 0.0001
 5630.129826	 -41.658159 	 -42.369388 	 0.0001
 5630.131899	 23.920173  	 23.205346  	 0.0001
 5645.027734	 7.281108   	 6.523588   	 0.0001
 5645.025034	 46.118684  	 45.372097  	 0.0001
 5660.122374	 -168.167586	 -168.939857	 0.0001
 5660.116743	 0.061854   	 -0.721589  	 0.0001
 5675.01687 	 -108.852808	 -109.669214	 0.0001
 5675.028183	 94.137208  	 93.33529   	 0.0001
 5690.102092	 134.362417 	 133.514687 	 0.0001
 5705.011631	 45.782582  	 44.911345  	 0.0001
 5705.007917	 83.779287  	 82.897365  	 0.0001
 5720.094415	 -174.736883	 -175.655252	 0.0001
 5720.097113	 -134.044239	 -134.957692	 0.0001
 5735.190442	 118.441067 	 117.495785 	 0.0001
 5735.187257	 33.924325  	 32.974882  	 0.0001
 5750.089468	 7.305854   	 6.320995   	 0.0001
 5750.084647	 57.920048  	 56.932184  	 0.0001
 5765.180828	 -19.398508 	 -20.424737 	 0.0001
 5765.180082	 -19.622634 	 -20.645748 	 0.0001
 5780.083895	 -56.58452  	 -57.645984 	 0.0001
 5795.161764	 162.060762 	 160.952557 	 0.0001
 5795.151853	 99.052831  	 97.944904  	 0.0001
 5810.06273 	 119.333572 	 118.181074 	 0.0001
 5810.053527	 94.995862  	 93.849171  	 0.0001
 5825.158751	 -151.049874	 -152.224671	 0.0001
 5825.152245	 -36.225047 	 -37.397028 	 0.0001
 5840.055839	 137.840236 	 136.628156 	 0.0001
 5840.053791	 53.548121  	 52.329798  	 0.0001
 5855.137403	 175.034003 	 173.769551 	 0.0001
 5855.134325	 165.83207  	 164.575265 	 0.0001
 5870.049415	 18.483439  	 17.180122  	 0.0001
 5870.039616	 -153.755719	 -155.064552	 0.0001
 5885.142301	 -59.179737 	 -60.510177 	 0.0001
 5900.028832	 177.1705   	 175.778788 	 0.0001
 5900.024131	 44.146249  	 42.745972  	 0.0001
 5915.1168  	 177.783416 	 176.344235 	 0.0001
 5915.114022	 51.466585  	 50.022479  	 0.0001
 5930.024719	 79.326515  	 77.847971  	 0.0001
 5930.023644	 -25.981783 	 -27.460145 	 0.0001
 5945.113182	 104.393669 	 102.872125 	 0.0001
 5945.112261	 154.762882 	 153.241585 	 0.0001
 5960.192464	 -129.354532	 -130.923795	 0.0001
 5975.089316	 -54.405619 	 -56.035335 	 0.0001
 5975.098782	 -150.56409 	 -152.16749 	 0.0001
 5990.178423	 65.37603   	 63.701103  	 0.0001
 5990.180778	 -9.697187  	 -11.364396 	 0.0001
 6005.087904	 -130.838034	 -132.54816 	 0.0001
 6005.094501	 52.641706  	 50.934962  	 0.0001
 6020.169788	 -41.780913 	 -43.552815 	 0.0001
 6020.170387	 0.68046    	 -1.094267  	 0.0001
 6035.074779	 57.475598  	 55.661057  	 0.0001
 6039.217897	 23.45755   	 21.661423  	 0.0001
 6050.163564	 -177.572812	 -179.441069	 0.0001
 6065.0575  	 104.491154 	 102.567309 	 0.0001
 6065.063933	 162.337964 	 160.419287 	 0.0001
 6080.144319	 -34.273195 	 -36.263154 	 0.0001
 6080.153578	 -100.344747	 -102.326575	 0.0001
 6095.057074	 -101.092158	 -103.110689	 0.0001
 6095.05172 	 115.806508 	 113.777236 	 0.0001
 6110.141568	 -169.39601 	 -171.479259	 0.0001
 6110.141748	 25.289025  	 23.204909  	 0.0001
 6125.047592	 -155.4233  	 -157.570453	 0.0001
 6140.130044	 37.36525   	 35.171006  	 0.0001
 6140.128536	 -83.151045 	 -85.347972 	 0.0001
 6155.031903	 77.274478  	 75.011723  	 0.0001
 6155.033945	 -167.859213	 -170.112858	 0.0001
 6170.119984	 71.887429  	 69.579668  	 0.0001
 6170.11912 	 -179.150854	 178.526162 	 0.0001
 6185.02414 	 -129.99238 	 -132.353652	 0.0001
 6185.023507	 125.260828 	 122.879566 	 0.0001
 6200.101705	 152.080882 	 149.643926 	 0.0001
 6215.20056 	 107.556769 	 105.05911  	 0.0001
 6215.204751	 67.550955  	 65.061147  	 0.0001
 6230.108638	 -92.851118 	 -95.413022 	 0.0001
 6230.0951  	 93.605842  	 91.03751   	 0.0001
 6245.190793	 27.560797  	 24.930254  	 0.0001
 6245.187712	 -174.1915  	 -176.816849	 0.0001
 6260.082506	 -162.50532 	 -165.205725	 0.0001
 6260.079117	 141.083386 	 138.385661 	 0.0001
 6275.170116	 -138.947866	 -141.70929 	 0.0001
 6290.081924	 -72.2017   	 -75.023762 	 0.0001
 6290.07408 	 -59.941453 	 -62.767875 	 0.0001
 6305.163749	 103.497882 	 100.604049 	 0.0001
 6305.166   	 -128.246685	 -131.136174	 0.0001
 6320.064958	 -81.920124 	 -84.880859 	 0.0001
 6320.068092	 95.582584  	 92.621929  	 0.0001
 6335.158179	 -157.362908	 -160.396366	 0.0001
 6336.598752	 137.213395 	 134.207791 	 0.0001
 6350.05027 	 153.511603 	 150.398835 	 0.0001
 6365.140613	 -40.637612 	 -43.829215 	 0.0001
 6365.139108	 71.041137  	 67.846052  	 0.0001
 6380.042019	 -119.332578	 -122.601194	 0.0001
 6380.045674	 121.065668 	 117.816806 	 0.0001
 6395.13109 	 49.023966  	 45.699311  	 0.0001
 6410.030925	 126.793806 	 123.37658  	 0.0001
 6410.037412	 123.351655 	 119.931561 	 0.0001
 6425.122982	 -169.058418	 -172.55184 	 0.0001
 6425.124219	 -160.152124	 -163.65654 	 0.0001
 6440.024211	 87.68067   	 84.1104    	 0.0001
 6440.024059	 23.11008   	 19.541364  	 0.0001
 6455.109739	 -57.195797 	 -60.854744 	 0.0001
 6455.1065  	 -103.475937	 -107.139351	 0.0001
 6470.193236	 -172.184466	 -175.938059	 0.0001
 6470.197439	 109.577756 	 105.84319  	 0.0001
 6485.10128 	 109.912604 	 106.090037 	 0.0001
 6500.183415	 152.601983 	 148.688229 	 0.0001
 6500.178162	 167.281015 	 163.35544  	 0.0001
 6515.089291	 -115.43071 	 -119.426279	 0.0001
 6515.084308	 -134.123558	 -138.127912	 0.0001
 6530.178781	 19.192405  	 15.096792  	 0.0001
 6530.17588 	 -1.411219  	 -5.500723  	 0.0001
 6545.07979 	 143.311771 	 139.125013 	 0.0001
 6545.070965	 -103.222908	 -107.402017	 0.0001
 6560.168979	 -32.315252 	 -36.582668 	 0.0001
 6575.05864 	 42.419536  	 38.055373  	 0.0001
 6575.060655	 -18.187789 	 -22.567682 	 0.0001
 6590.157911	 19.023666  	 14.564338  	 0.0001
 6590.170236	 125.342436 	 120.88539  	 0.0001
 6605.063788	 -155.441371	 -159.99835 	 0.0001
 6605.0645  	 -18.331626 	 -22.887431 	 0.0001
 6620.141804	 -92.999704 	 -97.661696 	 0.0001
 6620.142145	 -71.777555 	 -76.442353 	 0.0001
 6635.041079	 39.880879  	 35.116971  	 0.0001
 6650.138647	 39.715711  	 34.86299   	 0.0001
 6650.131456	 -6.98934   	 -11.857572 	 0.0001
 6665.030015	 36.223007  	 31.253506  	 0.0001
 6665.033491	 -138.770022	 -143.729658	 0.0001
 6680.129389	 -63.548549 	 -68.600974 	 0.0001
 6680.119837	 91.457207  	 86.387214  	 0.0001
 6695.209982	 66.588355  	 61.412239  	 0.0001
 6710.111927	 111.842816 	 106.556929 	 0.0001
 6710.100098	 -25.838587 	 -31.133064 	 0.0001
 6725.192702	 -46.223946 	 -51.610552 	 0.0001
 6725.190344	 32.959426  	 27.56491   	 0.0001
 6740.101264	 -65.32466  	 -70.818632 	 0.0001
 6740.096866	 128.029447 	 122.527308 	 0.0001
 6755.185762	 54.974608  	 49.359209  	 0.0001
 6755.186776	 155.913384 	 150.301577 	 0.0001
 6770.089048	 119.265082 	 113.54911  	 0.0001
 6785.173632	 80.580068  	 74.755403  	 0.0001
 6785.177542	 -45.243795 	 -51.075853 	 0.0001
 6800.083764	 -100.200197	 -106.141527	 0.0001
 6800.072956	 -103.007437	 -108.959491	 0.0001
 6815.16731 	 -28.833002 	 -34.896606 	 0.0001
 6815.165295	 -76.689317 	 -82.754423 	 0.0001
 6830.074651	 -152.066928	 -158.237123	 0.0001
 6845.159495	 174.872619 	 168.587488 	 0.0001
 6845.157644	 -111.567819	 -117.852774	 0.0001
 6860.052808	 125.662569 	 119.249025 	 0.0001
 6860.055633	 162.370132 	 155.961187 	 0.0001
 6875.142238	 155.082125 	 148.558777 	 0.0001
 6875.147306	 165.389679 	 158.857317 	 0.0001
 6890.045722	 148.085812 	 141.433139 	 0.0001
 6905.137015	 -168.796742	 -175.552634	 0.0001
 6905.129698	 -171.848186	 -178.612992	 0.0001
 6920.032613	 110.982785 	 104.104141 	 0.0001
 6920.039125	 76.987757  	 70.114131  	 0.0001
 6935.121162	 82.435483  	 75.442825  	 0.0001
 6935.122073	 -144.193425	 -151.178751	 0.0001
 6950.205625	 -125.133879	 -132.248417	 0.0001
 6965.102776	 169.692866 	 162.475911 	 0.0001
 6965.105621	 -78.276154 	 -85.490052 	 0.0001
 6980.189291	 127.900656 	 120.566751 	 0.0001
 6980.194451	 -35.305281 	 -42.649131 	 0.0001
 6995.096174	 22.826767  	 15.394585  	 0.0001
 6995.09015 	 -140.073271	 -147.512332	 0.0001
 7010.191355	 103.758019 	 96.213891  	 0.0001
 7025.086891	 131.57086  	 123.934765 	 0.0001
 7025.088981	 98.110051  	 90.457018  	 0.0001
 7040.16946 	 67.352816  	 59.612051  	 0.0001
 7040.172256	 27.585046  	 19.835755  	 0.0001
 7055.080824	 131.369934 	 123.545922 	 0.0001
 7055.068728	 -166.872223	 -174.708285	 0.0001
 7070.160838	 -29.827359 	 -37.742025 	 0.0001
 7085.067118	 78.654197  	 70.658062  	 0.0001
 7085.073155	 -114.638028	 -122.627947	 0.0001
 7100.155472	 162.81314  	 154.755163 	 0.0001
 7100.161689	 69.495781  	 61.444678  	 0.0001
 7115.053126	 116.595811 	 108.465922 	 0.0001
 7115.049281	 -112.866116	 -120.997633	 0.0001
 7130.146777	 155.541898 	 147.372781 	 0.0001
 7145.051221	 160.666861 	 152.473941 	 0.0001
 7145.054184	 -18.474032 	 -26.687645 	 0.0001
 7160.132897	 -8.627259  	 -16.874229 	 0.0001
 7160.134748	 -5.484553  	 -13.728082 	 0.0001
 7175.03093 	 -75.673113 	 -83.935298 	 0.0001
 7175.035298	 93.883602  	 85.624198  	 0.0001
 7190.112719	 120.520762 	 112.253476 	 0.0001
 7203.449199	 70.830946  	 62.826435  	 0.0001
 7205.212012	 74.964441  	 66.718319  	 0.0001
 7220.109518	 54.821298  	 46.623652  	 0.0001
 7220.106413	 -116.438186	 -124.632725	 0.0001
 7235.202716	 -8.303798  	 -16.443502 	 0.0001
 7235.197517	 164.899885 	 156.76775  	 0.0001
 7250.104868	 103.223963 	 95.177017  	 0.0001
 7250.099375	 141.735249 	 133.683109 	 0.0001
 7265.181294	 -5.80158   	 -13.751082 	 0.0001
 7280.089365	 159.014492 	 151.199775 	 0.0001
 7280.082803	 -173.699405	 178.487074 	 0.0001
 7295.178847	 65.489485  	 57.854273  	 0.0001
 7295.182934	 10.557484  	 2.93361    	 0.0001
 7310.075478	 -140.953867	 -148.402525	 0.0001
 7310.076716	 -38.02559  	 -45.462681 	 0.0001
 7325.167798	 -32.946548 	 -40.150577 	 0.0001
 7340.061928	 -137.991443	 -144.951512	 0.0001
 7340.070323	 57.192093  	 50.25953   	 0.0001
 7355.149678	 -113.146641	 -119.777426	 0.0001
 7355.1567  	 140.720831 	 134.097848 	 0.0001
 7370.052807	 147.519196 	 141.244242 	 0.0001
 7370.059171	 116.469115 	 110.212896 	 0.0001
 7385.137682	 -51.127474 	 -57.006828 	 0.0001
 7400.052603	 132.770018 	 127.335613 	 0.0001
 7400.053444	 -99.728983 	 -105.133742	 0.0001
 7415.124219	 -99.984358 	 -104.932696	 0.0001
 7415.123212	 83.567117  	 78.631658  	 0.0001
 7430.223008	 141.762298 	 137.370657 	 0.0001
 7445.118822	 -17.30972  	 -21.131717 	 0.0001
 7445.116826	 -60.700199 	 -64.507743 	 0.0001
 7460.201922	 179.571202 	 176.388523 	 0.0001
 7460.211094	 156.172593 	 153.000514 	 0.0001
 7475.120232	 21.613194  	 19.131589  	 0.0001
 7475.113423	 136.551983 	 134.069136 	 0.0001
 7490.191824	 -176.008204	 -177.772293	 0.0001
 7505.100425	 -33.504168 	 -34.48944  	 0.0001
 7505.101559	 101.779343 	 100.8268   	 0.0001
 7520.185301	 -4.301316  	 -4.446667  	 0.0001
 7520.187412	 120.955808 	 120.83278  	 0.0001
 7535.089514	 156.700826 	 157.432936 	 0.0001
 7535.086455	 114.318005 	 115.080083 	 0.0001
 7550.168173	 78.661105  	 80.313784  	 0.0001
 7565.081924	 112.748506 	 115.338854 	 0.0001
 7565.079076	 86.756524  	 89.362041  	 0.0001
 7580.167408	 76.032077  	 79.602468  	 0.0001
 7580.167863	 -42.18387  	 -38.596265 	 0.0001
 7595.060002	 48.436221  	 52.962667  	 0.0001
 7595.061895	 -32.829828 	 -28.283186 	 0.0001
 7610.157955	 113.157294 	 118.732814 	 0.0001
 7625.061323	 -55.808687 	 -49.223136 	 0.0001
 7625.061671	 -96.9718   	 -90.385768 	 0.0001
 7640.140753	 107.805546 	 115.392984 	 0.0001
 7640.142304	 145.928987 	 153.53648  	 0.0001
 7655.050763	 1.834299   	 10.434589  	 0.0001
 7655.046222	 -167.171696	 -158.559707	 0.0001
 7670.132754	 -63.258883 	 -53.652466 	 0.0001
 7685.215521	 -122.171311	 -111.568169	 0.0001
 7685.232243	 -47.8292   	 -37.194416 	 0.0001
 7700.112059	 157.692411 	 169.240174 	 0.0001
 7700.135686	 122.846882 	 134.446387 	 0.0001
 7715.205244	 -115.401655	 -102.886258	 0.0001
 7715.90325 	 -70.551871 	 -58.242038 	 0.0001
 7730.109522	 19.854982  	 33.272129  	 0.0001
 7745.199886	 158.496369 	 172.799482 	 0.0001
 7745.197804	 -1.879474  	 12.417336  	 0.0001
 7760.104266	 -164.342748	 -149.204995	 0.0001
 7760.099335	 -92.025653 	 -76.906958 	 0.0001
 7775.192877	 -29.461166 	 -13.536461 	 0.0001
 7790.089372	 -100.739362	 -84.043568 	 0.0001
 7790.085304	 162.669021 	 179.337708 	 0.0001
 7805.168174	 -2.752538  	 14.638942  	 0.0001
 7805.177716	 -79.907155 	 -62.503205 	 0.0001
 7820.067205	 48.666663  	 66.703559  	 0.0001
 7820.073892	 27.209008  	 45.252041  	 0.0001
 7835.16924 	 164.617129 	 -176.689576	 0.0001
 7850.065001	 -117.639148	 -98.365848 	 0.0001
 7850.066875	 80.051172  	 99.316796  	 0.0001
 7865.156407	 -33.963693 	 -14.150849 	 0.0001
 7865.153488	 26.788637  	 46.597593  	 0.0001
 7880.057066	 131.726287 	 152.027454 	 0.0001
 7895.142551	 -53.309568 	 -32.545208 	 0.0001
 7895.141706	 30.420901  	 51.168599  	 0.0001
 7910.043908	 -148.631391	 -127.452329	 0.0001
 7910.052811	 -131.418306	 -110.244192	 0.0001
 7925.134967	 -33.837244 	 -12.264673 	 0.0001
 7940.218963	 -77.470827 	 -55.548129 	 0.0001
 7940.211308	 -158.385279	 -136.489878	 0.0001
 7955.120072	 -152.499085	 -130.283026	 0.0001
 7955.128621	 -179.793619	 -157.579781	 0.0001
 7970.212637	 -71.799896 	 -49.308816 	 0.0001
 7970.202249	 25.097219  	 47.578738  	 0.0001
 7985.105701	 -54.714579 	 -31.957211 	 0.0001
 8000.208255	 -24.176985 	 -1.197783  	 0.0001
 8000.203278	 127.574431 	 150.537394 	 0.0001
 8015.098351	 123.520512 	 146.658058 	 0.0001
 8015.097593	 -95.813513 	 -72.651421 	 0.0001
 8030.19156 	 -173.058391	 -149.71631 	 0.0001
 8045.085445	 171.127305 	 -165.399779	 0.0001
 8045.087888	 155.812402 	 179.284172 	 0.0001
 8060.173515	 -45.772291 	 -22.168804 	 0.0001
 8060.182357	 166.478443 	 -169.9148  	 0.0001
 8075.078216	 116.858147 	 140.575857 	 0.0001
 8075.083131	 -23.616159 	 0.097167   	 0.0001
 8090.173559	 -16.365709 	 7.432263   	 0.0001
 8105.075242	 -18.238441 	 5.628521   	 0.0001
 8105.066175	 -148.929665	 -125.042708	 0.0001
 8120.161315	 120.310413 	 144.247129 	 0.0001
 8120.151153	 21.518623  	 45.433969  	 0.0001
 8135.062183	 161.070896 	 -174.959564	 0.0001
 8150.138123	 -105.469002	 -81.485977 	 0.0001
 8150.13811 	 -75.74231  	 -51.756241 	 0.0001
 8165.231741	 -145.551802	 -121.545624	 0.0001
 8165.226377	 -50.441015 	 -26.437576 	 0.0001
 8180.127871	 23.845603  	 47.86047   	 0.0001
 8195.218456	 104.870922 	 128.885065 	 0.0001
 8195.215965	 -36.689937 	 -12.687413 	 0.0001
 8210.117461	 -144.811522	 -120.829382	 0.0001
 8210.121675	 -125.780917	 -101.783981	 0.0001
 8225.221896	 148.203798 	 172.194873 	 0.0001
 8240.113294	 50.295488  	 74.222858  	 0.0001
 8240.118746	 -15.455482 	 8.492452   	 0.0001
 8255.204907	 -32.379065 	 -8.469721  	 0.0001
 8255.19723 	 177.477096 	 -158.615138	 0.0001
 8270.104605	 127.555391 	 151.418444 	 0.0001
 8285.187569	 -8.729872  	 15.081803  	 0.0001
 8285.18438 	 70.9066    	 94.695746  	 0.0001
 8300.092604	 -25.440491 	 -1.679654  	 0.0001
 8300.093647	 157.429105 	 -178.804883	 0.0001
 8315.179808	 115.728828 	 139.424248 	 0.0001
 8330.085204	 -177.692037	 -154.054401	 0.0001
 8330.076487	 168.878048 	 -167.473656	 0.0001
 8345.160502	 64.504083  	 88.048226  	 0.0001
 8345.172885	 117.461774 	 141.035189 	 0.0001
 8360.067787	 13.055488  	 36.557633  	 0.0001
 8375.159986	 -137.380506	 -113.969187	 0.0001
 8375.1505  	 55.624754  	 79.03836   	 0.0001
 8390.057074	 -150.607459	 -127.269671	 0.0001
 8390.054908	 151.288666 	 174.629729 	 0.0001
 8405.146578	 147.892044 	 171.146504 	 0.0001
 8420.235705	 -64.407631 	 -41.227243 	 0.0001
 8420.243204	 102.441926 	 125.634213 	 0.0001
 8435.136005	 -179.041412	 -155.957963	 0.0001
 8435.133153	 110.24414  	 133.33618  	 0.0001
 8450.215739	 -10.847692 	 12.165387  	 0.0001
 8465.123978	 -0.942572  	 21.976919  	 0.0001
 8465.1277  	 136.105675 	 159.036075 	 0.0001
 8480.207526	 45.307101  	 68.123966  	 0.0001
 8480.212726	 160.74451  	 -176.420712	 0.0001
 8495.110645	 -96.799439 	 -74.057993 	 0.0001
 8510.204954	 44.19148   	 66.837094  	 0.0001
 8510.205776	 83.525878  	 106.175612 	 0.0001
 8525.095685	 -37.721426 	 -15.171533 	 0.0001
 8525.107252	 169.483412 	 -167.938404	 0.0001
 8540.192563	 -130.983243	 -108.514065	 0.0001
 8555.090753	 137.796931 	 160.172261 	 0.0001
 8555.087786	 -176.006308	 -153.646832	 0.0001
 8570.184013	 -115.76809 	 -93.48496  	 0.0001
 8570.191403	 28.039488  	 50.320487  	 0.0001
 8585.083367	 116.895614 	 139.092742 	 0.0001
 8600.170783	 -3.189832  	 18.912249  	 0.0001
 8600.174659	 -58.65412  	 -36.539021 	 0.0001
 8615.071802	 -84.169266 	 -62.148176 	 0.0001
 8630.153141	 -91.45494  	 -69.549625 	 0.0001
 8630.166029	 15.836129  	 37.759099  	 0.0001
 8645.056825	 13.606652  	 35.442198  	 0.0001
 8645.062297	 91.060533  	 112.901986 	 0.0001
 8660.144923	 -178.925826	 -157.185719	 0.0001
 8675.238224	 18.904555  	 40.54941   	 0.0001
 8675.237771	 62.35451   	 84.00066   	 0.0001
 8690.129546	 -18.002455 	 3.554532   	 0.0001
 8690.1254  	 -31.116824 	 -9.562978  	 0.0001
 8705.220202	 -93.334099 	 -71.869877 	 0.0001
 8720.13892 	 -95.655346 	 -74.2614   	 0.0001
 8720.115156	 166.176688 	 -172.46052 	 0.0001
 8735.214989	 -111.925393	 -90.633587 	 0.0001
 8735.20668 	 101.897727 	 123.19007  	 0.0001
 8750.11678 	 -53.024514 	 -31.81861  	 0.0001
 8765.198032	 -106.283166	 -85.156736 	 0.0001
 8765.198877	 10.641738  	 31.757439  	 0.0001
 8780.09901 	 161.552448 	 -177.422806	 0.0001
 8795.193786	 -176.09025 	 -155.148037	 0.0001
 8795.195305	 30.626234  	 51.581361  	 0.0001
 8810.098975	 16.416954  	 37.286644  	 0.0001
 8810.09606 	 -98.58756  	 -77.711118 	 0.0001
 8825.188925	 -164.510278	 -143.723027	 0.0001
 8840.079504	 92.500077  	 113.19715  	 0.0001
 8840.086847	 -81.860358 	 -61.155638 	 0.0001
 8855.173635	 -42.250915 	 -21.631614 	 0.0001
 8870.077333	 -43.058363 	 -22.52937  	 0.0001
 8870.064439	 -174.083286	 -153.550531	 0.0001
 8885.15268 	 -23.271224 	 -2.834437  	 0.0001
 8885.165142	 -114.556395	 -94.093216 	 0.0001
 8900.248022	 -56.646323 	 -36.268239 	 0.0001
 8915.143923	 59.165486  	 79.463446  	 0.0001
 8915.145011	 145.065429 	 165.363985 	 0.0001
 8930.236808	 -139.490684	 -119.260522	 0.0001
 8930.929815	 162.974059 	 -176.76729 	 0.0001
 8945.13203 	 158.224352 	 178.36103  	 0.0001
 8960.220328	 107.314536 	 127.388582 	 0.0001
 8960.228214	 137.367515 	 157.444705 	 0.0001
 8975.127951	 137.548742 	 157.549848 	 0.0001
 8990.214626	 106.789293 	 126.706753 	 0.0001
 8990.20213 	 10.106448  	 30.030687  	 0.0001
 9005.107007	 140.786056 	 160.628134 	 0.0001
 9020.190133	 159.915238 	 179.680774 	 0.0001
 9020.198764	 -120.435737	 -100.669445	 0.0001
 9035.105565	 -161.280196	 -141.574101	 0.0001
 9035.104276	 -153.990978	 -134.288887	 0.0001
 9050.191031	 7.35169    	 26.989906  	 0.0001
 9065.094011	 -97.776419 	 -78.207247 	 0.0001
 9065.091152	 30.248675  	 49.821483  	 0.0001
 9080.189662	 -140.159435	 -120.658209	 0.0001
 9095.075353	 -54.024142 	 -34.61038  	 0.0001
 9095.08631 	 37.539117  	 56.981909  	 0.0001
 9110.167232	 3.751125   	 23.108675  	 0.0001
 9110.171479	 53.091087  	 72.451776  	 0.0001
 9125.070061	 -135.976304	 -116.669571	 0.0001
 9140.154222	 64.238927  	 83.467176  	 0.0001
 9140.166044	 -9.334171  	 9.892358   	 0.0001
 9155.25015 	 40.076618  	 59.250619  	 0.0001
 9170.156806	 8.743528   	 27.861309  	 0.0001
 9170.139202	 -162.399106	 -143.288471	 0.0001
 9185.235775	 97.998319  	 117.039145 	 0.0001
 9185.233513	 60.855688  	 79.907322  	 0.0001
 9200.145236	 -11.162339 	 7.837493   	 0.0001
 9215.225953	 -7.985598  	 10.944454  	 0.0001
 9215.221774	 -84.747017 	 -65.828372 	 0.0001
 9230.13106 	 -69.583545 	 -50.722379 	 0.0001
 9245.215982	 25.705105  	 44.518011  	 0.0001
 9245.217723	 -160.485225	 -141.680633	 0.0001
 9260.113943	 174.738061 	 -166.513651	 0.0001
 9275.207806	 -162.96159 	 -144.272966	 0.0001
 9275.20332 	 -94.124937 	 -75.430281 	 0.0001
 9290.107395	 -11.381801 	 7.255094   	 0.0001
 9290.102032	 42.865346  	 61.507363  	 0.0001
 9305.193068	 72.796334  	 91.381554  	 0.0001
 9320.094064	 -141.848519	 -123.325906	 0.0001
 9320.095503	 -108.717113	 -90.190393 	 0.0001
 9335.176221	 24.372751  	 42.835834  	 0.0001
 9350.084604	 159.068527 	 177.477691 	 0.0001
 9350.08381 	 138.137731 	 156.555133 	 0.0001
 9365.165117	 119.064515 	 137.425553 	 0.0001
 9380.069501	 132.294593 	 150.603484 	 0.0001
 9380.078478	 -82.837118 	 -64.51686  	 0.0001
 9395.163294	 -82.956803 	 -64.693607 	 0.0001
 9410.244286	 -139.735384	 -121.535784	 0.0001
 9410.247849	 177.025321 	 -164.779603	 0.0001
 9425.15815 	 -57.61696  	 -39.458579 	 0.0001
 9440.229001	 136.802566 	 154.90059  	 0.0001
 9440.230486	 -166.456805	 -148.355374	 0.0001
 9455.139455	 -121.806198	 -103.739715	 0.0001
 9455.142578	 -8.079555  	 9.997223   	 0.0001
 9470.220199	 -97.698844 	 -79.692757 	 0.0001
 9485.128423	 -152.127807	 -134.15901 	 0.0001
 9485.126159	 -130.419367	 -112.446582	 0.0001
 9500.21668 	 30.125633  	 48.046081  	 0.0001
 9515.111696	 -17.911852 	 -0.032988  	 0.0001
 9515.108775	 -97.087223 	 -79.212056 	 0.0001
 9530.202752	 133.889792 	 151.729019 	 0.0001
 9545.110211	 -27.839392 	 -10.04954  	 0.0001
 9545.102115	 104.408615 	 122.198401 	 0.0001
 9560.188955	 28.617273  	 46.362079  	 0.0001
 9575.100842	 -75.717139 	 -58.006877 	 0.0001
 9575.103483	 91.950175  	 109.667149 	 0.0001
 9590.182868	 83.739887  	 101.417814 	 0.0001
 9590.186156	 140.310115 	 157.995642 	 0.0001
 9605.084366	 117.998102 	 135.61623  	 0.0001
 9620.172219	 -28.510308 	 -10.924393 	 0.0001
 9620.173147	 -1.105809  	 16.479908  	 0.0001
 9635.261506	 -102.194977	 -84.644639 	 0.0001
 9650.166723	 -18.011125 	 -0.497867  	 0.0001
 9650.160222	 -74.140338 	 -56.640997 	 0.0001
 9665.248445	 -43.186117 	 -25.721174 	 0.0001
 9680.141043	 52.050578  	 69.46518   	 0.0001
 9680.143482	 -163.066689	 -145.649579	 0.0001
 9695.23639 	 -161.260699	 -143.870627	 0.0001
 9710.132012	 -54.196857 	 -36.862871 	 0.0001
 9710.143862	 76.175953  	 93.536803  	 0.0001
 9725.23087 	 80.183126  	 97.501564  	 0.0001
 9740.126246	 70.279159  	 87.552365  	 0.0001
 9740.135859	 166.807926 	 -175.899955	 0.0001
 9755.218716	 -82.999616 	 -65.756598 	 0.0001
 9770.115327	 72.774123  	 89.981263  	 0.0001
 9770.118683	 -97.438802 	 -80.228318 	 0.0001
 9785.204803	 -169.793169	 -152.623857	 0.0001
 9785.208708	 169.194027 	 -173.623063	 0.0001
 9800.102676	 -129.905552	 -112.771336	 0.0001
 9815.183336	 169.791491 	 -173.100046	 0.0001
 9815.192803	 -87.427534 	 -70.313611 	 0.0001
 9830.090762	 -10.016274 	 7.060647   	 0.0001
 9845.178638	 118.828103 	 135.868893 	 0.0001
 9845.182082	 -140.30219 	 -123.251162	 0.0001
 9860.084981	 -132.511274	 -115.497616	 0.0001
 9875.173846	 -17.301238 	 -0.322743  	 0.0001
 9875.175357	 30.895556  	 47.874874  	 0.0001
 9890.26296 	 88.453589  	 105.401904 	 0.0001
 9905.160628	 -46.122366 	 -29.209593 	 0.0001
 9905.163143	 -157.394937	 -140.474434	 0.0001
 9920.243035	 -73.396418 	 -56.51831  	 0.0001
 9935.14984 	 174.225092 	 -168.917227	 0.0001
 9935.148799	 35.040656  	 51.898632  	 0.0001
 9950.242478	 74.072192  	 90.902307  	 0.0001
 9965.136892	 40.175205  	 56.967416  	 0.0001
 9965.141422	 29.855469  	 46.653917  	 0.0001
 9980.230025	 -127.311295	 -110.538044	 0.0001
 9995.128681	 -61.506704 	 -44.76135  	 0.0001
 9995.133114	 59.288139  	 76.046623  	 0.0001
10010.21581 	 -4.737401  	 11.982544  	 0.0001
10025.11059 	 -110.948596	 -94.267442 	 0.0001
10025.11942 	 -163.316354	 -146.630912	 0.0001
10040.20729 	 -73.773925 	 -57.106131 	 0.0001
10055.10307 	 156.244089 	 172.877043 	 0.0001
10055.11287 	 -84.654569 	 -68.01533  	 0.0001
10070.19105 	 -3.027489  	 13.567066  	 0.0001
10085.09976 	 73.281498  	 89.871469  	 0.0001
10085.09687 	 155.783793 	 172.373331 	 0.0001
10100.17571 	 -159.459564	 -142.906733	 0.0001
10115.08142 	 84.515369  	 101.037764 	 0.0001
10115.08618 	 149.248024 	 165.779243 	 0.0001
10130.17195 	 175.241221 	 -168.249571	 0.0001
10137.78259 	 159.827485 	 176.362747 	 0.0001
10145.26165 	 -30.380812 	 -13.904055 	 0.0001
10160.1614  	 -25.969882 	 -9.507925  	 0.0001
10160.17134 	 35.637123  	 52.107499  	 0.0001
10175.2461  	 -117.798074	 -101.370598	 0.0001
10190.15353 	 -152.669808	 -136.256877	 0.0001
10190.15163 	 -70.375516 	 -53.964844 	 0.0001
10205.22463 	 134.411832 	 150.798342 	 0.0001
10220.13901 	 -172.007147	 -155.632368	 0.0001
10220.13932 	 169.361743 	 -174.266823	 0.0001
10235.23389 	 -130.904178	 -114.54162 	 0.0001
10250.13225 	 -120.536668	 -104.20184 	 0.0001
10250.12202 	 -145.901365	 -129.582569	 0.0001
10265.21597 	 33.533546  	 49.834333  	 0.0001
10280.11813 	 66.237879  	 82.524404  	 0.0001
10280.11083 	 80.279933  	 96.561012  	 0.0001
10295.20836 	 156.121639 	 172.392674 	 0.0001
10310.10578 	 111.039298 	 127.29459  	 0.0001
10310.11163 	 -144.712663	 -128.457998	 0.0001
10325.19684 	 -139.831566	 -123.596015	 0.0001
10340.08361 	 -5.723136  	 10.460528  	 0.0001
10340.09853 	 83.108147  	 99.319024  	 0.0001
10355.1833  	 164.602025 	 -179.203751	 0.0001
10370.27128 	 -57.066178 	 -40.898176 	 0.0001
10370.27399 	 -67.338718 	 -51.172143 	 0.0001
10385.17005 	 34.060042  	 50.202247  	 0.0001
10400.26329 	 -119.100632	 -102.953376	 0.0001
10400.25953 	 -154.042105	 -137.906548	 0.0001
10415.16049 	 147.623095 	 163.74476  	 0.0001
10430.24768 	 79.773049  	 95.872613  	 0.0001
10430.24807 	 -31.082763 	 -14.982528 	 0.0001
10445.15021 	 162.577659 	 178.657612 	 0.0001
10460.2357  	 56.50457   	 72.563752  	 0.0001
10460.23585 	 -62.822792 	 -46.765207 	 0.0001
10475.14259 	 153.140921 	 169.189573 	 0.0001
10475.13961 	 -49.843434 	 -33.803133 	 0.0001
10490.23048 	 75.177001  	 91.20969   	 0.0001
10505.13254 	 8.350009   	 24.360997  	 0.0001
10505.1279  	 -175.168656	 -159.1577  	 0.0001
10520.22495 	 -89.20096  	 -73.203317 	 0.0001
10535.12116 	 101.913276 	 117.898743 	 0.0001
10535.11154 	 -141.874132	 -125.888573	 0.0001
10550.19912 	 28.601425  	 44.56287   	 0.0001
10565.10112 	 38.41684   	 54.366632  	 0.0001
10565.10836 	 28.193219  	 44.159339  	 0.0001
10580.19566 	 17.546742  	 33.486283  	 0.0001
10595.10027 	 2.525324   	 18.45476   	 0.0001
10595.10439 	 -57.984176 	 -42.047241 	 0.0001
10610.19361 	 30.900609  	 46.821224  	 0.0001
10625.26912 	 50.806993  	 66.699836  	 0.0001
10625.27131 	 -119.600617	 -103.706405	 0.0001
10640.17891 	 144.282984 	 160.176577 	 0.0001
10655.26803 	 93.175964  	 109.053367 	 0.0001
10655.26547 	 -30.944363 	 -15.070742 	 0.0001
10670.1614  	 -67.699501 	 -51.836123 	 0.0001
10685.24091 	 -162.8962  	 -147.062365	 0.0001
10685.24096 	 -118.497237	 -102.656303	 0.0001
10700.15166 	 11.078773  	 26.909668  	 0.0001
10715.23627 	 -149.387586	 -133.56122 	 0.0001
10715.23299 	 -168.385562	 -152.57725 	 0.0001
10730.14205 	 174.039464 	 -170.151248	 0.0001
10745.23533 	 2.413804   	 18.204911  	 0.0001
10745.22927 	 -175.671271	 -159.877728	 0.0001
10760.12239 	 -68.739295 	 -52.964572 	 0.0001
10775.21597 	 153.355667 	 169.131286 	 0.0001
10775.22399 	 156.24932  	 172.028363 	 0.0001
10790.12751 	 -10.036824 	 5.730039   	 0.0001
10805.20084 	 -23.049576 	 -7.288654  	 0.0001
10805.39554 	 -51.749216 	 -35.993547 	 0.0001
10820.1056  	 60.681684  	 76.414523  	 0.0001
10835.19929 	 52.135669  	 67.883679  	 0.0001
10835.19757 	 108.028769 	 123.753113 	 0.0001
10850.08305 	 -121.56701 	 -105.854762	 0.0001
10865.19004 	 -22.88255  	 -7.16622   	 0.0001
10880.27082 	 -39.654358 	 -23.961001 	 0.0001
10880.26801 	 142.907394 	 158.598258 	 0.0001
10895.17213 	 -159.830239	 -144.141445	 0.0001
10910.26562 	 -26.28424  	 -10.603092 	 0.0001
10910.26007 	 130.968795 	 146.644251 	 0.0001
10925.16217 	 137.007939 	 152.672271 	 0.0001
10940.25576 	 167.114563 	 -177.226772	 0.0001
10940.2503  	 -138.577874	 -122.912946	 0.0001
10955.14885 	 -123.0897  	 -107.438214	 0.0001
10970.24439 	 -3.782818  	 11.867318  	 0.0001
10970.2418  	 126.661526 	 142.307805 	 0.0001
10985.14861 	 122.854849 	 138.475605 	 0.0001
11000.232   	 139.944199 	 155.570863 	 0.0001
11000.22356 	 -72.375659 	 -56.75893  	 0.0001
11015.14046 	 32.472136  	 48.097565  	 0.0001
11030.20757 	 -158.491447	 -142.899577	 0.0001
11030.21653 	 -46.809849 	 -31.203708 	 0.0001
11045.12961 	 -51.322714 	 -35.713211 	 0.0001
11060.20674 	 -30.46387  	 -14.87731  	 0.0001
11060.19661 	 -107.657727	 -92.082559 	 0.0001
11075.09802 	 86.099779  	 101.666643 	 0.0001
11090.19641 	 -122.354605	 -106.781264	 0.0001
11090.20459 	 17.437538  	 33.033534  	 0.0001
11105.30461 	 -115.985264	 -100.405582	 0.0001
11120.19235 	 59.967078  	 75.542097  	 0.0001
11120.19898 	 -1.094869  	 14.493957  	 0.0001
11135.27171 	 -130.608269	 -115.050376	 0.0001
11150.17886 	 -174.208005	 -158.663558	 0.0001
11150.1758  	 -30.824023 	 -15.283896 	 0.0001
11165.26418 	 178.4637   	 -166.008589	 0.0001
11180.1616  	 -66.775148 	 -51.230307 	 0.0001
11180.15682 	 -4.31314   	 11.217545  	 0.0001
11195.25649 	 152.72576  	 168.250332 	 0.0001
11210.16125 	 100.179612 	 115.715306 	 0.0001
11210.15376 	 13.350613  	 28.871524  	 0.0001
11225.23111 	 -126.901818	 -111.39238 	 0.0001
11240.14121 	 108.726056 	 124.230763 	 0.0001
11255.23166 	 -12.957966 	 2.545577   	 0.0001
11255.225   	 -10.158828 	 5.324236   	 0.0001
11270.13441 	 -67.591378 	 -52.103282 	 0.0001
11285.21877 	 -54.995989 	 -39.504642 	 0.0001
11285.22397 	 -31.983675 	 -16.484638 	 0.0001
11300.1189  	 77.676783  	 93.160243  	 0.0001
11315.21364 	 179.704892 	 -164.811761	 0.0001
11315.20753 	 -105.634227	 -90.156403 	 0.0001
11330.11109 	 77.10847   	 92.583876  	 0.0001
11345.20294 	 -111.656603	 -96.186899 	 0.0001
11345.18765 	 -86.038753 	 -70.591707 	 0.0001
11360.28983 	 35.402482  	 50.886229  	 0.0001
11375.17512 	 -83.092276 	 -67.640345 	 0.0001
11377.50968 	 101.32478  	 116.791104 	 0.0001
11390.26396 	 134.007247 	 149.449555 	 0.0001
11405.18084 	 -31.668095 	 -16.206652 	 0.0001
11420.2668  	 43.859289  	 59.314705  	 0.0001
11420.27128 	 175.879233 	 -168.661513	 0.0001
11435.15642 	 123.195086 	 138.630118 	 0.0001
11450.25205 	 -57.922542 	 -42.485038 	 0.0001
11450.2542  	 147.001537 	 162.437122 	 0.0001
11465.15198 	 -142.844712	 -127.416766	 0.0001
11480.24249 	 28.39764   	 43.820456  	 0.0001
11480.23881 	 57.820111  	 73.240196  	 0.0001
11495.14087 	 145.174798 	 160.596528 	 0.0001
11510.22492 	 -80.43345  	 -65.019316 	 0.0001
11525.13999 	 88.989996  	 104.419402 	 0.0001
11525.13188 	 -67.266993 	 -51.854582 	 0.0001
11540.21651 	 49.459588  	 64.874786  	 0.0001
11555.11924 	 -146.899091	 -131.494795	 0.0001
11555.11921 	 -49.95756  	 -34.553859 	 0.0001
11570.21259 	 -108.390062	 -92.976107 	 0.0001
11585.10505 	 -76.847347 	 -61.433664 	 0.0001
11585.11224 	 125.027447 	 140.433867 	 0.0001
11600.19258 	 -118.831004	 -103.437091	 0.0001
11615.29463 	 18.039087  	 33.445171  	 0.0001
11630.18934 	 97.260633  	 112.65258  	 0.0001
11630.18293 	 -39.319561 	 -23.930019 	 0.0001
11645.27302 	 -104.154977	 -88.757724 	 0.0001
11660.17678 	 -90.467849 	 -75.084442 	 0.0001
11660.18583 	 31.399322  	 46.799858  	 0.0001
11675.26547 	 121.66754  	 137.054203 	 0.0001
11690.16787 	 42.797518  	 58.189216  	 0.0001
11690.16573 	 117.071702 	 132.45507  	 0.0001
11705.25717 	 50.782108  	 66.167822  	 0.0001
11720.15417 	 -90.071821 	 -74.683479 	 0.0001
11720.15527 	 29.18547   	 44.568454  	 0.0001
11735.24499 	 144.086572 	 159.462773 	 0.0001
11750.14005 	 98.755775  	 114.127563 	 0.0001
11765.22658 	 -20.67601  	 -5.299188  	 0.0001
11765.22797 	 -116.854906	 -101.49658 	 0.0001
11780.14175 	 -14.894724 	 0.503147   	 0.0001
11795.20786 	 141.43057  	 156.786344 	 0.0001
11795.21592 	 140.349455 	 155.718293 	 0.0001
11810.11287 	 -118.220618	 -102.862075	 0.0001
11825.21231 	 174.723054 	 -169.904735	 0.0001
11825.20419 	 107.838267 	 123.210652 	 0.0001
11840.29074 	 17.820047  	 33.181548  	 0.0001
11855.19783 	 65.967392  	 81.339095  	 0.0001
11870.28657 	 -65.202913 	 -49.834767 	 0.0001
11870.28682 	 174.277368 	 -170.35828 	 0.0001
11885.18036 	 50.923616  	 66.285929  	 0.0001
11900.27996 	 167.033676 	 -177.598835	 0.0001
11900.27884 	 157.773739 	 173.139867 	 0.0001
11915.17953 	 -128.85363 	 -113.475078	 0.0001
11930.26247 	 -42.234146 	 -26.857361 	 0.0001
11930.26011 	 112.968992 	 128.330438 	 0.0001
11945.15031 	 -75.482486 	 -60.129564 	 0.0001
11960.25591 	 -26.126346 	 -10.757536 	 0.0001
11975.15833 	 -108.552073	 -93.18534  	 0.0001
11975.15488 	 -90.283873 	 -74.924279 	 0.0001
11990.24674 	 1.782014   	 17.142234  	 0.0001
12005.14906 	 88.92666   	 104.300631 	 0.0001
12005.14449 	 174.591235 	 -170.051105	 0.0001
12020.22851 	 173.100796 	 -171.536554	 0.0001
12035.12317 	 -125.046761	 -109.691669	 0.0001
12050.2209  	 75.726724  	 91.086321  	 0.0001
12050.22201 	 -60.92634  	 -45.559696 	 0.0001
12065.11737 	 69.167034  	 84.522872  	 0.0001
12080.21114 	 155.551469 	 170.91056  	 0.0001
12080.20775 	 -19.866013 	 -4.504183  	 0.0001
12095.29139 	 -123.319272	 -107.976297	 0.0001
12110.19381 	 130.721981 	 146.087189 	 0.0001
12121.78293 	 120.850013 	 136.212223 	 0.0001
12125.29306 	 62.920131  	 78.288206  	 0.0001
12140.18646 	 41.426724  	 56.798208  	 0.0001
12155.28177 	 84.4542    	 99.828159  	 0.0001
12155.28428 	 -64.195147 	 -48.814497 	 0.0001
12170.1735  	 -51.272099 	 -35.916226 	 0.0001
12185.26174 	 -165.527672	 -150.1609  	 0.0001
12185.26488 	 -175.05385 	 -159.685108	 0.0001
12200.16695 	 -71.936036 	 -56.562311 	 0.0001
12215.25549 	 -83.561481 	 -68.194217 	 0.0001
12230.16319 	 -117.426766	 -102.059198	 0.0001
12230.15404 	 28.137382  	 43.512264  	 0.0001
12245.24372 	 -55.265505 	 -39.897632 	 0.0001
12260.14461 	 78.541934  	 93.91317   	 0.0001
12260.1453  	 92.100376  	 107.479021 	 0.0001
12275.22613 	 -129.604588	 -114.239737	 0.0001
12290.12823 	 -117.62668 	 -102.251181	 0.0001
12305.22602 	 127.974912 	 143.352521 	 0.0001
12305.22289 	 -163.41252 	 -148.021575	 0.0001
12320.12294 	 -123.154078	 -107.770472	 0.0001
12335.21588 	 -149.093948	 -133.709463	 0.0001
12335.8859  	 -84.079354 	 -68.699738 	 0.0001
12350.30507 	 -11.258012 	 4.130523   	 0.0001
12365.19859 	 -134.372639	 -118.983839	 0.0001
12380.2926  	 146.803344 	 162.197181 	 0.0001
12380.28977 	 -5.121243  	 10.256848  	 0.0001
12395.19515 	 -48.591755 	 -33.188543 	 0.0001
12410.27766 	 -130.549146	 -115.155667	 0.0001
12425.17237 	 39.348814  	 54.74639   	 0.0001
12425.17798 	 -18.42851  	 -3.034359  	 0.0001
12440.25968 	 14.34335   	 29.731181  	 0.0001
12455.16079 	 -39.255444 	 -23.863685 	 0.0001
12455.16989 	 6.549794   	 21.95343   	 0.0001
12470.25191 	 -113.983577	 -98.583753 	 0.0001
12485.15991 	 168.185232 	 -176.405509	 0.0001
12500.26091 	 -178.406007	 -162.971109	 0.0001
12500.21893 	 -92.628461 	 -77.233596 	 0.0001
12515.15245 	 20.184582  	 35.616805  	 0.0001
12530.23056 	 -168.497035	 -153.101571	 0.0001
12545.13392 	 -72.244859 	 -56.831509 	 0.0001
12545.13473 	 -174.030684	 -158.615702	 0.0001
12560.22164 	 -32.422009 	 -17.012915 	 0.0001
12575.30309 	 -160.401448	 -144.998649	 0.0001
12575.31063 	 136.622761 	 152.033555 	 0.0001
12590.20515 	 59.897287  	 75.318611  	 0.0001
12605.29153 	 -37.389392 	 -21.964697 	 0.0001
12620.20071 	 -132.369298	 -116.945006	 0.0001
12620.19678 	 112.960719 	 128.376765 	 0.0001
12635.28448 	 33.395044  	 48.823462  	 0.0001
12650.18625 	 84.267875  	 99.6941    	 0.0001
12650.1873  	 -141.573577	 -126.13806 	 0.0001
12665.26507 	 -14.220398 	 1.19494    	 0.0001
12680.17787 	 150.602931 	 166.035109 	 0.0001
12695.26213 	 14.748905  	 30.187124  	 0.0001
12695.26302 	 145.422545 	 160.864453 	 0.0001
12710.1646  	 153.599501 	 169.043436 	 0.0001
12725.25927 	 -176.801298	 -161.344303	 0.0001
12740.15173 	 41.795253  	 57.250827  	 0.0001
12740.15732 	 24.453328  	 39.901933  	 0.0001
12755.24225 	 -71.921013 	 -56.465636 	 0.0001
12770.14243 	 -70.105435 	 -54.633502 	 0.0001
12770.14351 	 38.174387  	 53.629439  	 0.0001
12785.2303  	 -15.942871 	 -0.48581   	 0.0001
12800.13959 	 -144.164874	 -128.684323	 0.0001
12815.21894 	 -157.51255 	 -142.041019	 0.0001
12815.22621 	 -158.823356	 -143.356719	 0.0001
12830.31702 	 38.513657  	 53.997534  	 0.0001
12845.20865 	 -60.904057 	 -45.436291 	 0.0001
12860.29624 	 -10.064438 	 5.404017   	 0.0001
12860.29393 	 87.727408  	 103.199832 	 0.0001
12875.20287 	 140.466744 	 155.961562 	 0.0001
12890.28602 	 68.575025  	 84.061162  	 0.0001
12905.18381 	 179.154108 	 -165.356213	 0.0001
12905.18359 	 167.017566 	 -177.486907	 0.0001
12920.2824  	 37.133446  	 52.635326  	 0.0001
12935.18678 	 -155.185164	 -139.68208 	 0.0001
12935.17983 	 -93.053613 	 -77.548889 	 0.0001
12950.26458 	 139.726802 	 155.228868 	 0.0001
12965.17882 	 -130.47643 	 -114.951826	 0.0001
12980.25496 	 134.980499 	 150.491003 	 0.0001
12980.25939 	 -75.107651 	 -59.593078 	 0.0001
12995.15663 	 130.530824 	 146.04472  	 0.0001
13010.24176 	 154.339528 	 169.861734 	 0.0001
13010.23937 	 163.345986 	 178.87313  	 0.0001
13025.13709 	 50.03454   	 65.550502  	 0.0001
13040.23226 	 76.530452  	 92.051284  	 0.0001
13055.14004 	 -46.021131 	 -30.4856   	 0.0001
13055.13428 	 -81.613327 	 -66.079763 	 0.0001
13070.21823 	 -80.709362 	 -65.181912 	 0.0001
13085.30904 	 91.423368  	 106.967064 	 0.0001
13100.21027 	 170.834877 	 -173.621055	 0.0001
13100.20265 	 -81.339678 	 -65.801576 	 0.0001
13115.29741 	 -2.793494  	 12.757027  	 0.0001
13130.20432 	 -60.122625 	 -44.56029  	 0.0001
13145.28901 	 168.460747 	 -175.97047 	 0.0001
13145.29976 	 59.177102  	 74.747659  	 0.0001
13160.18577 	 -139.423165	 -123.869718	 0.0001
13175.27595 	 164.336909 	 179.906027 	 0.0001
13190.17436 	 -53.919074 	 -38.342145 	 0.0001
13190.17916 	 -50.559558 	 -34.966355 	 0.0001
13205.26725 	 8.357773   	 23.945002  	 0.0001
13220.16733 	 -143.720859	 -128.136987	 0.0001
13235.26421 	 171.458928 	 -172.942481	 0.0001
13235.26455 	 7.661544   	 23.254074  	 0.0001
13250.16205 	 6.295605   	 21.90099   	 0.0001
13265.24205 	 11.75948   	 27.356805  	 0.0001
13265.24295 	 46.730243  	 62.329905  	 0.0001
13280.14821 	 125.840952 	 141.445071 	 0.0001
13295.23463 	 50.125334  	 65.74333   	 0.0001
13310.32078 	 131.063378 	 146.684829 	 0.0001
13310.32465 	 18.167089  	 33.785662  	 0.0001
13325.22256 	 67.51704   	 83.137145  	 0.0001
13340.30804 	 -8.497932  	 7.124641   	 0.0001
13355.2136  	 -35.634839 	 -19.996382 	 0.0001
13355.21621 	 99.368464  	 114.997753 	 0.0001
13370.29637 	 -51.839739 	 -36.198946 	 0.0001
13385.2083  	 -30.093868 	 -14.438771 	 0.0001
13400.27866 	 163.718293 	 179.355663 	 0.0001
13400.28767 	 19.754615  	 35.403283  	 0.0001
13415.1882  	 139.514059 	 155.166675 	 0.0001
13430.28481 	 18.044594  	 33.705908  	 0.0001
13445.18472 	 127.546218 	 143.223323 	 0.0001
13445.18638 	 135.560109 	 151.235052 	 0.0001
13460.27468 	 147.040098 	 162.724142 	 0.0001
13475.16522 	 47.101783  	 62.77178   	 0.0001
13490.25179 	 127.831122 	 143.515634 	 0.0001
13490.25849 	 -149.997887	 -134.315776	 0.0001
13505.1558  	 -147.168365	 -131.480143	 0.0001
13520.24545 	 130.787139 	 146.474469 	 0.0001
13535.15029 	 166.772911 	 -177.516429	 0.0001
13550.2294  	 178.700148 	 -165.599894	 0.0001
13550.23473 	 -10.297994 	 5.403879   	 0.0001
13565.33576 	 80.852771  	 96.578952  	 0.0001
13580.2236  	 -8.075951  	 7.648749   	 0.0001
13580.22645 	 13.279094  	 28.996281  	 0.0001
13595.30841 	 87.18939   	 102.911866 	 0.0001
13610.21046 	 52.459247  	 68.189755  	 0.0001
13625.30269 	 -124.654829	 -108.909816	 0.0001
13625.30012 	 -3.36791   	 12.3661    	 0.0001
13640.19888 	 106.561036 	 122.304241 	 0.0001
13655.29809 	 -60.829542 	 -45.075474 	 0.0001
13670.1968  	 -103.692581	 -87.928959 	 0.0001
13670.19048 	 11.930111  	 27.679398  	 0.0001
13685.28839 	 -113.132936	 -97.364412 	 0.0001
13700.18431 	 -118.707284	 -102.934213	 0.0001
13715.26959 	 -9.791047  	 5.983501   	 0.0001
13715.26824 	 41.602936  	 57.372846  	 0.0001
13730.17208 	 142.34498  	 158.133758 	 0.0001
13745.25484 	 162.490168 	 178.280327 	 0.0001
13760.16217 	 139.945578 	 155.734183 	 0.0001
13760.14998 	 -77.05029  	 -61.270326 	 0.0001
13775.24637 	 131.029624 	 146.828039 	 0.0001
            	            	            	  
            	            	            	  
            	            	            	  
            	            	            	  