0.000000	1.620938	1.169772	0.0001
0.000005	0.876723	0.307051	0.0001
0.000010	-0.027538	-0.611379	0.0001
0.000015	-0.930510	-1.419350	0.0001
0.000020	-1.665381	-1.968410	0.0001
0.000025	-2.091426	-2.155187	0.0001
0.000030	-2.133933	-1.943292	0.0001
0.000035	-1.785498	-1.376521	0.0001
0.000040	-1.106016	-0.553735	0.0001
0.000045	-0.222044	0.367593	0.0001
0.000050	0.694454	1.218077	0.0001
0.000055	1.486973	1.845395	0.0001
0.000060	2.004801	2.128784	0.0001
0.000065	2.146496	2.022191	0.0001
0.000070	1.896598	1.539142	0.0001
0.000075	1.295042	0.770131	0.0001
0.000080	0.451965	-0.139283	0.0001
0.000085	-0.475482	-1.024542	0.0001
0.000090	-1.312759	-1.723990	0.0001
0.000095	-1.914954	-2.108815	0.0001
0.000100	-2.163560	-2.103663	0.0001
0.000105	-2.012850	-1.707245	0.0001
0.000110	-1.492129	-1.001034	0.0001
0.000115	-0.697682	-0.112554	0.0001
0.000120	0.223001	0.795894	0.0001
0.000125	1.102467	1.557498	0.0001
0.000130	1.776480	2.028632	0.0001
0.000135	2.122343	2.126208	0.0001
0.000140	2.075326	1.832192	0.0001
0.000145	1.643803	1.198755	0.0001
0.000150	0.911181	0.341186	0.0001
0.000155	0.004021	-0.577887	0.0001
0.000160	-0.900883	-1.393266	0.0001
0.000165	-1.641229	-1.954241	0.0001
0.000170	-2.083053	-2.149391	0.0001
0.000175	-2.141018	-1.956495	0.0001
0.000180	-1.802565	-1.401317	0.0001
0.000185	-1.135321	-0.587870	0.0001
0.000190	-0.257790	0.331525	0.0001
0.000195	0.660641	1.189094	0.0001
0.000200	1.459922	1.827039	0.0001
0.000205	1.989666	2.128140	0.0001
0.000210	2.148428	2.031852	0.0001
0.000215	1.911412	1.563617	0.0001
0.000220	1.320805	0.803622	0.0001
0.000225	0.485134	-0.102571	0.0001
0.000230	-0.440059	-0.995882	0.0001
0.000235	-1.286996	-1.699516	0.0001
0.000240	-1.897886	-2.098510	0.0001
0.000245	-2.160340	-2.108815	0.0001
0.000250	-2.026376	-1.730431	0.0001
0.000255	-1.516281	-1.032593	0.0001
0.000260	-0.731496	-0.147978	0.0001
0.000265	0.188866	0.762724	0.0001
0.000270	1.070586	1.534312	0.0001
0.000275	1.755870	2.019293	0.0001
0.000280	2.117513	2.132326	0.0001
0.000285	2.083377	1.850547	0.0001
0.000290	1.666989	1.227738	0.0001
0.000295	0.942740	0.377576	0.0001
0.000300	0.041054	-0.543752	0.0001
0.000305	-0.866748	-1.367504	0.0001
0.000310	-1.617399	-1.937818	0.0001
0.000315	-2.073070	-2.153577	0.0001
0.000320	-2.144882	-1.971953	0.0001
0.000325	-1.822853	-1.428045	0.0001
0.000330	-1.164947	-0.622328	0.0001
0.000335	-0.292569	0.298356	0.0001
0.000340	0.629726	1.161399	0.0001
0.000345	1.436414	1.807395	0.0001
0.000350	1.976462	2.121699	0.0001
0.000355	2.153258	2.043767	0.0001
0.000360	1.928157	1.586481	0.0001
0.000365	1.349143	0.835503	0.0001
0.000370	0.519913	-0.069724	0.0001
0.000375	-0.405924	-0.961747	0.0001
0.000380	-1.257692	-1.681160	0.0001
0.000385	-1.881785	-2.091426	0.0001
0.000390	-2.160018	-2.116866	0.0001
0.000395	-2.037325	-1.753295	0.0001
0.000400	-1.541722	-1.065118	0.0001
0.000405	-0.762410	-0.182435	0.0001
0.000410	0.153443	0.729877	0.0001
0.000415	1.043536	1.505973	0.0001
0.000420	1.734938	2.006411	0.0001
0.000425	2.110428	2.136513	0.0001
0.000430	2.092072	1.866971	0.0001
0.000435	1.688565	1.254788	0.0001
0.000440	0.973977	0.409135	0.0001
0.000445	0.075511	-0.510905	0.0001
0.000450	-0.833257	-1.338843	0.0001
0.000455	-1.593568	-1.924292	0.0001
0.000460	-2.064053	-2.153899	0.0001
0.000465	-2.148747	-1.986122	0.0001
0.000470	-1.841531	-1.456384	0.0001
0.000475	-1.192642	-0.655175	0.0001
0.000480	-0.327992	0.260679	0.0001
0.000485	0.596235	1.132094	0.0001
0.000490	1.408397	1.793548	0.0001
0.000495	1.961649	2.118157	0.0001
0.000500	2.153902	2.055682	0.0001
0.000505	1.944903	1.607735	0.0001
0.000510	1.377804	0.868995	0.0001
0.000515	0.555015	-0.034945	0.0001
0.000520	-0.371144	-0.931154	0.0001
0.000525	-1.227743	-1.659906	0.0001
0.000530	-1.863107	-2.080799	0.0001
0.000535	-2.154543	-2.123629	0.0001
0.000540	-2.050850	-1.772939	0.0001
0.000545	-1.565230	-1.093457	0.0001
0.000550	-0.795579	-0.215926	0.0001
0.000555	0.118663	0.697996	0.0001
0.000560	1.011977	1.483109	0.0001
0.000565	1.715938	1.995140	0.0001
0.000570	2.103021	2.137479	0.0001
0.000575	2.100445	1.881785	0.0001
0.000580	1.709497	1.283127	0.0001
0.000585	1.004248	0.444558	0.0001
0.000590	0.110935	-0.474194	0.0001
0.000595	-0.802020	-1.312115	0.0001
0.000600	-1.570382	-1.906581	0.0001
0.000605	-2.053426	-2.155509	0.0001
0.000610	-2.155831	-2.000935	0.0001
0.000615	-1.859887	-1.480858	0.0001
0.000620	-1.222269	-0.688022	0.0001
0.000625	-0.362450	0.229120	0.0001
0.000630	0.561455	1.101823	0.0001
0.000635	1.381025	1.771005	0.0001
0.000640	1.948123	2.113004	0.0001
0.000645	2.153580	2.065665	0.0001
0.000650	1.959072	1.632854	0.0001
0.000655	1.404211	0.900876	0.0001
0.000660	0.587540	-0.000488	0.0001
0.000665	-0.335077	-0.898629	0.0001
0.000670	-1.200693	-1.636720	0.0001
0.000675	-1.846683	-2.073070	0.0001
0.000680	-2.151001	-2.129103	0.0001
0.000685	-2.061799	-1.793871	0.0001
0.000690	-1.592602	-1.125982	0.0001
0.000695	-0.828104	-0.250383	0.0001
0.000700	0.087104	0.663861	0.0001
0.000705	0.982028	1.457990	0.0001
0.000710	1.692430	1.980971	0.0001
0.000715	2.092716	2.138767	0.0001
0.000720	2.108174	1.901429	0.0001
0.000725	1.731718	1.310500	0.0001
0.000730	1.034519	0.477727	0.0001
0.000735	0.144748	-0.441347	0.0001
0.000740	-0.769495	-1.283132	0.0001
0.000745	-1.543976	-1.892089	0.0001
0.000750	-2.040223	-2.150679	0.0001
0.000755	-2.158408	-2.012528	0.0001
0.000760	-1.877276	-1.503722	0.0001
0.000765	-1.250285	-0.722801	0.0001
0.000770	-0.397229	0.192408	0.0001
0.000775	0.526354	1.072196	0.0001
0.000780	1.355262	1.749751	0.0001
0.000785	1.932022	2.107852	0.0001
0.000790	2.151648	2.071462	0.0001
0.000795	1.972276	1.654108	0.0001
0.000800	1.429651	0.932113	0.0001
0.000805	0.621675	0.034613	0.0001
0.000810	-0.301264	-0.867714	0.0001
0.000815	-1.167846	-1.614822	0.0001
0.000820	-1.826718	-2.059867	0.0001
0.000825	-2.146493	-2.133611	0.0001
0.000830	-2.071460	-1.809006	0.0001
0.000835	-1.612890	-1.154964	0.0001
0.000840	-0.862240	-0.286773	0.0001
0.000845	0.048139	0.630370	0.0001
0.000850	0.948858	1.432550	0.0001
0.000855	1.669243	1.966801	0.0001
0.000860	2.085631	2.140055	0.0001
0.000865	2.114936	1.915598	0.0001
0.000870	1.751362	1.338838	0.0001
0.000875	1.064146	0.512829	0.0001
0.000880	0.179849	-0.407856	0.0001
0.000885	-0.736970	-1.256082	0.0001
0.000890	-1.523044	-1.872768	0.0001
0.000895	-2.028952	-2.146815	0.0001
0.000900	-2.161306	-2.024766	0.0001
0.000905	-1.896920	-1.531095	0.0001
0.000910	-1.279268	-0.753072	0.0001
0.000915	-0.432330	0.156341	0.0001
0.000920	0.493829	1.041281	0.0001
0.000925	1.328211	1.729141	0.0001
0.000930	1.916242	2.099157	0.0001
0.000935	2.153258	2.080157	0.0001
0.000940	1.984191	1.676328	0.0001
0.000945	1.453482	0.963350	0.0001
0.000950	0.655166	0.070681	0.0001
0.000955	-0.264230	-0.834545	0.0001
0.000960	-1.139829	-1.589704	0.0001
0.000965	-1.807074	-2.054714	0.0001
0.000970	-2.142306	-2.138442	0.0001
0.000975	-2.082087	-1.829294	0.0001
0.000980	-1.638008	-1.182659	0.0001
0.000985	-0.893798	-0.320908	0.0001
0.000990	0.012393	0.597845	0.0001
0.000995	0.916977	1.405821	0.0001
0.001000	1.649599	1.953920	0.0001
0.001005	2.077903	2.139411	0.0001
0.001010	2.120733	1.930734	0.0001
0.001015	1.771650	1.365567	0.0001
0.001020	1.096027	0.545676	0.0001
0.001025	0.214950	-0.373077	0.0001
0.001030	-0.702835	-1.226777	0.0001
0.001035	-1.496315	-1.856022	0.0001
0.001040	-2.014139	-2.144238	0.0001
0.001045	-2.163882	-2.038613	0.0001
0.001050	-1.912055	-1.557501	0.0001
0.001055	-1.311793	-0.786241	0.0001
0.001060	-0.465177	0.123816	0.0001
0.001065	0.459049	1.011332	0.0001
0.001070	1.302771	1.709175	0.0001
0.001075	1.901107	2.094648	0.0001
0.001080	2.148428	2.089496	0.0001
0.001085	2.000937	1.698226	0.0001
0.001090	1.481821	0.992977	0.0001
0.001095	0.687691	0.105138	0.0001
0.001100	-0.231061	-0.803308	0.0001
0.001105	-1.109558	-1.565874	0.0001
0.001110	-1.789040	-2.042477	0.0001
0.001115	-2.136188	-2.143916	0.0001
0.001120	-2.089815	-1.846039	0.0001
0.001125	-1.659584	-1.213252	0.0001
0.001130	-0.923747	-0.355687	0.0001
0.001135	-0.021742	0.563709	0.0001
0.001140	0.883486	1.379092	0.0001
0.001145	1.627379	1.938462	0.0001
0.001150	2.071140	2.139411	0.0001
0.001155	2.125886	1.945225	0.0001
0.001160	1.790649	1.391008	0.0001
0.001165	1.125010	0.580133	0.0001
0.001170	0.249408	-0.339263	0.0001
0.001175	-0.672242	-1.196828	0.0001
0.001180	-1.469265	-1.836378	0.0001
0.001185	-2.003834	-2.138764	0.0001
0.001190	-2.164848	-2.048274	0.0001
0.001195	-1.929767	-1.577467	0.0001
0.001200	-1.337233	-0.821664	0.0001
0.001205	-0.499956	0.089359	0.0001
0.001210	0.425236	0.980095	0.0001
0.001215	1.271856	1.688243	0.0001
0.001220	1.883395	2.085631	0.0001
0.001225	2.145852	2.098513	0.0001
0.001230	2.012530	1.718514	0.0001
0.001235	1.506939	1.022604	0.0001
0.001240	0.720216	0.141205	0.0001
0.001245	-0.194994	-0.770139	0.0001
0.001250	-1.081220	-1.540434	0.0001
0.001255	-1.768108	-2.031528	0.0001
0.001260	-2.131357	-2.145527	0.0001
0.001265	-2.100764	-1.865039	0.0001
0.001270	-1.681804	-1.241912	0.0001
0.001275	-0.955628	-0.389178	0.0001
0.001280	-0.054911	0.529252	0.0001
0.001285	0.853215	1.353330	0.0001
0.001290	1.603549	1.923971	0.0001
0.001295	2.057615	2.139733	0.0001
0.001300	2.131360	1.959717	0.0001
0.001305	1.808683	1.417092	0.0001
0.001310	1.154636	0.614590	0.0001
0.001315	0.285797	-0.302552	0.0001
0.001320	-0.636175	-1.168490	0.0001
0.001325	-1.444469	-1.820921	0.0001
0.001330	-1.989986	-2.134578	0.0001
0.001335	-2.165170	-2.056968	0.0001
0.001340	-1.944258	-1.602907	0.0001
0.001345	-1.365250	-0.853545	0.0001
0.001350	-0.535380	0.055545	0.0001
0.001355	0.390135	0.949502	0.0001
0.001360	1.244483	1.666345	0.0001
0.001365	1.864073	2.075648	0.0001
0.001370	2.143919	2.102699	0.0001
0.001375	2.022835	1.739446	0.0001
0.001380	1.530447	1.054807	0.0001
0.001385	0.756928	0.175019	0.0001
0.001390	-0.162147	-0.737936	0.0001
0.001395	-1.050627	-1.517569	0.0001
0.001400	-1.745566	-2.020901	0.0001
0.001405	-2.123306	-2.149391	0.0001
0.001410	-2.107205	-1.885005	0.0001
0.001415	-1.703702	-1.269285	0.0001
0.001420	-0.987187	-0.425245	0.0001
0.001425	-0.089690	0.497049	0.0001
0.001430	0.821656	1.323059	0.0001
0.001435	1.581973	1.908835	0.0001
0.001440	2.048920	2.136513	0.0001
0.001445	2.135224	1.974852	0.0001
0.001450	1.829937	1.444465	0.0001
0.001455	1.185551	0.645505	0.0001
0.001460	0.318966	-0.269383	0.0001
0.001465	-0.600752	-1.139185	0.0001
0.001470	-1.416452	-1.800633	0.0001
0.001475	-1.971953	-2.132967	0.0001
0.001480	-2.167425	-2.069528	0.0001
0.001485	-1.959394	-1.626737	0.0001
0.001490	-1.390368	-0.883171	0.0001
0.001495	-0.569193	0.021410	0.0001
0.001500	0.356644	0.916655	0.0001
0.001505	1.216144	1.645413	0.0001
0.001510	1.847327	2.066631	0.0001
0.001515	2.140055	2.108818	0.0001
0.001520	2.033784	1.761022	0.0001
0.001525	1.554600	1.085078	0.0001
0.001530	0.788165	0.210120	0.0001
0.001535	-0.124791	-0.705089	0.0001
0.001540	-1.020034	-1.492129	0.0001
0.001545	-1.727210	-2.006732	0.0001
0.001550	-2.116544	-2.153255	0.0001
0.001555	-2.117832	-1.899174	0.0001
0.001560	-1.727533	-1.298267	0.0001
0.001565	-1.019068	-0.457448	0.0001
0.001570	-0.125758	0.461948	0.0001
0.001575	0.789453	1.298585	0.0001
0.001580	1.556532	1.893056	0.0001
0.001585	2.034106	2.139089	0.0001
0.001590	2.141987	1.985801	0.0001
0.001595	1.848937	1.468939	0.0001
0.001600	1.213246	0.678674	0.0001
0.001605	0.355356	-0.234926	0.0001
0.001610	-0.567582	-1.110846	0.0001
0.001615	-1.390690	-1.782277	0.0001
0.001620	-1.958428	-2.125561	0.0001
0.001625	-2.168069	-2.079833	0.0001
0.001630	-1.975495	-1.647669	0.0001
0.001635	-1.417418	-0.915696	0.0001
0.001640	-0.603006	-0.014979	0.0001
0.001645	0.319610	0.884452	0.0001
0.001650	1.185229	1.624159	0.0001
0.001655	1.829615	2.058259	0.0001
0.001660	2.136191	2.113326	0.0001
0.001665	2.046343	1.777446	0.0001
0.001670	1.580040	1.116637	0.0001
0.001675	0.820046	0.245543	0.0001
0.001680	-0.091622	-0.670954	0.0001
0.001685	-0.988153	-1.467977	0.0001
0.001690	-1.705957	-1.994495	0.0001
0.001695	-2.109781	-2.152611	0.0001
0.001700	-2.122662	-1.917852	0.0001
0.001705	-1.747498	-1.327572	0.0001
0.001710	-1.050627	-0.491905	0.0001
0.001715	-0.159571	0.427813	0.0001
0.001720	0.757250	1.270246	0.0001
0.001725	1.531736	1.876954	0.0001
0.001730	2.023801	2.134902	0.0001
0.001735	2.145208	2.000293	0.0001
0.001740	1.866327	1.493092	0.0001
0.001745	1.242551	0.711522	0.0001
0.001750	0.388847	-0.199824	0.0001
0.001755	-0.535057	-1.080254	0.0001
0.001760	-1.364605	-1.761990	0.0001
0.001765	-1.942648	-2.120086	0.0001
0.001770	-2.164848	-2.089815	0.0001
0.001775	-1.989020	-1.672466	0.0001
0.001780	-1.444469	-0.949188	0.0001
0.001785	-0.636175	-0.049114	0.0001
0.001790	0.285797	0.855147	0.0001
0.001795	1.155925	1.600328	0.0001
0.001800	1.809971	2.049886	0.0001
0.001805	2.130394	2.119445	0.0001
0.001810	2.057937	1.799344	0.0001
0.001815	1.604837	1.145298	0.0001
0.001820	0.852571	0.278390	0.0001
0.001825	-0.054911	-0.637463	0.0001
0.001830	-0.957238	-1.440282	0.0001
0.001835	-1.679872	-1.982258	0.0001
0.001840	-2.101086	-2.155831	0.0001
0.001845	-2.131357	-1.933631	0.0001
0.001850	-1.768430	-1.353012	0.0001
0.001855	-1.080898	-0.528295	0.0001
0.001860	-0.194994	0.392389	0.0001
0.001865	0.723759	1.240619	0.0001
0.001870	1.507583	1.858598	0.0001
0.001875	2.013496	2.132326	0.0001
0.001880	2.147462	2.011564	0.0001
0.001885	1.883395	1.519498	0.0001
0.001890	1.270890	0.745979	0.0001
0.001895	0.422982	-0.166011	0.0001
0.001900	-0.500922	-1.050305	0.0001
0.001905	-1.334979	-1.740092	0.0001
0.001910	-1.927513	-2.113324	0.0001
0.001915	-2.168069	-2.094968	0.0001
0.001920	-2.002868	-1.692753	0.0001
0.001925	-1.468943	-0.979458	0.0001
0.001930	-0.669666	-0.083894	0.0001
0.001935	0.251984	0.820046	0.0001
0.001940	1.126942	1.573278	0.0001
0.001945	1.792582	2.038937	0.0001
0.001950	2.124597	2.124919	0.0001
0.001955	2.068242	1.816090	0.0001
0.001960	1.626413	1.173636	0.0001
0.001965	0.882520	0.311237	0.0001
0.001970	-0.022064	-0.604616	0.0001
0.001975	-0.924391	-1.413876	0.0001
0.001980	-1.660872	-1.966800	0.0001
0.001985	-2.093358	-2.155187	0.0001
0.001990	-2.138442	-1.946190	0.0001
0.001995	-1.787108	-1.378775	0.0001
0.002000	-1.110202	-0.561464	0.0001
0.002005	-0.230739	0.357288	0.0001
0.002010	0.689623	1.212280	0.0001
0.002015	1.481821	1.841531	0.0001
0.002020	1.997716	2.130716	0.0001
0.002025	2.151326	2.022191	0.0001
0.002030	1.899818	1.543007	0.0001
0.002035	1.300195	0.777860	0.0001
0.002040	0.458727	-0.133808	0.0001
0.002045	-0.468397	-1.020356	0.0001
0.002050	-1.308894	-1.720770	0.0001
0.002055	-1.913021	-2.107205	0.0001
0.002060	-2.161628	-2.105273	0.0001
0.002065	-2.016071	-1.715939	0.0001
0.002070	-1.496638	-1.007153	0.0001
0.002075	-0.703157	-0.119961	0.0001
0.002080	0.218493	0.789775	0.0001
0.002085	1.098603	1.552668	0.0001
0.002090	1.773582	2.029920	0.0001
0.002095	2.123631	2.128462	0.0001
0.002100	2.076614	1.835090	0.0001
0.002105	1.647345	1.204551	0.0001
0.002110	0.915045	0.348271	0.0001
0.002115	0.011427	-0.572091	0.0001
0.002120	-0.892510	-1.388758	0.0001
0.002125	-1.636076	-1.950699	0.0001
0.002130	-2.081765	-2.155187	0.0001
0.002135	-2.142950	-1.962292	0.0001
0.002140	-1.807396	-1.407435	0.0001
0.002145	-1.140795	-0.593989	0.0001
0.002150	-0.264552	0.323797	0.0001
0.002155	0.654522	1.184585	0.0001
0.002160	1.454770	1.823819	0.0001
0.002165	1.984835	2.126208	0.0001
0.002170	2.148106	2.035716	0.0001
0.002175	1.914310	1.569091	0.0001
0.002180	1.327889	0.811029	0.0001
0.002185	0.492863	-0.097097	0.0001
0.002190	-0.432974	-0.988153	0.0001
0.002195	-1.279912	-1.697906	0.0001
0.002200	-1.894666	-2.097544	0.0001
0.002205	-2.161950	-2.113968	0.0001
0.002210	-2.028308	-1.733973	0.0001
0.002215	-1.521756	-1.040322	0.0001
0.002220	-0.737292	-0.153774	0.0001
0.002225	0.182103	0.755640	0.0001
0.002230	1.065756	1.524973	0.0001
0.002235	1.753938	2.015106	0.0001
0.002240	2.114614	2.132004	0.0001
0.002245	2.087564	1.851514	0.0001
0.002250	1.672464	1.233212	0.0001
0.002255	0.945316	0.382084	0.0001
0.002260	0.045562	-0.537956	0.0001
0.002265	-0.858053	-1.360419	0.0001
0.002270	-1.612246	-1.936530	0.0001
0.002275	-2.072104	-2.155509	0.0001
0.002280	-2.149391	-1.974851	0.0001
0.002285	-1.824785	-1.430944	0.0001
0.002290	-1.169456	-0.627480	0.0001
0.002295	-0.299976	0.290628	0.0001
0.002300	0.621031	1.154636	0.0001
0.002305	1.429651	1.806751	0.0001
0.002310	1.974208	2.120733	0.0001
0.002315	2.153258	2.046021	0.0001
0.002320	1.931700	1.592600	0.0001
0.002325	1.354618	0.841622	0.0001
0.002330	0.526354	-0.062640	0.0001
0.002335	-0.397873	-0.955950	0.0001
0.002340	-1.253827	-1.674720	0.0001
0.002345	-1.881785	-2.089171	0.0001
0.002350	-2.158408	-2.118798	0.0001
0.002355	-2.041189	-1.755227	0.0001
0.002360	-1.547196	-1.069305	0.0001
0.002365	-0.769495	-0.189197	0.0001
0.002370	0.145392	0.721505	0.0001
0.002375	1.035163	1.503075	0.0001
0.002380	1.732362	2.002547	0.0001
0.002385	2.111394	2.138123	0.0001
0.002390	2.094326	1.870836	0.0001
0.002395	1.692108	1.261229	0.0001
0.002400	0.978163	0.417830	0.0001
0.002405	0.083240	-0.504787	0.0001
0.002410	-0.828426	-1.334657	0.0001
0.002415	-1.590670	-1.921394	0.0001
0.002420	-2.061477	-2.151967	0.0001
0.002425	-2.153255	-1.990952	0.0001
0.002430	-1.846039	-1.458960	0.0001
0.002435	-1.200693	-0.662903	0.0001
0.002440	-0.334755	0.256170	0.0001
0.002445	0.590438	1.125010	0.0001
0.002450	1.403567	1.787429	0.0001
0.002455	1.960039	2.114936	0.0001
0.002460	2.153902	2.055360	0.0001
0.002465	1.945547	1.614176	0.0001
0.002470	1.381347	0.876401	0.0001
0.002475	0.559523	-0.026572	0.0001
0.002480	-0.364382	-0.926001	0.0001
0.002485	-1.222913	-1.655720	0.0001
0.002490	-1.859565	-2.081765	0.0001
0.002495	-2.152611	-2.125883	0.0001
0.002500	-2.050528	-1.775193	0.0001
0.002505	-1.571670	-1.100219	0.0001
0.002510	-0.802664	-0.222367	0.0001
0.002515	0.113189	0.689623	0.0001
0.002520	1.004892	1.477634	0.0001
0.002525	1.712074	1.991276	0.0001
0.002530	2.100767	2.137157	0.0001
0.002535	2.102377	1.888869	0.0001
0.002540	1.713040	1.288602	0.0001
0.002545	1.010044	0.451965	0.0001
0.002550	0.116731	-0.469363	0.0001
0.002555	-0.796224	-1.306640	0.0001
0.002560	-1.566518	-1.904971	0.0001
0.002565	-2.048274	-2.153577	0.0001
0.002570	-2.156153	-2.002223	0.0001
0.002575	-1.865683	-1.484722	0.0001
0.002580	-1.229031	-0.693818	0.0001
0.002585	-0.369212	0.222679	0.0001
0.002590	0.555981	1.095705	0.0001
0.002595	1.378770	1.765853	0.0001
0.002600	1.945225	2.109140	0.0001
0.002605	2.152292	2.062767	0.0001
0.002610	1.961005	1.637040	0.0001
0.002615	1.408397	0.908605	0.0001
0.002620	0.594302	0.004987	0.0001
0.002625	-0.327026	-0.892510	0.0001
0.002630	-1.193608	-1.631890	0.0001
0.002635	-1.840565	-2.070172	0.0001
0.002640	-2.151967	-2.130069	0.0001
0.002645	-2.063731	-1.796769	0.0001
0.002650	-1.596145	-1.130168	0.0001
0.002655	-0.833579	-0.256824	0.0001
0.002660	0.080986	0.658708	0.0001
0.002665	0.973977	1.453804	0.0001
0.002670	1.690819	1.977428	0.0001
0.002675	2.091428	2.140055	0.0001
0.002680	2.108174	1.902717	0.0001
0.002685	1.734616	1.315652	0.0001
0.002690	1.041603	0.485778	0.0001
0.002695	0.153121	-0.433940	0.0001
0.002700	-0.763054	-1.279268	0.0001
0.002705	-1.542688	-1.889835	0.0001
0.002710	-2.038291	-2.151001	0.0001
0.002715	-2.158730	-2.015749	0.0001
0.002720	-1.884039	-1.510485	0.0001
0.002725	-1.259302	-0.727631	0.0001
0.002730	-0.402703	0.185646	0.0001
0.002735	0.521523	1.068976	0.0001
0.002740	1.348821	1.747497	0.0001
0.002745	1.928801	2.107852	0.0001
0.002750	2.151970	2.075326	0.0001
0.002755	1.973886	1.657650	0.0001
0.002760	1.435770	0.937587	0.0001
0.002765	0.628116	0.041698	0.0001
0.002770	-0.293213	-0.862240	0.0001
0.002775	-1.164625	-1.609992	0.0001
0.002780	-1.822853	-2.060511	0.0001
0.002785	-2.146171	-2.135222	0.0001
0.002790	-2.073392	-1.818345	0.0001
0.002795	-1.618687	-1.160761	0.0001
0.002800	-0.867392	-0.293535	0.0001
0.002805	0.040088	0.624573	0.0001
0.002810	0.941774	1.426753	0.0001
0.002815	1.666989	1.967445	0.0001
0.002820	2.085309	2.141021	0.0001
0.002825	2.115580	1.918496	0.0001
0.002830	1.755548	1.342703	0.0001
0.002835	1.070908	0.519913	0.0001
0.002840	0.186612	-0.399805	0.0001
0.002845	-0.729241	-1.250285	0.0001
0.002850	-1.518213	-1.873090	0.0001
0.002855	-2.024766	-2.145849	0.0001
0.002860	-2.161628	-2.029596	0.0001
0.002865	-1.900462	-1.533993	0.0001
0.002870	-1.288285	-0.761444	0.0001
0.002875	-0.440381	0.152799	0.0001
0.002880	0.487388	1.035163	0.0001
0.002885	1.322093	1.725277	0.0001
0.002890	1.912056	2.097547	0.0001
0.002895	2.151326	2.081767	0.0001
0.002900	1.989988	1.680192	0.0001
0.002905	1.459600	0.970757	0.0001
0.002910	0.661929	0.076155	0.0001
0.002915	-0.258434	-0.829393	0.0001
0.002920	-1.132744	-1.583263	0.0001
0.002925	-1.803209	-2.052460	0.0001
0.002930	-2.141984	-2.140696	0.0001
0.002935	-2.086273	-1.833158	0.0001
0.002940	-1.643161	-1.192320	0.0001
0.002945	-0.899917	-0.328314	0.0001
0.002950	0.006597	0.590116	0.0001
0.002955	0.913113	1.400347	0.0001
0.002960	1.645413	1.949089	0.0001
0.002965	2.077581	2.143597	0.0001
0.002970	2.123953	1.937174	0.0001
0.002975	1.776802	1.369109	0.0001
0.002980	1.104400	0.552760	0.0001
0.002985	0.221713	-0.365026	0.0001
0.002990	-0.697360	-1.220658	0.0001
0.002995	-1.491485	-1.853124	0.0001
0.003000	-2.014783	-2.146493	0.0001
0.003005	-2.164848	-2.040223	0.0001
0.003010	-1.914309	-1.559755	0.0001
0.003015	-1.314369	-0.793969	0.0001
0.003020	-0.471940	0.116731	0.0001
0.003025	0.451643	1.004248	0.0001
0.003030	1.295686	1.705955	0.0001
0.003035	1.895954	2.092716	0.0001
0.003040	2.148106	2.089818	0.0001
0.003045	2.000937	1.703057	0.0001
0.003050	1.487617	0.998451	0.0001
0.003055	0.693810	0.111257	0.0001
0.003060	-0.225265	-0.796546	0.0001
0.003065	-1.106338	-1.561043	0.0001
0.003070	-1.785176	-2.040223	0.0001
0.003075	-2.133289	-2.140374	0.0001
0.003080	-2.092714	-1.852802	0.0001
0.003085	-1.664737	-1.218404	0.0001
0.003090	-0.931154	-0.361483	0.0001
0.003095	-0.028182	0.558879	0.0001
0.003100	0.878334	1.373618	0.0001
0.003105	1.621905	1.935886	0.0001
0.003110	2.065987	2.141021	0.0001
0.003115	2.128784	1.947479	0.0001
0.003120	1.794192	1.396804	0.0001
0.003125	1.130162	0.586574	0.0001
0.003130	0.257780	-0.332501	0.0001
0.003135	-0.665479	-1.191998	0.0001
0.003140	-1.467011	-1.834446	0.0001
0.003145	-1.998037	-2.139730	0.0001
0.003150	-2.163560	-2.048918	0.0001
0.003155	-1.930089	-1.584552	0.0001
0.003160	-1.342385	-0.825528	0.0001
0.003165	-0.506397	0.084206	0.0001
0.003170	0.417185	0.974299	0.0001
0.003175	1.267025	1.683735	0.0001
0.003180	1.881785	2.083055	0.0001
0.003185	2.147462	2.097869	0.0001
0.003190	2.015106	1.722057	0.0001
0.003195	1.511448	1.029366	0.0001
0.003200	0.727945	0.146358	0.0001
0.003205	-0.189841	-0.764021	0.0001
0.003210	-1.074135	-1.537857	0.0001
0.003215	-1.763922	-2.027664	0.0001
0.003220	-2.127171	-2.148747	0.0001
0.003225	-2.100764	-1.868903	0.0001
0.003230	-1.686957	-1.246743	0.0001
0.003235	-0.963357	-0.397229	0.0001
0.003240	-0.060707	0.524422	0.0001
0.003245	0.847741	1.348499	0.0001
0.003250	1.597752	1.922361	0.0001
0.003255	2.056326	2.140377	0.0001
0.003260	2.132004	1.964547	0.0001
0.003265	1.816412	1.423855	0.0001
0.003270	1.160755	0.620065	0.0001
0.003275	0.291594	-0.297399	0.0001
0.003280	-0.631666	-1.163015	0.0001
0.003285	-1.438672	-1.818023	0.0001
0.003290	-1.986122	-2.136188	0.0001
0.003295	-2.168391	-2.059867	0.0001
0.003300	-1.947479	-1.605805	0.0001
0.003305	-1.369758	-0.857731	0.0001
0.003310	-0.541498	0.048783	0.0001
0.003315	0.383694	0.941774	0.0001
0.003320	1.238687	1.662481	0.0001
0.003325	1.864395	2.074682	0.0001
0.003330	2.143275	2.104309	0.0001
0.003335	2.027665	1.743955	0.0001
0.003340	1.536888	1.060603	0.0001
0.003345	0.762402	0.181137	0.0001
0.003350	-0.151198	-0.730529	0.0001
0.003355	-1.043864	-1.511773	0.0001
0.003360	-1.744600	-2.015749	0.0001
0.003365	-2.121052	-2.149713	0.0001
0.003370	-2.110103	-1.887259	0.0001
0.003375	-1.708533	-1.276369	0.0001
0.003380	-0.994594	-0.430398	0.0001
0.003385	-0.096775	0.488998	0.0001
0.003390	0.812639	1.319839	0.0001
0.003395	1.575210	1.905293	0.0001
0.003400	2.044411	2.138123	0.0001
0.003405	2.137801	1.978394	0.0001
0.003410	1.832514	1.450584	0.0001
0.003415	1.190060	0.653556	0.0001
0.003420	0.326373	-0.262298	0.0001
0.003425	-0.598175	-1.133388	0.0001
0.003430	-1.412910	-1.795803	0.0001
0.003435	-1.971953	-2.130069	0.0001
0.003440	-2.167102	-2.070494	0.0001
0.003445	-1.964224	-1.628670	0.0001
0.003450	-1.396808	-0.890256	0.0001
0.003455	-0.574345	0.014326	0.0001
0.003460	0.349237	0.911181	0.0001
0.003465	1.210992	1.638006	0.0001
0.003470	1.844751	2.065665	0.0001
0.003475	2.141343	2.110428	0.0001
0.003480	2.037648	1.762955	0.0001
0.003485	1.559430	1.092162	0.0001
0.003490	0.793639	0.216561	0.0001
0.003495	-0.118995	-0.698004	0.0001
0.003500	-1.014237	-1.488909	0.0001
0.003505	-1.721736	-2.006088	0.0001
0.003510	-2.114290	-2.154543	0.0001
0.003515	-2.117832	-1.904649	0.0001
0.003520	-1.731075	-1.303098	0.0001
0.003525	-1.025187	-0.466465	0.0001
0.003530	-0.132520	0.454541	0.0001
0.003535	0.782368	1.292466	0.0001
0.003540	1.551702	1.889191	0.0001
0.003545	2.034106	2.138123	0.0001
0.003550	2.141665	1.989988	0.0001
0.003555	1.849903	1.474092	0.0001
0.003560	1.220653	0.685437	0.0001
0.003565	0.362118	-0.227197	0.0001
0.003570	-0.563074	-1.107626	0.0001
0.003575	-1.386181	-1.777447	0.0001
0.003580	-1.958105	-2.123306	0.0001
0.003585	-2.167102	-2.081121	0.0001
0.003590	-1.977749	-1.653788	0.0001
0.003595	-1.422571	-0.921171	0.0001
0.003600	-0.607192	-0.020132	0.0001
0.003605	0.315424	0.878334	0.0001
0.003610	1.179433	1.618040	0.0001
0.003615	1.828005	2.056970	0.0001
0.003620	2.135869	2.116225	0.0001
0.003625	2.048276	1.785497	0.0001
0.003630	1.583261	1.121467	0.0001
0.003635	0.826487	0.251662	0.0001
0.003640	-0.083894	-0.663225	0.0001
0.003645	-0.981713	-1.461858	0.0001
0.003650	-1.699516	-1.988698	0.0001
0.003655	-2.106561	-2.155509	0.0001
0.003660	-2.127171	-1.919784	0.0001
0.003665	-1.751041	-1.330470	0.0001
0.003670	-1.055135	-0.500600	0.0001
0.003675	-0.168910	0.421694	0.0001
0.003680	0.746945	1.265093	0.0001
0.003685	1.529481	1.872768	0.0001
0.003690	2.023157	2.135224	0.0001
0.003695	2.143597	2.002547	0.0001
0.003700	1.871158	1.500820	0.0001
0.003705	1.249636	0.718606	0.0001
0.003710	0.395609	-0.193384	0.0001
0.003715	-0.526363	-1.073813	0.0001
0.003720	-1.356877	-1.755227	0.0001
0.003725	-1.940716	-2.117188	0.0001
0.003730	-2.167425	-2.089815	0.0001
0.003735	-1.990308	-1.677296	0.0001
0.003740	-1.449943	-0.953052	0.0001
0.003745	-0.641649	-0.056843	0.0001
0.003750	0.278712	0.846130	0.0001
0.003755	1.151094	1.595176	0.0001
0.003760	1.810293	2.049242	0.0001
0.003765	2.131038	2.119767	0.0001
0.003770	2.060191	1.802243	0.0001
0.003775	1.607413	1.150772	0.0001
0.003780	0.858368	0.282899	0.0001
0.003785	-0.050402	-0.631022	0.0001
0.003790	-0.949832	-1.436418	0.0001
0.003795	-1.678906	-1.974529	0.0001
0.003800	-2.096256	-2.154543	0.0001
0.003805	-2.131679	-1.936530	0.0001
0.003810	-1.773261	-1.357843	0.0001
0.003815	-1.088304	-0.534413	0.0001
0.003820	-0.201757	0.385304	0.0001
0.003825	0.716030	1.236754	0.0001
0.003830	1.501787	1.856666	0.0001
0.003835	2.009310	2.131682	0.0001
0.003840	2.148106	2.016394	0.0001
0.003845	1.884683	1.524007	0.0001
0.003850	1.275076	0.753386	0.0001
0.003855	0.429745	-0.158605	0.0001
0.003860	-0.495770	-1.043864	0.0001
0.003865	-1.329826	-1.736549	0.0001
0.003870	-1.923970	-2.111713	0.0001
0.003875	-2.164526	-2.099476	0.0001
0.003880	-2.004478	-1.697906	0.0001
0.003885	-1.475384	-0.984611	0.0001
0.003890	-0.676751	-0.091300	0.0001
0.003895	0.245865	0.814249	0.0001
0.003900	1.119857	1.571023	0.0001
0.003905	1.789039	2.034750	0.0001
0.003910	2.126208	2.125886	0.0001
0.003915	2.069852	1.820921	0.0001
0.003920	1.631888	1.179755	0.0001
0.003925	0.890893	0.319932	0.0001
0.003930	-0.015945	-0.598175	0.0001
0.003935	-0.917629	-1.410334	0.0001
0.003940	-1.656042	-1.961648	0.0001
0.003945	-2.088205	-2.154221	0.0001
0.003950	-2.137476	-1.952631	0.0001
0.003955	-1.791938	-1.384571	0.0001
0.003960	-1.117609	-0.566294	0.0001
0.003965	-0.237824	0.353745	0.0001
0.003970	0.682217	1.207772	0.0001
0.003975	1.476024	1.837022	0.0001
0.003980	1.997072	2.130072	0.0001
0.003985	2.149716	2.026377	0.0001
0.003990	1.902717	1.548159	0.0001
0.003995	1.305669	0.783334	0.0001
0.004000	0.465490	-0.128978	0.0001
0.004005	-0.459380	-1.011983	0.0001
0.004010	-1.301166	-1.715939	0.0001
0.004015	-1.907869	-2.105595	0.0001
0.004020	-2.162594	-2.105917	0.0001
0.004025	-2.018647	-1.718194	0.0001
0.004030	-1.502434	-1.014237	0.0001
0.004035	-0.710564	-0.127046	0.0001
0.004040	0.211086	0.782046	0.0001
0.004045	1.091840	1.548159	0.0001
0.004050	1.769395	2.025411	0.0001
0.004055	2.120411	2.129428	0.0001
0.004060	2.080157	1.839920	0.0001
0.004065	1.654430	1.211314	0.0001
0.004070	0.923096	0.354390	0.0001
0.004075	0.020122	-0.564040	0.0001
0.004080	-0.888002	-1.381351	0.0001
0.004085	-1.633500	-1.949411	0.0001
0.004090	-2.079188	-2.154865	0.0001
0.004095	-2.142628	-1.964224	0.0001
0.004100	-1.813192	-1.412266	0.0001
0.004105	-1.146592	-0.601718	0.0001
0.004110	-0.270993	0.317034	0.0001
0.004115	0.649370	1.178145	0.0001
0.004120	1.452516	1.821887	0.0001
0.004125	1.985479	2.125563	0.0001
0.004130	2.150682	2.037004	0.0001
0.004135	1.918174	1.573600	0.0001
0.004140	1.332076	0.817148	0.0001
0.004145	0.498015	-0.090334	0.0001
0.004150	-0.426211	-0.982035	0.0001
0.004155	-1.274437	-1.692109	0.0001
0.004160	-1.892089	-2.097544	0.0001
0.004165	-2.161950	-2.113968	0.0001
0.004170	-2.030562	-1.739770	0.0001
0.004175	-1.525298	-1.043864	0.0001
0.004180	-0.743089	-0.160859	0.0001
0.004185	0.174053	0.750165	0.0001
0.004190	1.061569	1.524329	0.0001
0.004195	1.748785	2.013496	0.0001
0.004200	2.113648	2.133936	0.0001
0.004205	2.085953	1.856666	0.0001
0.004210	1.676650	1.237076	0.0001
0.004215	0.953689	0.389169	0.0001
0.004220	0.054257	-0.528939	0.0001
0.004225	-0.854833	-1.358487	0.0001
0.004230	-1.608704	-1.932021	0.0001
0.004235	-2.069528	-2.156798	0.0001
0.004240	-2.146815	-1.979359	0.0001
0.004245	-1.830904	-1.438350	0.0001
0.004250	-1.177506	-0.636175	0.0001
0.004255	-0.308671	0.283865	0.0001
0.004260	0.615878	1.150450	0.0001
0.004265	1.424499	1.801921	0.0001
0.004270	1.972598	2.119445	0.0001
0.004275	2.152936	2.047309	0.0001
0.004280	1.933632	1.595820	0.0001
0.004285	1.359126	0.849673	0.0001
0.004290	0.534083	-0.054589	0.0001
0.004295	-0.390788	-0.950476	0.0001
0.004300	-1.244811	-1.671821	0.0001
0.004305	-1.874700	-2.088527	0.0001
0.004310	-2.155509	-2.119120	0.0001
0.004315	-2.042477	-1.760702	0.0001
0.004320	-1.552027	-1.075745	0.0001
0.004325	-0.775936	-0.195316	0.0001
0.004330	0.139273	0.717318	0.0001
0.004335	1.030010	1.498566	0.0001
0.004340	1.729785	2.002869	0.0001
0.004345	2.108496	2.134258	0.0001
0.004350	2.097547	1.875022	0.0001
0.004355	1.695972	1.266703	0.0001
0.004360	0.985570	0.423626	0.0001
0.004365	0.089037	-0.497058	0.0001
0.004370	-0.822952	-1.329182	0.0001
0.004375	-1.584874	-1.916564	0.0001
0.004380	-2.059867	-2.152933	0.0001
0.004385	-2.151001	-1.990952	0.0001
0.004390	-1.851192	-1.463146	0.0001
0.004395	-1.206489	-0.669344	0.0001
0.004400	-0.341840	0.249408	0.0001
0.004405	0.583675	1.119213	0.0001
0.004410	1.399380	1.785175	0.0001
0.004415	1.954886	2.117191	0.0001
0.004420	2.152292	2.056326	0.0001
0.004425	1.950700	1.618684	0.0001
0.004430	1.387787	0.881876	0.0001
0.004435	0.566930	-0.020454	0.0001
0.004440	-0.356331	-0.917629	0.0001
0.004445	-1.216794	-1.650245	0.0001
0.004450	-1.858276	-2.079511	0.0001
0.004455	-2.153577	-2.124273	0.0001
0.004460	-2.053748	-1.777447	0.0001
0.004465	-1.574247	-1.109880	0.0001
0.004470	-0.807173	-0.231705	0.0001
0.004475	0.104494	0.684471	0.0001
0.004480	0.999095	1.472160	0.0001
0.004485	1.705955	1.987411	0.0001
0.004490	2.098835	2.137157	0.0001
0.004495	2.103987	1.890802	0.0001
0.004500	1.719480	1.291822	0.0001
0.004505	1.019061	0.458405	0.0001
0.004510	0.125104	-0.463567	0.0001
0.004515	-0.787529	-1.300522	0.0001
0.004520	-1.560721	-1.900462	0.0001
0.004525	-2.047308	-2.150357	0.0001
0.004530	-2.155831	-2.008664	0.0001
0.004535	-1.865683	-1.490841	0.0001
0.004540	-1.233218	-0.700581	0.0001
0.004545	-0.375975	0.217527	0.0001
0.004550	0.547930	1.090552	0.0001
0.004555	1.371042	1.763921	0.0001
0.004560	1.941039	2.110106	0.0001
0.004565	2.152292	2.065021	0.0001
0.004570	1.962293	1.641549	0.0001
0.004575	1.413872	0.914079	0.0001
0.004580	0.600743	0.014004	0.0001
0.004585	-0.321230	-0.887680	0.0001
0.004590	-1.187811	-1.627703	0.0001
0.004595	-1.838311	-2.069206	0.0001
0.004600	-2.147459	-2.130391	0.0001
0.004605	-2.064053	-1.798701	0.0001
0.004610	-1.598399	-1.134677	0.0001
0.004615	-0.840342	-0.265519	0.0001
0.004620	0.072291	0.650336	0.0001
0.004625	0.966570	1.447685	0.0001
0.004630	1.686633	1.974208	0.0001
0.004635	2.092394	2.139733	0.0001
0.004640	2.110750	1.908513	0.0001
0.004645	1.741379	1.321771	0.0001
0.004650	1.049332	0.493829	0.0001
0.004655	0.159561	-0.429754	0.0001
0.004660	-0.755970	-1.271539	0.0001
0.004665	-1.538179	-1.882751	0.0001
0.004670	-2.035070	-2.149069	0.0001
0.004675	-2.159374	-2.018969	0.0001
0.004680	-1.885327	-1.513061	0.0001
0.004685	-1.262844	-0.733428	0.0001
0.004690	-0.410110	0.179205	0.0001
0.004695	0.513151	1.060603	0.0001
0.004700	1.345601	1.744277	0.0001
0.004705	1.927191	2.104953	0.0001
0.004710	2.151326	2.074360	0.0001
0.004715	1.980005	1.664091	0.0001
0.004720	1.438346	0.944350	0.0001
0.004725	0.634234	0.048139	0.0001
0.004730	-0.285484	-0.853545	0.0001
0.004735	-1.158829	-1.604517	0.0001
0.004740	-1.818989	-2.058579	0.0001
0.004745	-2.144560	-2.135222	0.0001
0.004750	-2.074036	-1.818667	0.0001
0.004755	-1.623839	-1.163015	0.0001
0.004760	-0.873833	-0.300942	0.0001
0.004765	0.033969	0.616200	0.0001
0.004770	0.937909	1.421601	0.0001
0.004775	1.662803	1.964547	0.0001
0.004780	2.084987	2.141021	0.0001
0.004785	2.117513	1.922361	0.0001
0.004790	1.759412	1.347533	0.0001
0.004795	1.078315	0.526676	0.0001
0.004800	0.192730	-0.394653	0.0001
0.004805	-0.722479	-1.244489	0.0001
0.004810	-1.510807	-1.864717	0.0001
0.004815	-2.021867	-2.146815	0.0001
0.004820	-2.161628	-2.029274	0.0001
0.004825	-1.901428	-1.540434	0.0001
0.004830	-1.292471	-0.766275	0.0001
0.004835	-0.445533	0.143138	0.0001
0.004840	0.481914	1.030332	0.0001
0.004845	1.317584	1.723989	0.0001
0.004850	1.910446	2.096581	0.0001
0.004855	2.149716	2.082411	0.0001
0.004860	1.989988	1.685345	0.0001
0.004865	1.463143	0.976553	0.0001
0.004870	0.666437	0.084528	0.0001
0.004875	-0.252637	-0.822308	0.0001
0.004880	-1.129846	-1.583263	0.0001
0.004885	-1.799023	-2.048918	0.0001
0.004890	-2.139408	-2.143272	0.0001
0.004895	-2.082087	-1.836700	0.0001
0.004900	-1.645737	-1.197150	0.0001
0.004905	-0.903781	-0.337009	0.0001
0.004910	-0.000810	0.582065	0.0001
0.004915	0.904096	1.396160	0.0001
0.004920	1.641549	1.947801	0.0001
0.004925	2.075648	2.141021	0.0001
0.004930	2.124597	1.935242	0.0001
0.004935	1.780022	1.373618	0.0001
0.004940	1.106654	0.559201	0.0001
0.004945	0.229764	-0.359873	0.0001
0.004950	-0.689954	-1.216472	0.0001
0.004955	-1.487299	-1.848616	0.0001
0.004960	-2.009308	-2.141984	0.0001
0.004965	-2.162594	-2.040545	0.0001
0.004970	-1.918818	-1.561365	0.0001
0.004975	-1.320165	-0.799122	0.0001
0.004980	-0.478702	0.108358	0.0001
0.004985	0.446168	0.999417	0.0001
0.004990	1.289890	1.701769	0.0001
0.004995	1.893378	2.089818	0.0001
0.005000	2.148428	2.090784	0.0001
			
			
			
			
			
			
			
			
			
			
			
			
			
			
			
			
			
			
			
			
			
			
			
			
			
			
			
			
			
			
			
			
			
			
			
			
			
			
			
			
			
			
			
			
			
			
			
			
			
			
			
			
			
			
			
			
			
			
			
			
			
			
			
			
			
			
			
			
			
			
			
			
			
			
			
			
			
			
			
			
			
			
			
			
			
			
			
			
			
			
			
			
			
			
			
			
			
			
			
			
			
			
			
			
			
			
			
			
			
			
			
			
			
			
			
			
			
			
			
			
			
			
			
			
			
			
			
			
			
			
			
			
			
			
			
			
			
			
			
			
			
			
			
			
			
			
			
			
			
			
			
			
			
			
			
			
			
			
			
			
			
			
			
			
			
			
			
			
			
			
			
			
			
			
			
			
			
			
			
			
			
			
			
			
			
			
			
			
			
			
			
			
			
			
			
			
			
			
			
			
			
			
			
			
			
			
			
			
			
			
			
			
			
			
			
			
			
			
			
			
			
			
			
			
			
			
			
			
			
			
			
			
			
			
			
			
			
			
			
			
			
			
			
			
			
			
			
			
			
			
			
			
			
			
			
			
			
			
			
			
			
			
			
			
			
			
			
			
			
			
			
			
			
			
			
			
			
			
			
			
			
			
			
			
			
			
			
			
			
			
			
			
			
			
			
			
			
			
			
			
			
			
			
			
			
			
			
			
			