Time (s)	 V_IN     	 V_R      	 Colonna1
0       	 1.980971 	 2.123953 	   
0.000005	 2.152614 	 2.046987 	   
0.00001 	 1.947479 	 1.616752 	   
0.000015	 1.404533 	 0.907638 	   
0.00002 	 0.61459  	 0.036224 	   
0.000025	 -0.278722	 -0.841308	   
0.00003 	 -1.126304	 -1.571348	   
0.000035	 -1.7826  	 -2.037003	   
0.00004 	 -2.130391	 -2.147137	   
0.000045	 -2.108815	 -1.882751	   
0.00005 	 -1.721092	 -1.292793	   
0.000055	 -1.033881	 -0.480956	   
0.00006 	 -0.171486	 0.408491 	   
0.000065	 0.716996 	 1.230958 	   
0.00007 	 1.483753 	 1.839276 	   
0.000075	 1.99031  	 2.124919 	   
0.00008 	 2.15358  	 2.041513 	   
0.000085	 1.935564 	 1.603549 	   
0.00009 	 1.385533 	 0.886384 	   
0.000095	 0.593658 	 0.015614 	   
0.0001  	 -0.299976	 -0.861273	   
0.000105	 -1.145948	 -1.58906 	   
0.00011 	 -1.793549	 -2.043121	   
0.000115	 -2.132001	 -2.145204	   
0.00012 	 -2.101086	 -1.870836	   
0.000125	 -1.704668	 -1.276691	   
0.00013 	 -1.016492	 -0.45938 	   
0.000135	 -0.147012	 0.431999 	   
0.00014 	 0.740182 	 1.249958 	   
0.000145	 1.4976   	 1.850225 	   
0.00015 	 1.998683 	 2.127818 	   
0.000155	 2.149072 	 2.037326 	   
0.00016 	 1.928479 	 1.587447 	   
0.000165	 1.369431 	 0.865774 	   
0.00017 	 0.57337  	 -0.008539	   
0.000175	 -0.321874	 -0.881883	   
0.00018 	 -1.162049	 -1.604195	   
0.000185	 -1.809006	 -2.051494	   
0.00019 	 -2.139408	 -2.14295 	   
0.000195	 -2.09529 	 -1.861175	   
0.0002  	 -1.692753	 -1.25898 	   
0.000205	 -0.994594	 -0.440703	   
0.00021 	 -0.127368	 0.453575 	   
0.000215	 0.760792 	 1.267669 	   
0.00022 	 1.517244 	 1.860208 	   
0.000225	 2.006733 	 2.130394 	   
0.00023 	 2.15036  	 2.027988 	   
0.000235	 1.918174 	 1.5736   	   
0.00024 	 1.353008 	 0.84613  	   
0.000245	 0.550506 	 -0.031081	   
0.00025 	 -0.343772	 -0.902493	   
0.000255	 -1.184591	 -1.617076	   
0.00026 	 -1.820921	 -2.054392	   
0.000265	 -2.13973 	 -2.141018	   
0.00027 	 -2.091426	 -1.848938	   
0.000275	 -1.67794 	 -1.240946	   
0.00028 	 -0.97334 	 -0.416551	   
0.000285	 -0.103537	 0.476117 	   
0.00029 	 0.78108  	 1.286025 	   
0.000295	 1.532058 	 1.873412 	   
0.0003  	 2.015428 	 2.13297  	   
0.000305	 2.149394 	 2.022191 	   
0.00031 	 1.905615 	 1.558786 	   
0.000315	 1.335618 	 0.824876 	   
0.00032 	 0.530218 	 -0.053945	   
0.000325	 -0.36567 	 -0.923747	   
0.00033 	 -1.201337	 -1.633822	   
0.000335	 -1.83026 	 -2.064697	   
0.00034 	 -2.143272	 -2.136188	   
0.000345	 -2.084663	 -1.838955	   
0.00035 	 -1.661839	 -1.221302	   
0.000355	 -0.957238	 -0.394653	   
0.00036 	 -0.083572	 0.497049 	   
0.000365	 0.802334 	 1.302449 	   
0.00037 	 1.548481 	 1.881141 	   
0.000375	 2.022191 	 2.13458  	   
0.00038 	 2.14553  	 2.013174 	   
0.000385	 1.895954 	 1.542363 	   
0.00039 	 1.31855  	 0.803944 	   
0.000395	 0.507998 	 -0.076165	   
0.0004  	 -0.387568	 -0.941137	   
0.000405	 -1.221624	 -1.647025	   
0.00041 	 -1.844751	 -2.068562	   
0.000415	 -2.149713	 -2.133611	   
0.00042 	 -2.080799	 -1.827362	   
0.000425	 -1.648635	 -1.204879	   
0.00043 	 -0.936628	 -0.372754	   
0.000435	 -0.061352	 0.517659 	   
0.00044 	 0.824876 	 1.322415 	   
0.000445	 1.562329 	 1.892734 	   
0.00045 	 2.030564 	 2.136513 	   
0.000455	 2.145852 	 2.006733 	   
0.00046 	 1.886615 	 1.526261 	   
0.000465	 1.301483 	 0.783656 	   
0.00047 	 0.487066 	 -0.095809	   
0.000475	 -0.411076	 -0.958848	   
0.00048 	 -1.241268	 -1.660872	   
0.000485	 -1.85409 	 -2.074036	   
0.00049 	 -2.153255	 -2.130069	   
0.000495	 -2.073392	 -1.813836	   
0.0005  	 -1.634466	 -1.185879	   
0.000505	 -0.914408	 -0.351823	   
0.00051 	 -0.036233	 0.540845 	   
0.000515	 0.841944 	 1.33755  	   
0.00052 	 1.57682  	 1.903039 	   
0.000525	 2.036682 	 2.136513 	   
0.00053 	 2.141343 	 1.998038 	   
0.000535	 1.875988 	 1.512736 	   
0.00054 	 1.283127 	 0.763691 	   
0.000545	 0.465168 	 -0.117385	   
0.00055 	 -0.432008	 -0.98139 	   
0.000555	 -1.257692	 -1.67794 	   
0.00056 	 -1.868259	 -2.082731	   
0.000565	 -2.155187	 -2.128137	   
0.00057 	 -2.066307	 -1.803853	   
0.000575	 -1.620941	 -1.166879	   
0.00058 	 -0.894443	 -0.328958	   
0.000585	 -0.017233	 0.561455 	   
0.00059 	 0.862232 	 1.35494  	   
0.000595	 1.592278 	 1.91109  	   
0.0006  	 2.042157 	 2.138123 	   
0.000605	 2.141021 	 1.988055 	   
0.00061 	 1.862463 	 1.4976   	   
0.000615	 1.265415 	 0.742759 	   
0.00062 	 0.44327  	 -0.141859	   
0.000625	 -0.452296	 -1.000068	   
0.00063 	 -1.274759	 -1.688889	   
0.000635	 -1.878242	 -2.086917	   
0.00064 	 -2.157442	 -2.122984	   
0.000645	 -2.058579	 -1.790006	   
0.00065 	 -1.605483	 -1.148524	   
0.000655	 -0.874477	 -0.307704	   
0.00066 	 0.004987 	 0.582065 	   
0.000665	 0.883164 	 1.371686 	   
0.00067 	 1.607091 	 1.922039 	   
0.000675	 2.050208 	 2.138123 	   
0.00068 	 2.137157 	 1.983547 	   
0.000685	 1.85248  	 1.479566 	   
0.00069 	 1.245449 	 0.721505 	   
0.000695	 0.420406 	 -0.161825	   
0.0007  	 -0.476126	 -1.020356	   
0.000705	 -1.295047	 -1.702736	   
0.00071 	 -1.886615	 -2.092392	   
0.000715	 -2.156798	 -2.11912 	   
0.00072 	 -2.051816	 -1.780989	   
0.000725	 -1.59067 	 -1.130812	   
0.00073 	 -0.855477	 -0.287095	   
0.000735	 0.027529 	 0.603319 	   
0.00074 	 0.902486 	 1.389075 	   
0.000745	 1.619972 	 1.932344 	   
0.00075 	 2.060191 	 2.140699 	   
0.000755	 2.136191 	 1.97453  	   
0.00076 	 1.842175 	 1.464753 	   
0.000765	 1.227738 	 0.702183 	   
0.00077 	 0.399796 	 -0.184367	   
0.000775	 -0.49738 	 -1.040322	   
0.00078 	 -1.311471	 -1.716261	   
0.000785	 -1.900784	 -2.099154	   
0.00079 	 -2.159052	 -2.111391	   
0.000795	 -2.045375	 -1.766176	   
0.0008  	 -1.575213	 -1.110524	   
0.000805	 -0.836155	 -0.26423 	   
0.00081 	 0.048783 	 0.624895 	   
0.000815	 0.924706 	 1.404855 	   
0.00082 	 1.63865  	 1.940073 	   
0.000825	 2.063733 	 2.139411 	   
0.00083 	 2.13297  	 1.965835 	   
0.000835	 1.830581 	 1.448651 	   
0.00084 	 1.209382 	 0.680285 	   
0.000845	 0.377898 	 -0.204655	   
0.00085 	 -0.519278	 -1.060288	   
0.000855	 -1.328538	 -1.727855	   
0.00086 	 -1.910767	 -2.102697	   
0.000865	 -2.162272	 -2.109137	   
0.00087 	 -2.037003	 -1.751685	   
0.000875	 -1.559111	 -1.090881	   
0.00088 	 -0.811037	 -0.241366	   
0.000885	 0.074223 	 0.645827 	   
0.00089 	 0.943706 	 1.420957 	   
0.000895	 1.652498 	 1.950056 	   
0.0009  	 2.07114  	 2.140055 	   
0.000905	 2.129428 	 1.955852 	   
0.00091 	 1.819954 	 1.433194 	   
0.000915	 1.192636 	 0.660319 	   
0.00092 	 0.357288 	 -0.227841	   
0.000925	 -0.54021 	 -1.079609	   
0.00093 	 -1.346572	 -1.742024	   
0.000935	 -1.918818	 -2.106239	   
0.00094 	 -2.16356 	 -2.107205	   
0.000945	 -2.029274	 -1.740736	   
0.00095 	 -1.545264	 -1.072525	   
0.000955	 -0.791715	 -0.219146	   
0.00096 	 0.097409 	 0.667403 	   
0.000965	 0.964638 	 1.438024 	   
0.00097 	 1.664091 	 1.95875  	   
0.000975	 2.07436  	 2.139411 	   
0.00098 	 2.12653  	 1.945225 	   
0.000985	 1.805785 	 1.41516  	   
0.00099 	 1.170738 	 0.637776 	   
0.000995	 0.331847 	 -0.250705	   
0.001   	 -0.56082 	 -1.097321	   
0.001005	 -1.363639	 -1.756193	   
0.00101 	 -1.932665	 -2.111713	   
0.001015	 -2.163882	 -2.10012 	   
0.00102 	 -2.023155	 -1.723668	   
0.001025	 -1.526586	 -1.052237	   
0.00103 	 -0.771427	 -0.198214	   
0.001035	 0.115765 	 0.688013 	   
0.00104 	 0.983638 	 1.456702 	   
0.001045	 1.680836 	 1.969056 	   
0.00105 	 2.081767 	 2.139733 	   
0.001055	 2.122343 	 1.936208 	   
0.00106 	 1.794192 	 1.398092 	   
0.001065	 1.15206  	 0.617167 	   
0.00107 	 0.310271 	 -0.271959	   
0.001075	 -0.584972	 -1.115999	   
0.00108 	 -1.381673	 -1.77004 	   
0.001085	 -1.93975 	 -2.11751 	   
0.00109 	 -2.166136	 -2.09207 	   
0.001095	 -2.013495	 -1.713363	   
0.0011  	 -1.511773	 -1.034525	   
0.001105	 -0.750495	 -0.175028	   
0.00111 	 0.138951 	 0.708945 	   
0.001115	 1.003282 	 1.471838 	   
0.00112 	 1.69404  	 1.977428 	   
0.001125	 2.087242 	 2.139089 	   
0.00113 	 2.119123 	 1.927191 	   
0.001135	 1.784209 	 1.381347 	   
0.00114 	 1.134026 	 0.594946 	   
0.001145	 0.288051 	 -0.293857	   
0.00115 	 -0.605582	 -1.136609	   
0.001155	 -1.397775	 -1.780989	   
0.00116 	 -1.950699	 -2.119764	   
0.001165	 -2.164526	 -2.089171	   
0.00117 	 -2.006088	 -1.698228	   
0.001175	 -1.493739	 -1.013593	   
0.00118 	 -0.729563	 -0.154418	   
0.001185	 0.158273 	 0.730843 	   
0.00119 	 1.023248 	 1.487295 	   
0.001195	 1.706599 	 1.985801 	   
0.0012  	 2.094004 	 2.138767 	   
0.001205	 2.113648 	 1.91753  	   
0.00121 	 1.769073 	 1.365245 	   
0.001215	 1.115349 	 0.57337  	   
0.00122 	 0.268085 	 -0.315433	   
0.001225	 -0.62587 	 -1.15432 	   
0.00123 	 -1.41452 	 -1.794515	   
0.001235	 -1.963902	 -2.124273	   
0.00124 	 -2.166458	 -2.085307	   
0.001245	 -1.996427	 -1.687601	   
0.00125 	 -1.479892	 -0.994272	   
0.001255	 -0.708631	 -0.13252 	   
0.00126 	 0.182747 	 0.749843 	   
0.001265	 1.041603 	 1.503397 	   
0.00127 	 1.72109  	 1.992886 	   
0.001275	 2.097547 	 2.136835 	   
0.00128 	 2.11236  	 1.910124 	   
0.001285	 1.758124 	 1.347855 	   
0.00129 	 1.096671 	 0.554693 	   
0.001295	 0.245543 	 -0.337331	   
0.0013  	 -0.648734	 -1.172354	   
0.001305	 -1.432554	 -1.809006	   
0.00131 	 -1.969054	 -2.124595	   
0.001315	 -2.165492	 -2.079188	   
0.00132 	 -1.988376	 -1.670211	   
0.001325	 -1.463146	 -0.975594	   
0.00133 	 -0.6877  	 -0.108368	   
0.001335	 0.203357 	 0.769809 	   
0.00134 	 1.062213 	 1.517244 	   
0.001345	 1.73204  	 2.000937 	   
0.00135 	 2.104631 	 2.133292 	   
0.001355	 2.105919 	 1.89692  	   
0.00136 	 1.743311 	 1.330144 	   
0.001365	 1.079281 	 0.53215  	   
0.00137 	 0.223001 	 -0.359229	   
0.001375	 -0.667412	 -1.191032	   
0.00138 	 -1.446723	 -1.818023	   
0.001385	 -1.978393	 -2.132323	   
0.00139 	 -2.166458	 -2.073392	   
0.001395	 -1.979037	 -1.659584	   
0.0014  	 -1.447689	 -0.956594	   
0.001405	 -0.667734	 -0.088402	   
0.00141 	 0.226221 	 0.794284 	   
0.001415	 1.081535 	 1.53399  	   
0.00142 	 1.745887 	 2.010598 	   
0.001425	 2.10753  	 2.13458  	   
0.00143 	 2.102699 	 1.889513 	   
0.001435	 1.728497 	 1.31372  	   
0.00144 	 1.058671 	 0.50993  	   
0.001445	 0.200459 	 -0.379839	   
0.00145 	 -0.690598	 -1.208099	   
0.001455	 -1.466045	 -1.83026 	   
0.00146 	 -1.987732	 -2.135222	   
0.001465	 -2.169679	 -2.066951	   
0.00147 	 -1.968732	 -1.643161	   
0.001475	 -1.429655	 -0.936306	   
0.00148 	 -0.645514	 -0.066504	   
0.001485	 0.247797 	 0.811995 	   
0.00149 	 1.099247 	 1.549125 	   
0.001495	 1.757802 	 2.013496 	   
0.0015  	 2.110106 	 2.131038 	   
0.001505	 2.097225 	 1.87792  	   
0.00151 	 1.715294 	 1.296974 	   
0.001515	 1.039027 	 0.489642 	   
0.00152 	 0.179205 	 -0.401415	   
0.001525	 -0.712174	 -1.226133	   
0.00153 	 -1.481502	 -1.840887	   
0.001535	 -1.994495	 -2.134255	   
0.00154 	 -2.167102	 -2.063087	   
0.001545	 -1.958105	 -1.629636	   
0.00155 	 -1.41452 	 -0.915374	   
0.001555	 -0.623938	 -0.042996	   
0.00156 	 0.271628 	 0.831961 	   
0.001565	 1.118569 	 1.562651 	   
0.00157 	 1.769395 	 2.025411 	   
0.001575	 2.116225 	 2.132004 	   
0.00158 	 2.092072 	 1.867937 	   
0.001585	 1.702735 	 1.278619 	   
0.00159 	 1.019061 	 0.466134 	   
0.001595	 0.159883 	 -0.425245	   
0.0016  	 -0.733106	 -1.244489	   
0.001605	 -1.499858	 -1.852158	   
0.00161 	 -2.004156	 -2.139408	   
0.001615	 -2.16517 	 -2.055358	   
0.00162 	 -1.949411	 -1.613212	   
0.001625	 -1.39552 	 -0.894765	   
0.00163 	 -0.60204 	 -0.02142 	   
0.001635	 0.29417  	 0.853215 	   
0.00164 	 1.139501 	 1.579718 	   
0.001645	 1.782921 	 2.029276 	   
0.00165 	 2.120733 	 2.128784 	   
0.001655	 2.088208 	 1.854734 	   
0.00166 	 1.687599 	 1.262517 	   
0.001665	 0.998773 	 0.444236 	   
0.00167 	 0.133799 	 -0.445533	   
0.001675	 -0.755648	 -1.260912	   
0.00168 	 -1.513383	 -1.863107	   
0.001685	 -2.014461	 -2.142306	   
0.00169 	 -2.16356 	 -2.050206	   
0.001695	 -1.93975 	 -1.599043	   
0.0017  	 -1.375232	 -0.875121	   
0.001705	 -0.579498	 0.002732 	   
0.00171 	 0.315102 	 0.874469 	   
0.001715	 1.157535 	 1.59582  	   
0.00172 	 1.79548  	 2.039259 	   
0.001725	 2.125241 	 2.126852 	   
0.00173 	 2.081445 	 1.846361 	   
0.001735	 1.67826  	 1.241907 	   
0.00174 	 0.980095 	 0.425558 	   
0.001745	 0.114155 	 -0.466787	   
0.00175 	 -0.773037	 -1.283454	   
0.001755	 -1.529807	 -1.875022	   
0.00176 	 -2.020579	 -2.143594	   
0.001765	 -2.161628	 -2.042799	   
0.00177 	 -1.929445	 -1.583585	   
0.001775	 -1.362995	 -0.854833	   
0.00178 	 -0.560176	 0.023986 	   
0.001785	 0.33539  	 0.892825 	   
0.00179 	 1.174602 	 1.608057 	   
0.001795	 1.810615 	 2.043123 	   
0.0018  	 2.126208 	 2.124597 	   
0.001805	 2.07597  	 1.834124 	   
0.00181 	 1.662481 	 1.224839 	   
0.001815	 0.959807 	 0.402372 	   
0.00182 	 0.089037 	 -0.489651	   
0.001825	 -0.793325	 -1.298911	   
0.00183 	 -1.545264	 -1.884683	   
0.001835	 -2.029274	 -2.145527	   
0.00184 	 -2.162916	 -2.034426	   
0.001845	 -1.919462	 -1.571026	   
0.00185 	 -1.343674	 -0.834223	   
0.001855	 -0.537634	 0.046851 	   
0.00186 	 0.359542 	 0.913757 	   
0.001865	 1.195212 	 1.624803 	   
0.00187 	 1.821565 	 2.049564 	   
0.001875	 2.131038 	 2.120733 	   
0.00188 	 2.068886 	 1.821887 	   
0.001885	 1.648633 	 1.207128 	   
0.00189 	 0.940164 	 0.380152 	   
0.001895	 0.067461 	 -0.510261	   
0.0019  	 -0.816511	 -1.315979	   
0.001905	 -1.562654	 -1.896276	   
0.00191 	 -2.03346 	 -2.148425	   
0.001915	 -2.15873 	 -2.027664	   
0.00192 	 -1.909801	 -1.551705	   
0.001925	 -1.327572	 -0.813291	   
0.00193 	 -0.516058	 0.068105 	   
0.001935	 0.37983  	 0.933401 	   
0.00194 	 1.211958 	 1.63865  	   
0.001945	 1.832836 	 2.056004 	   
0.00195 	 2.133292 	 2.118801 	   
0.001955	 2.062767 	 1.810938 	   
0.00196 	 1.634464 	 1.189416 	   
0.001965	 0.92052  	 0.357932 	   
0.00197 	 0.044274 	 -0.529583	   
0.001975	 -0.836477	 -1.335945	   
0.00198 	 -1.578755	 -1.905615	   
0.001985	 -2.044731	 -2.149391	   
0.00199 	 -2.16034 	 -2.019291	   
0.001995	 -1.89692 	 -1.538823	   
0.002   	 -1.310827	 -0.793647	   
0.002005	 -0.495126	 0.092257 	   
0.00201 	 0.402372 	 0.952723 	   
0.002015	 1.231602 	 1.653464 	   
0.00202 	 1.844751 	 2.062445 	   
0.002025	 2.136513 	 2.11397  	   
0.00203 	 2.057937 	 1.7987   	   
0.002035	 1.619328 	 1.170738 	   
0.00204 	 0.899266 	 0.336356 	   
0.002045	 0.023664 	 -0.555667	   
0.00205 	 -0.856121	 -1.352046	   
0.002055	 -1.591636	 -1.917852	   
0.00206 	 -2.056324	 -2.150679	   
0.002065	 -2.158086	 -2.010274	   
0.00207 	 -1.888547	 -1.521434	   
0.002075	 -1.293115	 -0.771105	   
0.00208 	 -0.471618	 0.108358 	   
0.002085	 0.423948 	 0.973011 	   
0.00209 	 1.248992 	 1.666345 	   
0.002095	 1.85409  	 2.068564 	   
0.0021  	 2.139411 	 2.11075  	   
0.002105	 2.051174 	 1.788395 	   
0.00211 	 1.603871 	 1.153992 	   
0.002115	 0.878334 	 0.315424 	   
0.00212 	 -0.002742	 -0.573701	   
0.002125	 -0.877053	 -1.368792	   
0.00213 	 -1.604517	 -1.929445	   
0.002135	 -2.060189	 -2.153255	   
0.00214 	 -2.156153	 -2.00319 	   
0.002145	 -1.879852	 -1.505976	   
0.00215 	 -1.274759	 -0.751461	   
0.002155	 -0.449398	 0.131545 	   
0.00216 	 0.445524 	 0.992333 	   
0.002165	 1.266703 	 1.678904 	   
0.00217 	 1.867937 	 2.075004 	   
0.002175	 2.141987 	 2.106242 	   
0.00218 	 2.042157 	 1.775836 	   
0.002185	 1.590023 	 1.131772 	   
0.00219 	 0.859656 	 0.294492 	   
0.002195	 -0.01981 	 -0.596887	   
0.0022  	 -0.896697	 -1.386503	   
0.002205	 -1.620619	 -1.937818	   
0.00221 	 -2.065019	 -2.151645	   
0.002215	 -2.155187	 -1.996749	   
0.00222 	 -1.866327	 -1.491485	   
0.002225	 -1.256726	 -0.728919	   
0.00223 	 -0.428788	 0.154731 	   
0.002235	 0.468388 	 1.011332 	   
0.00224 	 1.287957 	 1.691141 	   
0.002245	 1.874378 	 2.079835 	   
0.00225 	 2.141665 	 2.103665 	   
0.002255	 2.037004 	 1.761989 	   
0.00226 	 1.574566 	 1.113094 	   
0.002265	 0.838724 	 0.270662 	   
0.00227 	 -0.042352	 -0.619751	   
0.002275	 -0.917307	 -1.403249	   
0.00228 	 -1.636076	 -1.945868	   
0.002285	 -2.073714	 -2.155187	   
0.00229 	 -2.151645	 -1.984834	   
0.002295	 -1.8557  	 -1.476028	   
0.0023  	 -1.236438	 -0.708631	   
0.002305	 -0.407534	 0.175985 	   
0.00231 	 0.490931 	 1.032909 	   
0.002315	 1.302127 	 1.704023 	   
0.00232 	 1.886293 	 2.085631 	   
0.002325	 2.146174 	 2.102055 	   
0.00233 	 2.026699 	 1.751039 	   
0.002335	 1.558464 	 1.096671 	   
0.00234 	 0.820368 	 0.251018 	   
0.002345	 -0.061996	 -0.638751	   
0.00235 	 -0.938883	 -1.420317	   
0.002355	 -1.651534	 -1.957461	   
0.00236 	 -2.079188	 -2.155509	   
0.002365	 -2.147781	 -1.977105	   
0.00237 	 -1.841209	 -1.457672	   
0.002375	 -1.218726	 -0.68931 	   
0.00238 	 -0.384992	 0.198849 	   
0.002385	 0.510896 	 1.051586 	   
0.00239 	 1.31855  	 1.719158 	   
0.002395	 1.898208 	 2.090784 	   
0.0024  	 2.146818 	 2.095292 	   
0.002405	 2.022191 	 1.736226 	   
0.00241 	 1.545583 	 1.076061 	   
0.002415	 0.799758 	 0.22751  	   
0.00242 	 -0.085826	 -0.661615	   
0.002425	 -0.960459	 -1.434808	   
0.00243 	 -1.664415	 -1.965834	   
0.002435	 -2.087561	 -2.152289	   
0.00244 	 -2.145204	 -1.969699	   
0.002445	 -1.831226	 -1.442215	   
0.00245 	 -1.199404	 -0.667734	   
0.002455	 -0.363738	 0.222679 	   
0.00246 	 0.53215  	 1.070264 	   
0.002465	 1.336262 	 1.733328 	   
0.00247 	 1.909157 	 2.093682 	   
0.002475	 2.14875  	 2.09014  	   
0.00248 	 2.012852 	 1.724955 	   
0.002485	 1.528837 	 1.057383 	   
0.00249 	 0.776572 	 0.204001 	   
0.002495	 -0.108046	 -0.681581	   
0.0025  	 -0.97817 	 -1.450909	   
0.002505	 -1.678906	 -1.974207	   
0.00251 	 -2.092714	 -2.153899	   
0.002515	 -2.140052	 -1.96036 	   
0.00252 	 -1.821243	 -1.428045	   
0.002525	 -1.180083	 -0.646802	   
0.00253 	 -0.343128	 0.242323 	   
0.002535	 0.555337 	 1.089908 	   
0.00254 	 1.35494  	 1.744277 	   
0.002545	 1.919462 	 2.097547 	   
0.00255 	 2.150038 	 2.085953 	   
0.002555	 2.005445 	 1.709497 	   
0.00256 	 1.515634 	 1.038383 	   
0.002565	 0.756928 	 0.185324 	   
0.00257 	 -0.129944	 -0.701547	   
0.002575	 -0.999746	 -1.467977	   
0.00258 	 -1.692431	 -1.985156	   
0.002585	 -2.096578	 -2.153577	   
0.00259 	 -2.137476	 -1.951343	   
0.002595	 -1.805464	 -1.408724	   
0.0026  	 -1.162693	 -0.624904	   
0.002605	 -0.318331	 0.264221 	   
0.00261 	 0.576591 	 1.109552 	   
0.002615	 1.372974 	 1.758446 	   
0.00262 	 1.926869 	 2.102055 	   
0.002625	 2.150682 	 2.081123 	   
0.00263 	 1.996428 	 1.698548 	   
0.002635	 1.496634 	 1.018095 	   
0.00264 	 0.735996 	 0.163104 	   
0.002645	 -0.149588	 -0.722479	   
0.00265 	 -1.01778 	 -1.483756	   
0.002655	 -1.705957	 -1.99063 	   
0.00266 	 -2.101086	 -2.151001	   
0.002665	 -2.132645	 -1.940072	   
0.00267 	 -1.794193	 -1.391012	   
0.002675	 -1.142405	 -0.603328	   
0.00268 	 -0.295145	 0.286763 	   
0.002685	 0.597845 	 1.126298 	   
0.00269 	 1.389719 	 1.768429 	   
0.002695	 1.939106 	 2.108174 	   
0.0027  	 2.151648 	 2.077903 	   
0.002705	 1.987733 	 1.685667 	   
0.00271 	 1.480855 	 0.998451 	   
0.002715	 0.714098 	 0.138629 	   
0.00272 	 -0.175028	 -0.744699	   
0.002725	 -1.03839 	 -1.498892	   
0.00273 	 -1.721092	 -2.001257	   
0.002735	 -2.108815	 -2.152289	   
0.00274 	 -2.129747	 -1.929445	   
0.002745	 -1.780989	 -1.373944	   
0.00275 	 -1.123083	 -0.580786	   
0.002755	 -0.272925	 0.307373 	   
0.00276 	 0.620387 	 1.144975 	   
0.002765	 1.405499 	 1.783243 	   
0.00277 	 1.948445 	 2.109784 	   
0.002775	 2.152614 	 2.072106 	   
0.00278 	 1.979039 	 1.668921 	   
0.002785	 1.466363 	 0.980417 	   
0.00279 	 0.695742 	 0.118985 	   
0.002795	 -0.197248	 -0.764021	   
0.0028  	 -1.057067	 -1.516281	   
0.002805	 -1.732685	 -2.00641 	   
0.00281 	 -2.112358	 -2.153255	   
0.002815	 -2.126205	 -1.922038	   
0.00282 	 -1.765532	 -1.358165	   
0.002825	 -1.107626	 -0.562108	   
0.00283 	 -0.253925	 0.331525 	   
0.002835	 0.642607 	 1.164941 	   
0.00284 	 1.420957 	 1.795802 	   
0.002845	 1.956174 	 2.11236  	   
0.00285 	 2.151326 	 2.064055 	   
0.002855	 1.969378 	 1.655396 	   
0.00286 	 1.448007 	 0.96013  	   
0.002865	 0.6732   	 0.093545 	   
0.00287 	 -0.220434	 -0.784308	   
0.002875	 -1.076389	 -1.532061	   
0.00288 	 -1.749431	 -2.015105	   
0.002885	 -2.11912 	 -2.147459	   
0.00289 	 -2.11912 	 -1.911733	   
0.002895	 -1.754261	 -1.341419	   
0.0029  	 -1.087982	 -0.539888	   
0.002905	 -0.232994	 0.351169 	   
0.00291 	 0.660319 	 1.183297 	   
0.002915	 1.438668 	 1.807073 	   
0.00292 	 1.968089 	 2.118157 	   
0.002925	 2.152614 	 2.059547 	   
0.00293 	 1.964225 	 1.643159 	   
0.002935	 1.429651 	 0.94274  	   
0.00294 	 0.65259  	 0.072613 	   
0.002945	 -0.241366	 -0.804274	   
0.00295 	 -1.095711	 -1.547518	   
0.002955	 -1.759091	 -2.022511	   
0.00296 	 -2.121696	 -2.149069	   
0.002965	 -2.118154	 -1.902394	   
0.00297 	 -1.742346	 -1.32242 	   
0.002975	 -1.067372	 -0.520244	   
0.00298 	 -0.209807	 0.372423 	   
0.002985	 0.682861 	 1.201975 	   
0.00299 	 1.45638  	 1.819954 	   
0.002995	 1.976784 	 2.119445 	   
0.003   	 2.151326 	 2.051496 	   
0.003005	 1.950378 	 1.629955 	   
0.00301 	 1.414516 	 0.919554 	   
0.003015	 0.629404 	 0.049749 	   
0.00302 	 -0.263908	 -0.825206	   
0.003025	 -1.115677	 -1.563298	   
0.00303 	 -1.771329	 -2.032494	   
0.003035	 -2.130069	 -2.148747	   
0.00304 	 -2.109459	 -1.890801	   
0.003045	 -1.728177	 -1.307606	   
0.00305 	 -1.050949	 -0.496736	   
0.003055	 -0.185333	 0.393677 	   
0.00306 	 0.704115 	 1.217433 	   
0.003065	 1.471194 	 1.830581 	   
0.00307 	 1.986123 	 2.123953 	   
0.003075	 2.154224 	 2.045699 	   
0.00308 	 1.945547 	 1.61482  	   
0.003085	 1.39938  	 0.901198 	   
0.00309 	 0.608472 	 0.028173 	   
0.003095	 -0.285162	 -0.846782	   
0.0031  	 -1.1321  	 -1.575535	   
0.003105	 -1.787108	 -2.038291	   
0.00311 	 -2.130713	 -2.145204	   
0.003115	 -2.106561	 -1.879208	   
0.00312 	 -1.713041	 -1.288607	   
0.003125	 -1.029695	 -0.475482	   
0.00313 	 -0.165689	 0.416219 	   
0.003135	 0.724403 	 1.235466 	   
0.00314 	 1.490193 	 1.841209 	   
0.003145	 1.992886 	 2.123953 	   
0.00315 	 2.148106 	 2.040547 	   
0.003155	 1.934598 	 1.598396 	   
0.00316 	 1.381347 	 0.879622 	   
0.003165	 0.588184 	 0.007563 	   
0.00317 	 -0.305772	 -0.864816	   
0.003175	 -1.152388	 -1.594212	   
0.00318 	 -1.799989	 -2.046019	   
0.003185	 -2.1349  	 -2.14456 	   
0.00319 	 -2.10012 	 -1.865361	   
0.003195	 -1.701448	 -1.271217	   
0.0032  	 -1.009407	 -0.452296	   
0.003205	 -0.141215	 0.439084 	   
0.00321 	 0.744691 	 1.255754 	   
0.003215	 1.503075 	 1.851514 	   
0.00322 	 2.000293 	 2.127818 	   
0.003225	 2.149716 	 2.032496 	   
0.00323 	 1.922361 	 1.583905 	   
0.003235	 1.364279 	 0.859334 	   
0.00324 	 0.564998 	 -0.014657	   
0.003245	 -0.329602	 -0.88768 	   
0.00325 	 -1.168812	 -1.609026	   
0.003255	 -1.812226	 -2.051816	   
0.00326 	 -2.137798	 -2.140696	   
0.003265	 -2.094968	 -1.855056	   
0.00327 	 -1.690177	 -1.252539	   
0.003275	 -0.988153	 -0.431364	   
0.00328 	 -0.119639	 0.459372 	   
0.003285	 0.766911 	 1.273466 	   
0.00329 	 1.519498 	 1.863751 	   
0.003295	 2.010276 	 2.130394 	   
0.0033  	 2.14875  	 2.026377 	   
0.003305	 1.912378 	 1.570701 	   
0.00331 	 1.346567 	 0.840012 	   
0.003315	 0.545998 	 -0.036877	   
0.00332 	 -0.348924	 -0.907324	   
0.003325	 -1.189422	 -1.623517	   
0.00333 	 -1.825429	 -2.060511	   
0.003335	 -2.14134 	 -2.138764	   
0.00334 	 -2.091104	 -1.845717	   
0.003345	 -1.672788	 -1.234828	   
0.00335 	 -0.967865	 -0.412042	   
0.003355	 -0.098385	 0.483524 	   
0.00336 	 0.786877 	 1.288602 	   
0.003365	 1.535922 	 1.874378 	   
0.00337 	 2.016716 	 2.13297  	   
0.003375	 2.14875  	 2.018971 	   
0.00338 	 1.903683 	 1.552668 	   
0.003385	 1.329822 	 0.817792 	   
0.00339 	 0.523778 	 -0.058775	   
0.003395	 -0.373721	 -0.9289  	   
0.0034  	 -1.206811	 -1.63672 	   
0.003405	 -1.835412	 -2.064375	   
0.00341 	 -2.146815	 -2.134255	   
0.003415	 -2.082087	 -1.836056	   
0.00342 	 -1.660228	 -1.21615 	   
0.003425	 -0.950476	 -0.387568	   
0.00343 	 -0.073589	 0.505422 	   
0.003435	 0.807487 	 1.307923 	   
0.00344 	 1.55138  	 1.884039 	   
0.003445	 2.024123 	 2.13297  	   
0.00345 	 2.146818 	 2.01253  	   
0.003455	 1.892734 	 1.538176 	   
0.00346 	 1.314686 	 0.797182 	   
0.003465	 0.502524 	 -0.082928	   
0.00347 	 -0.394975	 -0.947577	   
0.003475	 -1.227099	 -1.65089 	   
0.00348 	 -1.848616	 -2.071782	   
0.003485	 -2.146815	 -2.133289	   
0.00349 	 -2.0779  	 -1.821887	   
0.003495	 -1.645415	 -1.198438	   
0.0035  	 -0.929866	 -0.366636	   
0.003505	 -0.053623	 0.525388 	   
0.00351 	 0.827453 	 1.325313 	   
0.003515	 1.566837 	 1.8937   	   
0.00352 	 2.031208 	 2.136513 	   
0.003525	 2.143275 	 2.005767 	   
0.00353 	 1.883395 	 1.524651 	   
0.003535	 1.292788 	 0.778504 	   
0.00354 	 0.479659 	 -0.105148	   
0.003545	 -0.418483	 -0.966899	   
0.00355 	 -1.242556	 -1.665703	   
0.003555	 -1.860209	 -2.077578	   
0.00356 	 -2.151967	 -2.129103	   
0.003565	 -2.068239	 -1.810294	   
0.00357 	 -1.631246	 -1.180727	   
0.003575	 -0.909256	 -0.343772	   
0.00358 	 -0.029793	 0.546964 	   
0.003585	 0.848385 	 1.341093 	   
0.00359 	 1.582295 	 1.904971 	   
0.003595	 2.042157 	 2.135224 	   
0.0036  	 2.141987 	 1.997072 	   
0.003605	 1.87148  	 1.507583 	   
0.00361 	 1.276364 	 0.757894 	   
0.003615	 0.458727 	 -0.128334	   
0.00362 	 -0.440381	 -0.986221	   
0.003625	 -1.264132	 -1.679872	   
0.00363 	 -1.870514	 -2.081443	   
0.003635	 -2.153255	 -2.127493	   
0.00364 	 -2.064053	 -1.800955	   
0.003645	 -1.617721	 -1.160439	   
0.00365 	 -0.889934	 -0.323484	   
0.003655	 -0.010149	 0.568862 	   
0.00366 	 0.870283 	 1.360737 	   
0.003665	 1.596464 	 1.913666 	   
0.00367 	 2.046987 	 2.137479 	   
0.003675	 2.138767 	 1.988055 	   
0.00368 	 1.859564 	 1.492448 	   
0.003685	 1.258975 	 0.737606 	   
0.00369 	 0.435541 	 -0.147334	   
0.003695	 -0.460347	 -1.005221	   
0.0037  	 -1.280234	 -1.693719	   
0.003705	 -1.882751	 -2.090137	   
0.00371 	 -2.156153	 -2.122984	   
0.003715	 -2.053426	 -1.787108	   
0.00372 	 -1.600009	 -1.141761	   
0.003725	 -0.869646	 -0.301586	   
0.00373 	 0.011427 	 0.589794 	   
0.003735	 0.888639 	 1.376838 	   
0.00374 	 1.610633 	 1.924293 	   
0.003745	 2.051174 	 2.137479 	   
0.00375 	 2.137479 	 1.980327 	   
0.003755	 1.848615 	 1.47538  	   
0.00376 	 1.241263 	 0.71603  	   
0.003765	 0.413643 	 -0.166977	   
0.00377 	 -0.482245	 -1.027763	   
0.003775	 -1.299234	 -1.706279	   
0.00378 	 -1.890157	 -2.094646	   
0.003785	 -2.158086	 -2.118154	   
0.00379 	 -2.048274	 -1.774549	   
0.003795	 -1.586162	 -1.12405 	   
0.0038  	 -0.84807 	 -0.278722	   
0.003805	 0.033003 	 0.60815  	   
0.00381 	 0.908282 	 1.394872 	   
0.003815	 1.626735 	 1.934276 	   
0.00382 	 2.058903 	 2.139411 	   
0.003825	 2.13458  	 1.970022 	   
0.00383 	 1.83831  	 1.461211 	   
0.003835	 1.222585 	 0.695098 	   
0.00384 	 0.393677 	 -0.190486	   
0.003845	 -0.502855	 -1.047085	   
0.00385 	 -1.314691	 -1.720448	   
0.003855	 -1.902716	 -2.100764	   
0.00386 	 -2.159052	 -2.112358	   
0.003865	 -2.043443	 -1.761024	   
0.00387 	 -1.570382	 -1.103762	   
0.003875	 -0.829071	 -0.255536	   
0.00388 	 0.057156 	 0.63198  	   
0.003885	 0.929215 	 1.41033  	   
0.00389 	 1.639294 	 1.943615 	   
0.003895	 2.067276 	 2.138767 	   
0.0039  	 2.13136  	 1.962937 	   
0.003905	 1.828005 	 1.445109 	   
0.00391 	 1.203263 	 0.673522 	   
0.003915	 0.369525 	 -0.212062	   
0.00392 	 -0.527329	 -1.062864	   
0.003925	 -1.334657	 -1.734939	   
0.00393 	 -1.915598	 -2.103663	   
0.003935	 -2.161306	 -2.109459	   
0.00394 	 -2.033782	 -1.747498	   
0.003945	 -1.554281	 -1.085728	   
0.00395 	 -0.806206	 -0.234282	   
0.003955	 0.080342 	 0.651946 	   
0.00396 	 0.950147 	 1.426431 	   
0.003965	 1.653464 	 1.952954 	   
0.00397 	 2.072106 	 2.138445 	   
0.003975	 2.129106 	 1.952632 	   
0.00398 	 1.815124 	 1.427075 	   
0.003985	 1.184585 	 0.653234 	   
0.00399 	 0.350203 	 -0.233316	   
0.003995	 -0.548261	 -1.085728	   
0.004   	 -1.352046	 -1.747498	   
0.004005	 -1.925258	 -2.111391	   
0.00401 	 -2.162916	 -2.104629	   
0.004015	 -2.02702 	 -1.733651	   
0.00402 	 -1.539789	 -1.065762	   
0.004025	 -0.785275	 -0.212062	   
0.00403 	 0.101596 	 0.671912 	   
0.004035	 0.970112 	 1.444143 	   
0.00404 	 1.668599 	 1.960683 	   
0.004045	 2.07597  	 2.139411 	   
0.00405 	 2.124275 	 1.942327 	   
0.004055	 1.803209 	 1.409685 	   
0.00406 	 1.165585 	 0.632624 	   
0.004065	 0.326695 	 -0.255214	   
0.00407 	 -0.567905	 -1.10344 	   
0.004075	 -1.368148	 -1.761024	   
0.00408 	 -1.934275	 -2.113646	   
0.004085	 -2.16678 	 -2.09851 	   
0.00409 	 -2.018969	 -1.721414	   
0.004095	 -1.522722	 -1.046118	   
0.0041  	 -0.764665	 -0.191774	   
0.004105	 0.122206 	 0.694776 	   
0.00411 	 0.991044 	 1.460889 	   
0.004115	 1.684057 	 1.970988 	   
0.00412 	 2.084987 	 2.138767 	   
0.004125	 2.123309 	 1.935886 	   
0.00413 	 1.790327 	 1.393584 	   
0.004135	 1.149162 	 0.610082 	   
0.00414 	 0.305763 	 -0.277112	   
0.004145	 -0.588514	 -1.123083	   
0.00415 	 -1.384571	 -1.771651	   
0.004155	 -1.944258	 -2.118154	   
0.00416 	 -2.167102	 -2.09529 	   
0.004165	 -2.010918	 -1.710143	   
0.00417 	 -1.507587	 -1.027763	   
0.004175	 -0.744377	 -0.169232	   
0.00418 	 0.14507  	 0.715386 	   
0.004185	 1.008112 	 1.474092 	   
0.00419 	 1.697904 	 1.978716 	   
0.004195	 2.089496 	 2.137801 	   
0.0042  	 2.116869 	 1.924615 	   
0.004205	 1.77809  	 1.376838 	   
0.00421 	 1.126942 	 0.588828 	   
0.004215	 0.283865 	 -0.299332	   
0.00422 	 -0.608802	 -1.139185	   
0.004225	 -1.402283	 -1.787752	   
0.00423 	 -1.951343	 -2.120086	   
0.004235	 -2.165814	 -2.09046 	   
0.00424 	 -2.000291	 -1.696618	   
0.004245	 -1.491807	 -1.008441	   
0.00425 	 -0.725055	 -0.147012	   
0.004255	 0.166002 	 0.735996 	   
0.00426 	 1.029366 	 1.49116  	   
0.004265	 1.712396 	 1.989022 	   
0.00427 	 2.094648 	 2.138445 	   
0.004275	 2.114292 	 1.916242 	   
0.00428 	 1.764887 	 1.360415 	   
0.004285	 1.110518 	 0.56693  	   
0.00429 	 0.261323 	 -0.320586	   
0.004295	 -0.633599	 -1.161405	   
0.0043  	 -1.420317	 -1.796769	   
0.004305	 -1.964224	 -2.126205	   
0.00431 	 -2.166458	 -2.086273	   
0.004315	 -1.991274	 -1.680838	   
0.00432 	 -1.474095	 -0.988153	   
0.004325	 -0.701225	 -0.125758	   
0.00433 	 0.18951  	 0.756284 	   
0.004335	 1.049654 	 1.506295 	   
0.00434 	 1.721735 	 1.994174 	   
0.004345	 2.099157 	 2.136513 	   
0.00435 	 2.10914  	 1.905937 	   
0.004355	 1.752972 	 1.341737 	   
0.00436 	 1.090552 	 0.546964 	   
0.004365	 0.238781 	 -0.344416	   
0.00437 	 -0.654853	 -1.178795	   
0.004375	 -1.435774	 -1.809006	   
0.00438 	 -1.972597	 -2.128137	   
0.004385	 -2.167747	 -2.078866	   
0.00439 	 -1.98258 	 -1.666991	   
0.004395	 -1.456062	 -0.970441	   
0.0044  	 -0.680937	 -0.101605	   
0.004405	 0.211086 	 0.778826 	   
0.00441 	 1.069942 	 1.522397 	   
0.004415	 1.738158 	 2.004801 	   
0.00442 	 2.103343 	 2.135547 	   
0.004425	 2.107208 	 1.89531  	   
0.00443 	 1.739768 	 1.325635 	   
0.004435	 1.069942 	 0.52571  	   
0.00444 	 0.217205 	 -0.366636	   
0.004445	 -0.674496	 -1.195862	   
0.00445 	 -1.452197	 -1.824785	   
0.004455	 -1.98258 	 -2.130391	   
0.00446 	 -2.168069	 -2.07307 	   
0.004465	 -1.974207	 -1.653466	   
0.00447 	 -1.440604	 -0.948866	   
0.004475	 -0.661293	 -0.080673	   
0.00448 	 0.233628 	 0.798792 	   
0.004485	 1.086688 	 1.53882  	   
0.00449 	 1.750073 	 2.013174 	   
0.004495	 2.109462 	 2.132004 	   
0.0045  	 2.099801 	 1.885005 	   
0.004505	 1.724633 	 1.307601 	   
0.00451 	 1.053197 	 0.503168 	   
0.004515	 0.194662 	 -0.389178	   
0.00452 	 -0.69736 	 -1.213896	   
0.004525	 -1.469909	 -1.8367  	   
0.00453 	 -1.98902 	 -2.1349  	   
0.004535	 -2.16678 	 -2.065985	   
0.00454 	 -1.966478	 -1.639941	   
0.004545	 -1.424825	 -0.9289  	   
0.00455 	 -0.637141	 -0.058775	   
0.004555	 0.255204 	 0.818758 	   
0.00456 	 1.10601  	 1.553312 	   
0.004565	 1.764565 	 2.020259 	   
0.00457 	 2.113004 	 2.133614 	   
0.004575	 2.095292 	 1.874378 	   
0.00458 	 1.713684 	 1.28989  	   
0.004585	 1.033231 	 0.482558 	   
0.00459 	 0.172442 	 -0.408822	   
0.004595	 -0.717648	 -1.233218	   
0.0046  	 -1.486333	 -1.845717	   
0.004605	 -1.998359	 -2.136188	   
0.00461 	 -2.168069	 -2.058901	   
0.004615	 -1.956817	 -1.622873	   
0.00462 	 -1.405503	 -0.909578	   
0.004625	 -0.618463	 -0.035911	   
0.00463 	 0.27839  	 0.840334 	   
0.004635	 1.125332 	 1.568447 	   
0.00464 	 1.777124 	 2.025089 	   
0.004645	 2.117835 	 2.12975  	   
0.00465 	 2.089818 	 1.864073 	   
0.004655	 1.699192 	 1.27411  	   
0.00466 	 1.013909 	 0.461948 	   
0.004665	 0.148934 	 -0.431364	   
0.00467 	 -0.73858 	 -1.251573	   
0.004675	 -1.503078	 -1.853768	   
0.00468 	 -2.008342	 -2.143916	   
0.004685	 -2.164204	 -2.05246 	   
0.00469 	 -1.945224	 -1.608704	   
0.004695	 -1.39069 	 -0.888002	   
0.0047  	 -0.596887	 -0.013691	   
0.004705	 0.301255 	 0.8603   	   
0.00471 	 1.145298 	 1.586481 	   
0.004715	 1.788717 	 2.033462 	   
0.00472 	 2.121699 	 2.12653  	   
0.004725	 2.085953 	 1.853446 	   
0.00473 	 1.686311 	 1.256398 	   
0.004735	 0.996519 	 0.437795 	   
0.00474 	 0.127036 	 -0.452618	   
0.004745	 -0.759834	 -1.270251	   
0.00475 	 -1.518213	 -1.868581	   
0.004755	 -2.017359	 -2.14456 	   
0.00476 	 -2.162594	 -2.046664	   
0.004765	 -1.937174	 -1.594534	   
0.00477 	 -1.376199	 -0.869002	   
0.004775	 -0.574667	 0.008207 	   
0.00478 	 0.322187 	 0.88091  	   
0.004785	 1.163653 	 1.599362 	   
0.00479 	 1.80031  	 2.035716 	   
0.004795	 2.123309 	 2.124919 	   
0.0048  	 2.079835 	 1.841853 	   
0.004805	 1.674718 	 1.237399 	   
0.00481 	 0.974943 	 0.418474 	   
0.004815	 0.106104 	 -0.474516	   
0.00482 	 -0.780444	 -1.286996	   
0.004825	 -1.533349	 -1.879852	   
0.00483 	 -2.02702 	 -2.144882	   
0.004835	 -2.161628	 -2.037969	   
0.00484 	 -1.927513	 -1.581009	   
0.004845	 -1.353979	 -0.848392	   
0.00485 	 -0.553413	 0.030749 	   
0.004855	 0.344085 	 0.900232 	   
0.00486 	 1.180721 	 1.613532 	   
0.004865	 1.814802 	 2.045055 	   
0.00487 	 2.128462 	 2.124275 	   
0.004875	 2.073394 	 1.829937 	   
0.00488 	 1.656362 	 1.220331 	   
0.004885	 0.954011 	 0.393677 	   
0.00489 	 0.083562 	 -0.497058	   
0.004895	 -0.800088	 -1.305674	   
0.0049  	 -1.551382	 -1.891767	   
0.004905	 -2.030884	 -2.146493	   
0.00491 	 -2.160662	 -2.033138	   
0.004915	 -1.916886	 -1.564586	   
0.00492 	 -1.339487	 -0.826172	   
0.004925	 -0.531193	 0.053613 	   
0.00493 	 0.365661 	 0.917943 	   
0.004935	 1.200043 	 1.627057 	   
0.00494 	 1.824141 	 2.054394 	   
0.004945	 2.132648 	 2.119445 	   
0.00495 	 2.066631 	 1.818988 	   
0.004955	 1.642193 	 1.201331 	   
0.00496 	 0.934689 	 0.373067 	   
0.004965	 0.058766 	 -0.517668	   
0.00497 	 -0.82102 	 -1.320809	   
0.004975	 -1.566196	 -1.900462	   
0.00498 	 -2.038935	 -2.147781	   
0.004985	 -2.160984	 -2.025088	   
0.00499 	 -1.908191	 -1.548806	   
0.004995	 -1.32242 	 -0.805562	   
0.005   	 -0.509617	 0.074867 	   
        	          	          	    
        	          	          	    
        	          	          	    
        	          	          	    
        	          	          	    
        	          	          	    
        	          	          	    
        	          	          	    
        	          	          	    
        	          	          	    
        	          	          	    
        	          	          	    
        	          	          	    
        	          	          	    
        	          	          	    
        	          	          	    
        	          	          	    
        	          	          	    
        	          	          	    
        	          	          	    
        	          	          	    
        	          	          	    
        	          	          	    
        	          	          	    
        	          	          	    
        	          	          	    
        	          	          	    
        	          	          	    
        	          	          	    
        	          	          	    
        	          	          	    
        	          	          	    
        	          	          	    
        	          	          	    
        	          	          	    
        	          	          	    
        	          	          	    
        	          	          	    
        	          	          	    
        	          	          	    
        	          	          	    
        	          	          	    
        	          	          	    
        	          	          	    
        	          	          	    
        	          	          	    
        	          	          	    
        	          	          	    
        	          	          	    
        	          	          	    
        	          	          	    
        	          	          	    
        	          	          	    
        	          	          	    
        	          	          	    
        	          	          	    
        	          	          	    
        	          	          	    
        	          	          	    
        	          	          	    
        	          	          	    
        	          	          	    
        	          	          	    
        	          	          	    
        	          	          	    
        	          	          	    
        	          	          	    
        	          	          	    
        	          	          	    
        	          	          	    
        	          	          	    
        	          	          	    
        	          	          	    
        	          	          	    
        	          	          	    
        	          	          	    
        	          	          	    
        	          	          	    
        	          	          	    
        	          	          	    
        	          	          	    
        	          	          	    
        	          	          	    
        	          	          	    
        	          	          	    
        	          	          	    
        	          	          	    
        	          	          	    
        	          	          	    
        	          	          	    
        	          	          	    
        	          	          	    
        	          	          	    
        	          	          	    
        	          	          	    
        	          	          	    
        	          	          	    
        	          	          	    
        	          	          	    
        	          	          	    
        	          	          	    
        	          	          	    
        	          	          	    
        	          	          	    
        	          	          	    
        	          	          	    
        	          	          	    
        	          	          	    
        	          	          	    
        	          	          	    
        	          	          	    
        	          	          	    
        	          	          	    
        	          	          	    
        	          	          	    
        	          	          	    
        	          	          	    
        	          	          	    
        	          	          	    
        	          	          	    
        	          	          	    
        	          	          	    
        	          	          	    
        	          	          	    
        	          	          	    
        	          	          	    
        	          	          	    
        	          	          	    
        	          	          	    
        	          	          	    
        	          	          	    
        	          	          	    
        	          	          	    
        	          	          	    
        	          	          	    
        	          	          	    
        	          	          	    
        	          	          	    
        	          	          	    
        	          	          	    
        	          	          	    
        	          	          	    
        	          	          	    
        	          	          	    
        	          	          	    
        	          	          	    
        	          	          	    
        	          	          	    
        	          	          	    
        	          	          	    
        	          	          	    
        	          	          	    
        	          	          	    
        	          	          	    
        	          	          	    
        	          	          	    
        	          	          	    
        	          	          	    
        	          	          	    
        	          	          	    
        	          	          	    
        	          	          	    
        	          	          	    
        	          	          	    
        	          	          	    
        	          	          	    
        	          	          	    
        	          	          	    
        	          	          	    
        	          	          	    
        	          	          	    
        	          	          	    
        	          	          	    
        	          	          	    
        	          	          	    
        	          	          	    
        	          	          	    
        	          	          	    
        	          	          	    
        	          	          	    
        	          	          	    
        	          	          	    
        	          	          	    
        	          	          	    
        	          	          	    
        	          	          	    
        	          	          	    
        	          	          	    
        	          	          	    
        	          	          	    
        	          	          	    
        	          	          	    
        	          	          	    
        	          	          	    
        	          	          	    
        	          	          	    
        	          	          	    
        	          	          	    
        	          	          	    
        	          	          	    
        	          	          	    
        	          	          	    
        	          	          	    
        	          	          	    
        	          	          	    
        	          	          	    
        	          	          	    
        	          	          	    
        	          	          	    
        	          	          	    
        	          	          	    
        	          	          	    
        	          	          	    
        	          	          	    
        	          	          	    
        	          	          	    
        	          	          	    
        	          	          	    
        	          	          	    
        	          	          	    
        	          	          	    
        	          	          	    
        	          	          	    
        	          	          	    
        	          	          	    
        	          	          	    
        	          	          	    
        	          	          	    
        	          	          	    
        	          	          	    
        	          	          	    
        	          	          	    
        	          	          	    
        	          	          	    
        	          	          	    
        	          	          	    
        	          	          	    
        	          	          	    
        	          	          	    
        	          	          	    
        	          	          	    
        	          	          	    
        	          	          	    
        	          	          	    
        	          	          	    
        	          	          	    
        	          	          	    
        	          	          	    
        	          	          	    
        	          	          	    
        	          	          	    
        	          	          	    
        	          	          	    
        	          	          	    
        	          	          	    
        	          	          	    
        	          	          	    
        	          	          	    
        	          	          	    
        	          	          	    
        	          	          	    
        	          	          	    
        	          	          	    
        	          	          	    
        	          	          	    
        	          	          	    
        	          	          	    
        	          	          	    
        	          	          	    
        	          	          	    
        	          	          	    
        	          	          	    
        	          	          	    
        	          	          	    
        	          	          	    
        	          	          	    
        	          	          	    
        	          	          	    
        	          	          	    
        	          	          	    
        	          	          	    
        	          	          	    
        	          	          	    
        	          	          	    
        	          	          	    
        	          	          	    
        	          	          	    
        	          	          	    
        	          	          	    
        	          	          	    
        	          	          	    
        	          	          	    
        	          	          	    
        	          	          	    
        	          	          	    
        	          	          	    
        	          	          	    
        	          	          	    
        	          	          	    
        	          	          	    
        	          	          	    
        	          	          	    
        	          	          	    
        	          	          	    
        	          	          	    
        	          	          	    
        	          	          	    
        	          	          	    
        	          	          	    