   2224.973823	 74.235183  	 74.999568  	   0.0001
   2224.959196	 -109.696334	 -108.941279	   0.0001
   2240.054993	 86.522582  	 87.289596  	   0.0001
   2240.040845	 -103.945428	 -103.199393	   0.0001
   2254.948259	 69.160488  	 69.919716  	   0.0001
   2254.949996	 131.822484 	 132.580865 	   0.0001
   2270.039864	 -102.097759	 -101.323736	   0.0001
   2270.046144	 104.475201 	 105.24631  	   0.0001
   2270.048082	 37.761185  	 38.532371  	   0.0001
   2285.140834	 -132.681505	 -131.90481 	   0.0001
   2285.131004	 -164.596369	 -163.817542	   0.0001
   2300.033261	 -47.453087 	 -46.677124 	   0.0001
   2300.030672	 58.828487  	 59.602877  	   0.0001
   2315.130141	 104.876108 	 105.659226 	   0.0001
   2315.12322 	 -130.607825	 -129.827516	   0.0001
   2315.120767	 -6.093276  	 -5.308575  	   0.0001
   2330.02239 	 175.886977 	 176.670164 	   0.0001
   2330.028449	 27.340905  	 28.125278  	   0.0001
   2345.104032	 105.936591 	 106.714188 	   0.0001
   2345.100169	 -81.800344 	 -81.021423 	   0.0001
   2360.003367	 -67.216936 	 -66.427414 	   0.0001
   2360.012641	 132.688254 	 133.477679 	   0.0001
   2375.097499	 -141.94542 	 -141.151694	   0.0001
   2375.098993	 113.090505 	 113.874707 	   0.0001
   2389.995868	 -55.085619 	 -54.297743 	   0.0001
   2389.997679	 92.212033  	 93.002472  	   0.0001
   2405.097082	 -18.156148 	 -17.329003 	   0.0001
   2405.083178	 -59.800069 	 -59.009901 	   0.0001
   2419.985111	 84.399418  	 85.206616  	   0.0001
   2419.994413	 105.588342 	 106.391602 	   0.0001
   2419.995202	 -175.974918	 -175.166049	   0.0001
   2435.080015	 -135.021558	 -134.219249	   0.0001
   2435.073379	 -90.484624 	 -89.681856 	   0.0001
   2449.973714	 18.380548  	 19.194821  	   0.0001
   2449.982997	 -159.503689	 -158.692329	   0.0001
   2465.0674  	 92.223036  	 93.039744  	   0.0001
   2465.065588	 119.317067 	 120.123342 	   0.0001
   2479.979592	 -132.920372	 -132.095838	   0.0001
   2479.968242	 110.841168 	 111.658549 	   0.0001
   2495.050603	 19.800119  	 20.616768  	   0.0001
   2495.064412	 179.913901 	 -179.256343	   0.0001
   2495.06254 	 102.329705 	 103.149478 	   0.0001
   2509.960244	 -158.250711	 -157.427353	   0.0001
   2509.956877	 -57.747568 	 -56.919134 	   0.0001
   2525.041274	 114.629921 	 115.45194  	   0.0001
   2525.045794	 40.041016  	 40.871434  	   0.0001
   2540.128547	 85.505113  	 86.338064  	   0.0001
   2540.128218	 162.958828 	 163.790314 	   0.0001
   2555.039514	 -43.457585 	 -42.623475 	   0.0001
   2555.03248 	 -5.641664  	 -4.816061  	   0.0001
   2570.126799	 -136.414645	 -135.582866	   0.0001
   2570.125225	 170.907034 	 171.753595 	   0.0001
   2570.121339	 -86.932615 	 -86.097954 	   0.0001
   2585.016533	 24.536262  	 25.380342  	   0.0001
   2585.019083	 156.057126 	 156.90035  	   0.0001
   2600.116388	 -49.824456 	 -48.97797  	   0.0001
   2600.114852	 -14.562187 	 -13.722398 	   0.0001
   2615.010994	 -76.322905 	 -75.485508 	   0.0001
   2615.011725	 25.513456  	 26.351824  	   0.0001
   2630.106176	 -135.640649	 -134.785188	   0.0001
   2630.103368	 140.50346  	 141.35179  	   0.0001
   2644.996529	 -177.9586  	 -177.110984	   0.0001
   2645.002298	 106.661515 	 107.510875 	   0.0001
   2660.087681	 -74.129276 	 -73.282694 	   0.0001
   2660.094325	 -113.023216	 -112.16526 	   0.0001
   2660.086927	 85.260695  	 86.110203  	   0.0001
   2674.987792	 116.833156 	 117.686473 	   0.0001
   2674.98912 	 -165.939625	 -165.079604	   0.0001
   2690.076478	 83.254855  	 84.110342  	   0.0001
   2690.079518	 132.88407  	 133.74028  	   0.0001
   2704.980938	 -100.76791 	 -99.900084 	   0.0001
   2704.975736	 175.715386 	 176.57426  	   0.0001
   2720.069026	 -144.571214	 -143.717593	   0.0001
   2720.066316	 -47.269428 	 -46.410547 	   0.0001
   2734.966079	 111.268463 	 112.141138 	   0.0001
   2734.966683	 131.791304 	 132.663342 	   0.0001
   2750.05073 	 155.843267 	 156.698393 	   0.0001
   2750.05547 	 108.989942 	 109.852309 	   0.0001
   2764.958393	 -42.827922 	 -41.956996 	   0.0001
   2764.963286	 -61.82538  	 -60.953251 	   0.0001
   2780.041539	 148.975467 	 149.851175 	   0.0001
   2780.060956	 -79.839179 	 -78.949344 	   0.0001
   2795.132066	 170.999077 	 171.868081 	   0.0001
   2795.128258	 -55.235627 	 -54.377291 	   0.0001
   2810.035546	 168.378086 	 169.244747 	   0.0001
   2810.03811 	 -170.234436	 -169.360691	   0.0001
   2811.295137	 -163.06442 	 -162.191698	   0.0001
   2825.129735	 7.720199   	 8.602398   	   0.0001
   2825.123718	 -92.329604 	 -91.449956 	   0.0001
   2840.030206	 23.125107  	 24.009914  	   0.0001
   2840.025835	 157.199811 	 158.08149  	   0.0001
   2855.11317 	 -78.734655 	 -77.856365 	   0.0001
   2855.117037	 -64.621101 	 -63.737441 	   0.0001
   2870.009549	 -75.459223 	 -74.582533 	   0.0001
   2870.013131	 -15.510454 	 -14.630721 	   0.0001
   2885.103116	 -131.567768	 -130.681258	   0.0001
   2885.094996	 111.169507 	 112.065985 	   0.0001
   2900.002084	 -111.230676	 -110.342488	   0.0001
   2900.004961	 -99.766421 	 -98.876947 	   0.0001
   2900.750044	 71.675389  	 72.568889  	   0.0001
   2915.084452	 -157.436003	 -156.558367	   0.0001
   2915.09389 	 -169.672358	 -168.776678	   0.0001
   2929.996235	 32.386729  	 33.286595  	   0.0001
   2929.98817 	 139.480375 	 140.370032 	   0.0001
   2945.073194	 -33.880925 	 -32.989063 	   0.0001
   2945.081216	 3.006176   	 3.902228   	   0.0001
   2959.969662	 17.734018  	 18.6236    	   0.0001
   2959.977347	 177.757608 	 178.6577   	   0.0001
   2975.054312	 87.869607  	 88.761517  	   0.0001
   2975.071464	 137.704625 	 138.599785 	   0.0001
   2975.064499	 17.808967  	 18.699336  	   0.0001
   2989.974115	 168.460406 	 169.371952 	   0.0001
   2989.97192 	 -76.175508 	 -75.266407 	   0.0001
   3005.072967	 89.081905  	 90.006922  	   0.0001
   3005.048083	 -78.071871 	 -77.189935 	   0.0001
   3020.142033	 22.808055  	 23.706351  	   0.0001
   3020.135766	 -157.629489	 -156.726511	   0.0001
   3035.045671	 59.587953  	 60.494882  	   0.0001
   3035.044349	 -20.079667 	 -19.179283 	   0.0001
   3050.136955	 58.238114  	 59.147667  	   0.0001
   3050.13803 	 58.556239  	 59.46118   	   0.0001
   3065.038367	 104.77465  	 105.684789 	   0.0001
   3065.036476	 176.590697 	 177.492678 	   0.0001
   3080.127174	 145.759192 	 146.669406 	   0.0001
   3080.117249	 152.29687  	 153.20151  	   0.0001
   3095.027691	 -42.640643 	 -41.71887  	   0.0001
   3095.023116	 91.380391  	 92.284554  	   0.0001
   3110.107321	 -21.073209 	 -20.166098 	   0.0001
   3110.112636	 -166.166563	 -165.240602	   0.0001
   3110.115615	 -123.894884	 -122.974282	   0.0001
   3125.013982	 28.249721  	 29.158857  	   0.0001
   3125.009971	 -91.179721 	 -90.269841 	   0.0001
   3140.108292	 -161.356435	 -160.432775	   0.0001
   3140.099191	 -94.554067 	 -93.639321 	   0.0001
   3155.004291	 -102.077567	 -101.168302	   0.0001
   3154.996602	 -36.02329  	 -35.104703 	   0.0001
   3170.09416 	 165.534587 	 166.449862 	   0.0001
   3170.086704	 78.577086  	 79.49767   	   0.0001
   3184.985931	 -26.337209 	 -25.417372 	   0.0001
   3184.99495 	 147.356763 	 148.272173 	   0.0001
   3200.084165	 42.078067  	 43.000867  	   0.0001
   3200.078022	 -145.294374	 -144.374121	   0.0001
   3214.977295	 -21.927969 	 -21.023705 	   0.0001
   3214.985915	 97.15359   	 98.070595  	   0.0001
   3230.075702	 94.779999  	 95.706962  	   0.0001
   3230.072461	 75.213875  	 76.130962  	   0.0001
   3244.961048	 136.458708 	 137.375564 	   0.0001
   3244.967685	 -171.542016	 -170.628728	   0.0001
   3260.057583	 96.391744  	 97.308706  	   0.0001
   3260.058156	 82.952393  	 83.877358  	   0.0001
   3271.640957	 13.79967   	 14.711117  	   0.0001
   3275.144572	 -169.140555	 -168.219111	   0.0001
   3275.145759	 59.571155  	 60.499835  	   0.0001
   3290.038182	 -104.127059	 -103.219017	   0.0001
   3290.053218	 -136.929128	 -136.007267	   0.0001
   3305.13848 	 158.820364 	 159.74415  	   0.0001
   3305.141257	 75.16437   	 76.089229  	   0.0001
   3320.030445	 88.797512  	 89.713593  	   0.0001
   3320.032213	 46.962167  	 47.870292  	   0.0001
   3335.126455	 156.478999 	 157.403076 	   0.0001
   3335.119832	 -156.663672	 -155.744557	   0.0001
   3350.027004	 171.8546   	 172.774437 	   0.0001
   3350.0273  	 173.469481 	 174.387683 	   0.0001
   3365.115096	 -134.738986	 -133.820305	   0.0001
   3365.115248	 -5.552251  	 -4.623336  	   0.0001
   3380.006297	 86.842989  	 87.751143  	   0.0001
   3380.012971	 -113.225055	 -112.305427	   0.0001
   3395.106365	 -134.599028	 -133.679856	   0.0001
   3395.107161	 3.98003    	 4.909422   	   0.0001
   3410.00667 	 -120.596853	 -119.666117	   0.0001
   3410.007593	 -173.315313	 -172.38386 	   0.0001
   3425.089834	 99.996928  	 100.921251 	   0.0001
   3425.083243	 -118.113364	 -117.190234	   0.0001
   3439.987109	 94.470593  	 95.385684  	   0.0001
   3439.985454	 158.814587 	 159.732524 	   0.0001
   3455.078011	 168.142866 	 169.058873 	   0.0001
   3455.085803	 -133.266804	 -132.335381	   0.0001
   3469.990583	 123.117474 	 124.044522 	   0.0001
   3469.981162	 -84.513208 	 -83.597207 	   0.0001
   3485.072213	 -72.446876 	 -71.521149 	   0.0001
   3485.067492	 68.842627  	 69.760503  	   0.0001
   3499.977479	 57.280352  	 58.203411  	   0.0001
   3499.974574	 -173.234905	 -172.299873	   0.0001
   3515.062225	 159.503692 	 160.425933 	   0.0001
   3515.061127	 -137.050168	 -136.129379	   0.0001
   3530.149389	 -116.521342	 -115.598535	   0.0001
   3530.156043	 -26.95515  	 -26.034449 	   0.0001
   3545.045143	 -58.207749 	 -57.281709 	   0.0001
   3545.046617	 82.348     	 83.260648  	   0.0001
   3560.138669	 -106.18928 	 -105.273013	   0.0001
   3560.13893 	 164.304333 	 165.215097 	   0.0001
   3575.034538	 -71.037079 	 -70.123621 	   0.0001
   3575.037847	 -144.170509	 -143.257484	   0.0001
   3590.114882	 -5.624023  	 -4.72059   	   0.0001
   3590.132117	 50.285487  	 51.21174   	   0.0001
   3590.121371	 121.252715 	 122.169242 	   0.0001
   3605.020558	 -23.444875 	 -22.552205 	   0.0001
   3605.034023	 169.656006 	 170.569102 	   0.0001
   3620.113889	 67.699862  	 68.60472   	   0.0001
   3620.1202  	 -2.828251  	 -1.908817  	   0.0001
   3635.01997 	 105.035321 	 105.945527 	   0.0001
   3635.010054	 -161.3978  	 -160.495103	   0.0001
   3650.100953	 145.491652 	 146.401441 	   0.0001
   3650.104464	 43.785362  	 44.691155  	   0.0001
   3665.003501	 -74.409947 	 -73.508691 	   0.0001
   3665.006837	 145.243503 	 146.150949 	   0.0001
   3680.086418	 62.621367  	 63.526376  	   0.0001
   3680.085658	 -175.980129	 -175.078875	   0.0001
   3694.99204 	 62.671748  	 63.577562  	   0.0001
   3694.98523 	 -115.314514	 -114.408836	   0.0001
   3710.074905	 6.385633   	 7.284834   	   0.0001
   3710.081915	 0.171295   	 1.072024   	   0.0001
   3724.977166	 121.869451 	 122.758107 	   0.0001
   3724.978464	 -29.043706 	 -28.146262 	   0.0001
   3740.067451	 -57.589015 	 -56.694233 	   0.0001
   3740.076563	 171.683711 	 172.588477 	   0.0001
   3755.162986	 42.473014  	 43.374481  	   0.0001
   3755.152627	 23.029125  	 23.921354  	   0.0001
   3770.063538	 -159.56699 	 -158.667996	   0.0001
   3770.065935	 -37.778323 	 -36.876212 	   0.0001
   3785.14939 	 -24.523475 	 -23.639116 	   0.0001
   3785.141732	 75.961556  	 76.842723  	   0.0001
   3800.041174	 -179.670309	 -178.781974	   0.0001
   3800.051903	 123.575711 	 124.474658 	   0.0001
   3815.12981 	 -134.596361	 -133.715687	   0.0001
   3815.135865	 118.19042  	 119.078154 	   0.0001
   3830.040509	 -113.850888	 -112.963693	   0.0001
   3830.037837	 48.916886  	 49.804859  	   0.0001
   3845.10878 	 55.365842  	 56.233937  	   0.0001
   3845.187764	 25.641835  	 26.511958  	   0.0001
   3860.026795	 -69.19979  	 -68.316891 	   0.0001
   3875.110635	 -28.804587 	 -27.938466 	   0.0001
   3875.121867	 -154.536147	 -153.646951	   0.0001
   3890.021226	 -77.424346 	 -76.532259 	   0.0001
   3890.006686	 -129.96942 	 -129.102697	   0.0001
   3905.097282	 -57.373231 	 -56.502427 	   0.0001
   3905.102975	 174.700838 	 175.573323 	   0.0001
   3920.006155	 153.798574 	 154.667573 	   0.0001
   3919.997715	 39.47798   	 40.342345  	   0.0001
   3920.076186	 110.96805  	 111.83369  	   0.0001
   3935.092445	 -23.884946 	 -23.027518 	   0.0001
   3950.001007	 -58.018806 	 -57.158721 	   0.0001
   3949.989642	 62.470739  	 63.313777  	   0.0001
   3965.083077	 -139.385029	 -138.525253	   0.0001
   3965.077864	 102.785356 	 103.646884 	   0.0001
   3979.979935	 -4.162038  	 -3.314154  	   0.0001
   3979.980668	 -68.550916 	 -67.705117 	   0.0001
   3995.07619 	 54.651435  	 55.501857  	   0.0001
   3995.077791	 45.974291  	 46.81971   	   0.0001
   4010.160493	 164.664983 	 165.510905 	   0.0001
   4010.160008	 133.56306  	 134.408437 	   0.0001
   4025.057517	 -5.182723  	 -4.340212  	   0.0001
   4025.05924 	 169.267732 	 170.114257 	   0.0001
   4040.148845	 -23.849208 	 -23.010008 	   0.0001
   4040.149419	 152.860785 	 153.700734 	   0.0001
   4055.05135 	 178.036495 	 178.875993 	   0.0001
   4055.041931	 -52.056374 	 -51.225972 	   0.0001
   4070.138072	 174.672098 	 175.50147  	   0.0001
   4070.1378  	 111.143246 	 111.976024 	   0.0001
   4085.034284	 -148.111535	 -147.280164	   0.0001
   4085.037671	 136.774493 	 137.609056 	   0.0001
   4100.119562	 -82.003942 	 -81.188028 	   0.0001
   4100.124391	 153.881917 	 154.701153 	   0.0001
   4115.025818	 -140.268918	 -139.450766	   0.0001
   4115.023254	 164.156982 	 164.975911 	   0.0001
   4130.121855	 -8.901502  	 -8.07656   	   0.0001
   4130.113563	 -42.189582 	 -41.377369 	   0.0001
   4145.016673	 41.248232  	 42.056611  	   0.0001
   4145.014123	 -68.048471 	 -67.236795 	   0.0001
   4160.097649	 138.924215 	 139.722339 	   0.0001
   4160.101019	 -126.892273	 -126.091529	   0.0001
   4175.008026	 -167.587419	 -166.784308	   0.0001
   4175.008024	 -121.56041 	 -120.772481	   0.0001
   4190.100479	 -32.900178 	 -32.094145 	   0.0001
   4190.090875	 -78.236772 	 -77.45431  	   0.0001
   4204.98262 	 120.235394 	 121.021826 	   0.0001
   4204.980098	 118.544344 	 119.313626 	   0.0001
   4220.082307	 -143.844711	 -143.048884	   0.0001
   4220.086104	 -48.356641 	 -47.568368 	   0.0001
   4234.976869	 -86.912417 	 -86.14982  	   0.0001
   4234.980123	 163.964026 	 164.733208 	   0.0001
   4250.071972	 -135.449372	 -134.681972	   0.0001
   4265.164855	 -25.536752 	 -24.767247 	   0.0001
   4265.164564	 137.091279 	 137.85683  	   0.0001
   4280.058526	 -56.808591 	 -56.055241 	   0.0001
   4280.059944	 -16.955481 	 -16.192817 	   0.0001
   4295.145683	 52.558019  	 53.308809  	   0.0001
   4295.146153	 -55.016828 	 -54.269212 	   0.0001
   4310.050724	 79.436362  	 80.183145  	   0.0001
   4310.047758	 130.502702 	 131.245534 	   0.0001
   4325.139371	 176.541758 	 177.283698 	   0.0001
   4325.138154	 -54.555927 	 -53.822725 	   0.0001
   4340.043305	 -155.33495 	 -154.590274	   0.0001
   4340.029698	 -51.461623 	 -50.743432 	   0.0001
   4355.117089	 127.758435 	 128.478188 	   0.0001
   4355.130312	 67.120059  	 67.85265   	   0.0001
   4370.025744	 60.673694  	 61.390824  	   0.0001
   4370.022638	 -136.565908	 -135.856916	   0.0001
   4385.119462	 41.953174  	 42.663893  	   0.0001
   4385.119121	 -130.2403  	 -129.534306	   0.0001
   4400.017153	 156.548046 	 157.25723  	   0.0001
   4400.014252	 73.144864  	 73.838806  	   0.0001
   4415.106977	 95.103965  	 95.806862  	   0.0001
   4415.099774	 -25.258775 	 -24.567811 	   0.0001
   4430.002251	 7.421062   	 8.097144   	   0.0001
   4430.012441	 -5.50744   	 -4.814445  	   0.0001
   4445.095795	 -26.049733 	 -25.372208 	   0.0001
   4445.089075	 -24.024455 	 -23.3434   	   0.0001
   4459.999114	 144.049469 	 144.724091 	   0.0001
   4459.99823 	 104.898934 	 105.587115 	   0.0001
   4475.074498	 -35.941733 	 -35.27869  	   0.0001
   4475.080599	 159.304438 	 159.969893 	   0.0001
   4490.167087	 39.608182  	 40.260649  	   0.0001
   4490.173396	 -159.018364	 -158.360407	   0.0001
   4505.076631	 -60.383993 	 -59.732174 	   0.0001
   4505.068848	 -79.66827  	 -79.01381  	   0.0001
   4520.161048	 -175.69786 	 -175.063963	   0.0001
   4520.16333 	 -92.635993 	 -91.987688 	   0.0001
   4535.062345	 -81.026106 	 -80.395145 	   0.0001
   4535.063291	 164.772622 	 165.406433 	   0.0001
   4550.154175	 32.31268   	 32.947746  	   0.0001
   4550.153026	 -144.696143	 -144.066128	   0.0001
   4565.046021	 -170.921489	 -170.304656	   0.0001
   4565.048461	 -104.147377	 -103.535407	   0.0001
   4580.135737	 38.451018  	 39.044955  	   0.0001
   4580.138378	 162.08433  	 162.683056 	   0.0001
   4595.033461	 -98.434305 	 -97.837687 	   0.0001
   4595.037154	 24.748876  	 25.337358  	   0.0001
   4610.133841	 53.63842   	 54.228345  	   0.0001
   4610.116434	 -77.42676  	 -76.844683 	   0.0001
   4625.023024	 70.641119  	 71.212912  	   0.0001
   4625.032207	 -101.122028	 -100.545486	   0.0001
   4640.114521	 114.049384 	 114.613799 	   0.0001
   4640.115907	 -52.90407  	 -52.338761 	   0.0001
   4655.019303	 27.264108  	 27.822448  	   0.0001
   4670.106109	 -172.912852	 -172.369225	   0.0001
   4670.103203	 24.855319  	 25.404324  	   0.0001
   4684.997081	 -33.155845 	 -32.631451 	   0.0001
   4685.005879	 153.800543 	 154.336785 	   0.0001
   4700.090759	 -107.014817	 -106.500421	   0.0001
   4700.087637	 -123.474414	 -122.950592	   0.0001
   4714.993387	 177.495095 	 178.005175 	   0.0001
   4714.999617	 17.47786   	 17.995369  	   0.0001
   4730.083961	 -69.759835 	 -69.266073 	   0.0001
   4730.072464	 63.373259  	 63.8659    	   0.0001
   4745.171257	 -101.732388	 -101.246278	   0.0001
   4745.162895	 130.84894  	 131.330724 	   0.0001
   4760.060957	 119.955978 	 120.438851 	   0.0001
   4760.081607	 96.488353  	 96.973442  	   0.0001
   4775.162061	 -130.506263	 -130.036466	   0.0001
   4775.160693	 -37.678737 	 -37.210649 	   0.0001
   4790.05826 	 139.574163 	 140.030099 	   0.0001
   4790.048205	 -119.363259	 -118.922695	   0.0001
   4805.162587	 165.04133  	 165.495594 	   0.0001
   4805.148154	 50.194741  	 50.630609  	   0.0001
   4820.045168	 159.383627 	 159.797751 	   0.0001
   4820.048869	 -112.253527	 -111.819823	   0.0001
   4835.139818	 105.864169 	 106.27501  	   0.0001
   4835.134079	 60.986135  	 61.402476  	   0.0001
   4850.03481 	 -44.324086 	 -43.926559 	   0.0001
   4850.035329	 -27.93839  	 -27.53344  	   0.0001
   4865.129402	 -75.809291 	 -75.415873 	   0.0001
   4865.125589	 -85.326638 	 -84.937992 	   0.0001
   4880.032843	 -4.40463   	 -4.031658  	   0.0001
   4880.032617	 120.603122 	 120.988405 	   0.0001
   4895.113307	 -174.256152	 -173.898942	   0.0001
   4895.111315	 14.752817  	 15.113087  	   0.0001
   4910.019584	 103.857995 	 104.214145 	   0.0001
   4910.020325	 12.317921  	 12.667796  	   0.0001
   4925.100742	 135.346944 	 135.677071 	   0.0001
   4925.102801	 140.188875 	 140.524774 	   0.0001
   4940.011771	 -31.364223 	 -31.03928  	   0.0001
   4940.006366	 129.612432 	 129.927731 	   0.0001
   4955.087705	 41.380998  	 41.682368  	   0.0001
   4955.103328	 -55.403813 	 -55.083434 	   0.0001
   4969.981769	 -41.686706 	 -41.412246 	   0.0001
   4973.949555	 68.836108  	 69.131178  	   0.0001
   4985.081203	 -87.399614 	 -87.134666 	   0.0001
   5000.179577	 68.641033  	 68.90347   	   0.0001
   5000.170376	 -19.63592  	 -19.372032 	   0.0001
   5015.07489 	 -7.602176  	 -7.364274  	   0.0001
   5015.070091	 68.45037   	 68.689294  	   0.0001
   5030.153885	 96.402213  	 96.621165  	   0.0001
   5030.169091	 -88.900036 	 -88.660531 	   0.0001
   5045.059656	 48.152192  	 48.357489  	   0.0001
   5045.065037	 -164.61689 	 -164.408579	   0.0001
   5060.149457	 -121.517907	 -121.323684	   0.0001
   5060.154427	 100.240254 	 100.43881  	   0.0001
   5075.052045	 -115.968847	 -115.799072	   0.0001
   5075.048199	 -161.617841	 -161.434935	   0.0001
   5090.140983	 51.160172  	 51.322534  	   0.0001
   5090.136493	 -0.951269  	 -0.792249  	   0.0001
   5105.04471 	 122.888976 	 123.034936 	   0.0001
   5105.041764	 119.298094 	 119.438716 	   0.0001
   5120.12817 	 155.656081 	 155.78613  	   0.0001
   5120.126206	 150.414523 	 150.540583 	   0.0001
   5135.021707	 -166.909038	 -166.814325	   0.0001
   5135.030646	 -114.876421	 -114.775275	   0.0001
   5150.111783	 -8.629814  	 -8.547236  	   0.0001
   5165.013882	 65.318701  	 65.393117  	   0.0001
   5165.015058	 121.94726  	 122.018473 	   0.0001
   5180.10628 	 15.878159  	 15.925445  	   0.0001
   5180.10085 	 37.331602  	 37.379015  	   0.0001
   5195.009669	 61.363707  	 61.390426  	   0.0001
   5195.004721	 154.833638 	 154.860223 	   0.0001
   5210.098304	 29.116324  	 29.133376  	   0.0001
   5210.087665	 -92.896073 	 -92.892793 	   0.0001
   5225.170233	 65.779853  	 65.762162  	   0.0001
   5225.183776	 -88.186573 	 -88.197264 	   0.0001
   5240.079958	 -72.888459 	 -72.921692 	   0.0001
   5240.086912	 77.029198  	 77.007212  	   0.0001
   5255.159435	 3.383297   	 3.323453   	   0.0001
   5255.178494	 -113.798786	 -113.838575	   0.0001
   5270.06988 	 -164.545004	 -164.619251	   0.0001
   5285.158599	 -34.262488 	 -34.352675 	   0.0001
   5285.160908	 -29.65272  	 -29.746018 	   0.0001
   5300.059076	 38.50164   	 38.384866  	   0.0001
   5300.054526	 -76.093895 	 -76.209944 	   0.0001
   5315.149541	 42.109899  	 41.970795  	   0.0001
   5315.146596	 32.036873  	 31.893595  	   0.0001
   5330.049343	 160.785    	 160.618245 	   0.0001
   5330.051137	 -41.496053 	 -41.658334 	   0.0001
   5345.138091	 166.108223 	 165.92395  	   0.0001
   5345.134404	 -112.205911	 -112.393183	   0.0001
   5360.035172	 105.586059 	 105.370949 	   0.0001
   5360.044924	 -109.173653	 -109.375462	   0.0001
   5375.126117	 24.708005  	 24.475084  	   0.0001
   5390.025322	 33.835715  	 33.588087  	   0.0001
   5390.024842	 -140.732832	 -140.992955	   0.0001
   5405.1204  	 97.138624  	 96.865506  	   0.0001
   5405.115577	 128.42804  	 128.168081 	   0.0001
   5420.018665	 34.359867  	 34.063878  	   0.0001
   5420.024504	 168.367037 	 168.070564 	   0.0001
   5435.101427	 -7.661027  	 -7.9942    	   0.0001
   5435.104537	 7.75315    	 7.419909   	   0.0001
   5450.006249	 47.462944  	 47.096479  	   0.0001
   5450.009831	 55.894352  	 55.539206  	   0.0001
   5465.094531	 -5.844766  	 -6.234228  	   0.0001
   5465.092856	 -0.657877  	 -1.040135  	   0.0001
   5480.188165	 64.561132  	 64.155106  	   0.0001
   5480.175954	 107.341779 	 106.927446 	   0.0001
   5495.085212	 143.642951 	 143.206892 	   0.0001
   5510.172486	 -7.581291  	 -8.041815  	   0.0001
   5510.17171 	 7.040961   	 6.586362   	   0.0001
   5525.070582	 -139.653065	 -140.14335 	   0.0001
   5525.075411	 -132.441598	 -132.925576	   0.0001
   5540.162781	 -170.29642 	 -170.806927	   0.0001
   5540.159953	 50.77695   	 50.252115  	   0.0001
   5555.058442	 -120.869285	 -121.424733	   0.0001
   5555.061228	 67.111843  	 66.546935  	   0.0001
   5570.149399	 143.509829 	 142.941213 	   0.0001
   5570.147286	 -159.741907	 -160.331767	   0.0001
   5585.041386	 138.001293 	 137.388413 	   0.0001
   5585.046203	 -8.180174  	 -8.782464  	   0.0001
   5600.136591	 -75.486495 	 -76.124246 	   0.0001
   5600.139223	 11.748088  	 11.110515  	   0.0001
   5615.042684	 39.468454  	 38.816775  	   0.0001
   5630.118986	 -148.847589	 -149.562846	   0.0001
   5630.127055	 -165.760657	 -166.457782	   0.0001
   5645.03333 	 164.568421 	 163.841587 	   0.0001
   5645.033576	 90.874373  	 90.142731  	   0.0001
   5660.114332	 -82.47176  	 -83.243957 	   0.0001
   5660.113034	 -47.225835 	 -47.992409 	   0.0001
   5675.019551	 155.657938 	 154.865651 	   0.0001
   5675.013914	 -51.859022 	 -52.668693 	   0.0001
   5690.111567	 -51.764374 	 -52.592723 	   0.0001
   5690.107949	 23.287137  	 22.460768  	   0.0001
   5705.014384	 -147.540156	 -148.402721	   0.0001
   5705.001661	 -72.767588 	 -73.646587 	   0.0001
   5720.101392	 -1.751611  	 -2.644365  	   0.0001
   5720.096185	 -89.920247 	 -90.827665 	   0.0001
   5735.182335	 -148.395303	 -149.337313	   0.0001
   5750.07402 	 -116.923158	 -117.904561	   0.0001
   5750.086216	 176.52224  	 175.549837 	   0.0001
   5765.163318	 -97.813082 	 -98.837789 	   0.0001
   5765.177962	 -51.606797 	 -52.618799 	   0.0001
   5780.065334	 97.771951  	 96.707536  	   0.0001
   5780.071064	 100.275546 	 99.236935  	   0.0001
   5795.152827	 -101.918837	 -103.021072	   0.0001
   5795.157427	 18.890926  	 17.796864  	   0.0001
   5810.067777	 -50.301903 	 -51.420231 	   0.0001
   5810.057238	 -36.540391 	 -37.674257 	   0.0001
   5825.144794	 -83.23642  	 -84.41396  	   0.0001
   5840.043216	 132.100378 	 130.883498 	   0.0001
   5840.048006	 -165.817239	 -167.023711	   0.0001
   5855.137781	 49.006602  	 47.760151  	   0.0001
   5855.133851	 161.139867 	 159.88425  	   0.0001
   5870.036791	 -167.869099	 -169.158717	   0.0001
   5870.038991	 -115.067726	 -116.356594	   0.0001
   5885.12223 	 41.977415  	 40.647394  	   0.0001
   5885.127727	 108.385419 	 107.065462 	   0.0001
   5900.032706	 2.436402   	 1.065035   	   0.0001
   5900.032918	 -147.074727	 -148.443494	   0.0001
   5915.125882	 -59.201275 	 -60.612637 	   0.0001
   5930.014223	 -153.035061	 -154.504599	   0.0001
   5930.020365	 116.708753 	 115.243463 	   0.0001
   5945.114471	 -165.171689	 -166.682074	   0.0001
   5945.111816	 -169.585285	 -171.088468	   0.0001
   5960.189124	 -50.08753  	 -51.656851 	   0.0001
   5960.191335	 150.009509 	 148.448362 	   0.0001
   5975.107119	 93.525986  	 91.941246  	   0.0001
   5975.098419	 166.880434 	 165.281526 	   0.0001
   5990.182302	 8.385577   	 6.728445   	   0.0001
   5990.182174	 137.19717  	 135.553549 	   0.0001
   6005.074352	 -160.845787	 -162.558808	   0.0001
   6020.171886	 173.808484 	 172.061078 	   0.0001
   6020.180595	 136.012523 	 134.278647 	   0.0001
   6035.067969	 -105.209984	 -107.021458	   0.0001
   6035.087263	 104.867183 	 103.085163 	   0.0001
   6050.155826	 -170.774161	 -172.629343	   0.0001
   6050.174538	 -6.756616  	 -8.593223  	   0.0001
   6065.067058	 -170.348694	 -172.247248	   0.0001
   6065.063272	 -57.683629 	 -59.580348 	   0.0001
   6080.146579	 -158.175746	 -160.139063	   0.0001
   6080.159827	 3.716315   	 1.781439   	   0.0001
   6095.057629	 159.652219 	 157.649365 	   0.0001
   6110.139362	 129.908168 	 127.836209 	   0.0001
   6110.144441	 -40.216863 	 -42.268159 	   0.0001
   6125.032507	 93.696189  	 91.560274  	   0.0001
   6125.049347	 -172.02502 	 -174.142469	   0.0001
   6140.122932	 -32.36196  	 -34.550544 	   0.0001
   6140.125781	 -169.582894	 -171.762184	   0.0001
   6155.021244	 125.356015 	 123.118194 	   0.0001
   6155.039656	 -57.188597 	 -59.405996 	   0.0001
   6170.119537	 101.960867 	 99.677849  	   0.0001
   6185.020764	 65.40797   	 63.058552  	   0.0001
   6185.024905	 79.698726  	 77.3553    	   0.0001
   6200.103912	 97.278965  	 94.867827  	   0.0001
   6200.102946	 -23.258245 	 -25.658299 	   0.0001
   6215.195025	 151.192804 	 148.72394  	   0.0001
   6215.197293	 88.447845  	 85.970169  	   0.0001
   6230.08885 	 -11.572842 	 -14.110989 	   0.0001
   6230.090338	 -179.508268	 177.940614 	   0.0001
   6245.185426	 149.603488 	 147.002934 	   0.0001
   6245.186164	 -107.900191	 -110.494199	   0.0001
   6260.08193 	 -174.613559	 -177.289725	   0.0001
   6275.16799 	 74.217973  	 71.471033  	   0.0001
   6275.176675	 -8.386486  	 -11.120756 	   0.0001
   6290.065725	 -25.122734 	 -27.930732 	   0.0001
   6290.073163	 125.693654 	 122.888237 	   0.0001
   6305.160403	 37.279568  	 34.42044   	   0.0001
   6305.165742	 102.457061 	 99.588438  	   0.0001
   6320.057323	 34.134744  	 31.194532  	   0.0001
   6322.72969 	 -104.814673	 -107.72886 	   0.0001
   6335.154085	 83.470284  	 80.448212  	   0.0001
   6350.054998	 6.330006   	 3.250512   	   0.0001
   6350.054274	 -127.590731	 -130.667644	   0.0001
   6365.141028	 -164.921246	 -168.078487	   0.0001
   6365.147464	 137.58857  	 134.435976 	   0.0001
   6380.046494	 27.593642  	 24.351474  	   0.0001
   6380.035116	 31.312479  	 28.073848  	   0.0001
   6395.122269	 -61.585609 	 -64.912935 	   0.0001
   6410.032121	 144.286643 	 140.899999 	   0.0001
   6410.02958 	 -26.480104 	 -29.870593 	   0.0001
   6425.117178	 -124.605975	 -128.064972	   0.0001
   6425.121602	 170.787069 	 167.317405 	   0.0001
   6440.015544	 114.207787 	 110.651853 	   0.0001
   6440.018426	 117.238586 	 113.68654  	   0.0001
   6455.104002	 -38.402306 	 -42.031133 	   0.0001
   6455.111452	 12.297935  	 8.664793   	   0.0001
   6470.19799 	 -165.313652	 -169.028209	   0.0001
   6470.187373	 51.411255  	 47.691273  	   0.0001
   6485.097307	 -117.342984	 -121.143842	   0.0001
   6500.18571 	 -68.204582 	 -72.080861 	   0.0001
   6500.186656	 -21.252767 	 -25.128951 	   0.0001
   6515.086299	 160.088138 	 156.113545 	   0.0001
   6515.091045	 -141.783652	 -145.748033	   0.0001
   6530.17126 	 -18.632503 	 -22.696957 	   0.0001
   6530.174703	 4.408611   	 0.346199   	   0.0001
   6545.075826	 5.078748   	 0.934966   	   0.0001
   6545.07507 	 -68.604566 	 -72.752444 	   0.0001
   6560.163924	 63.105218  	 58.870014  	   0.0001
   6575.054988	 -173.25672 	 -177.608043	   0.0001
   6575.067688	 65.034794  	 60.703339  	   0.0001
   6590.156069	 -134.936108	 -139.360371	   0.0001
   6590.142987	 43.766382  	 39.335867  	   0.0001
   6605.050929	 167.151453 	 162.629974 	   0.0001
   6605.051774	 149.171578 	 144.630177 	   0.0001
   6620.142132	 -176.390928	 178.97435  	   0.0001
   6620.143839	 -15.549678 	 -20.188989 	   0.0001
   6635.032293	 -87.462585 	 -92.200363 	   0.0001
   6650.128728	 48.844939  	 44.005119  	   0.0001
   6650.123737	 -179.363356	 175.801888 	   0.0001
   6665.034949	 150.212662 	 145.284871 	   0.0001
   6665.025047	 5.22622    	 0.290145   	   0.0001
   6680.119888	 23.359559  	 18.321886  	   0.0001
   6680.108991	 75.805728  	 70.755406  	   0.0001
   6695.209149	 -140.943757	 -146.084411	   0.0001
   6710.107956	 86.443394  	 81.198129  	   0.0001
   6710.108101	 -66.271586 	 -71.519524 	   0.0001
   6725.197598	 -114.293228	 -119.653287	   0.0001
   6725.196933	 88.46916   	 83.108639  	   0.0001
   6740.097529	 170.728327 	 165.265375 	   0.0001
   6740.096558	 42.207299  	 36.738211  	   0.0001
   6755.17853 	 18.91935   	 13.321873  	   0.0001
   6755.187272	 -126.317824	 -131.907185	   0.0001
   6770.093456	 155.493452 	 149.814887 	   0.0001
   6785.171267	 -4.907397  	 -10.708887 	   0.0001
   6785.174214	 -117.241775	 -123.052051	   0.0001
   6800.07099 	 -33.494783 	 -39.408481 	   0.0001
   6800.075073	 110.215985 	 104.288663 	   0.0001
   6815.15589 	 14.738673  	 8.695345   	   0.0001
   6815.153688	 -169.363124	 -175.412446	   0.0001
   6830.05687 	 118.24551  	 112.070498 	   0.0001
   6830.07715 	 5.965521   	 -0.17401   	   0.0001
   6845.154824	 147.152958 	 140.895534 	   0.0001
   6846.601507	 146.862596 	 140.570459 	   0.0001
   6860.054203	 5.420312   	 -0.969819  	   0.0001
   6875.142103	 41.923058  	 35.423444  	   0.0001
   6875.136791	 -86.130321 	 -92.643821 	   0.0001
   6890.041209	 -98.530295 	 -105.151246	   0.0001
   6890.039369	 23.968117  	 17.330556  	   0.0001
   6905.13912 	 -51.23104  	 -57.96595  	   0.0001
   6905.128592	 -169.117725	 -175.863699	   0.0001
   6920.021565	 -62.403638 	 -69.268008 	   0.0001
   6935.12339 	 -127.451069	 -134.421834	   0.0001
   6935.123437	 100.308117 	 93.340043  	   0.0001
   6950.200219	 -70.837841 	 -77.932926 	   0.0001
   6950.203067	 17.055024  	 9.944973   	   0.0001
   6965.114387	 -56.644663 	 -63.852802 	   0.0001
   6980.185848	 -151.519399	 -158.846524	   0.0001
   6980.198141	 -62.726026 	 -70.039316 	   0.0001
   6995.105322	 170.549163 	 163.125228 	   0.0001
   6995.093922	 24.195408  	 16.752331  	   0.0001
   7010.177174	 -38.831166 	 -46.37087  	   0.0001
   7010.179947	 102.545467 	 95.004708  	   0.0001
   7025.081245	 -83.157355 	 -90.798709 	   0.0001
   7040.174666	 -8.88121   	 -16.614156 	   0.0001
   7040.170738	 -150.617036	 -158.357309	   0.0001
   7055.077795	 61.26393   	 53.430547  	   0.0001
   7055.080302	 118.213157 	 110.379791 	   0.0001
   7070.165489	 -172.210788	 179.865183 	   0.0001
   7085.062462	 -68.279977 	 -76.291985 	   0.0001
   7085.064478	 13.266836  	 5.267604   	   0.0001
   7100.158818	 -79.04241  	 -87.11626  	   0.0001
   7100.144072	 -117.236227	 -125.334206	   0.0001
   7115.061441	 -88.735622 	 -96.876097 	   0.0001
   7130.138527	 55.468938  	 47.259722  	   0.0001
   7130.137103	 -56.103751 	 -64.317297 	   0.0001
   7145.049648	 -33.915578 	 -42.159691 	   0.0001
   7145.059118	 36.152819  	 27.900832  	   0.0001
   7160.132106	 84.752685  	 76.465063  	   0.0001
   7160.139054	 -144.441054	 -152.729797	   0.0001
   7175.033871	 101.900035 	 93.577265  	   0.0001
   7190.129132	 -76.099641 	 -84.407552 	   0.0001
   7190.116871	 -100.131393	 -108.456017	   0.0001
   7205.223858	 -126.906363	 -135.20134 	   0.0001
   7205.211354	 71.044848  	 62.736736  	   0.0001
   7220.113156	 -125.58418 	 -133.868309	   0.0001
   7220.107875	 -138.830317	 -147.102404	   0.0001
   7235.199631	 -104.606267	 -112.830837	   0.0001
   7250.09501 	 -93.142612 	 -101.305951	   0.0001
   7250.097309	 -165.13012 	 -173.279192	   0.0001
   7265.188688	 -164.994734	 -173.05345 	   0.0001
   7265.184596	 94.851067  	 86.807917  	   0.0001
   7280.088612	 -47.871601 	 -55.788497 	   0.0001
   7295.175692	 -175.331822	 176.886021 	   0.0001
   7295.16988 	 68.948697  	 61.191426  	   0.0001
   7310.076898	 -10.049353 	 -17.628909 	   0.0001
   7310.069962	 40.615521  	 33.039799  	   0.0001
   7325.163769	 -119.934831	 -127.291971	   0.0001
   7325.161809	 -7.194852  	 -14.538042 	   0.0001
   7340.061331	 26.31804   	 19.215903  	   0.0001
   7355.154337	 -70.184548 	 -76.973406 	   0.0001
   7355.146126	 -145.752699	 -152.54932 	   0.0001
   7370.053731	 -71.021668 	 -77.479388 	   0.0001
   7370.053965	 -134.628122	 -141.07326 	   0.0001
   7385.142465	 -130.084403	 -136.143121	   0.0001
   7385.149468	 -166.744618	 -172.77667 	   0.0001
   7400.040599	 146.838242 	 141.217262 	   0.0001
   7415.138089	 137.392084 	 132.244668 	   0.0001
   7415.130779	 32.610318  	 27.475756  	   0.0001
   7430.216752	 -161.084028	 -165.697523	   0.0001
   7430.223833	 -102.853376	 -107.453678	   0.0001
   7445.128474	 -145.609708	 -149.629614	   0.0001
   7445.11796 	 137.888891 	 133.870193 	   0.0001
   7460.21867 	 158.838287 	 155.461802 	   0.0001
   7475.09968 	 -150.517385	 -153.270649	   0.0001
   7475.114291	 6.666397   	 3.957532   	   0.0001
   7490.197935	 -42.077227 	 -44.065955 	   0.0001
   7490.193492	 -5.591813  	 -7.56119   	   0.0001
   7505.096871	 -73.176923 	 -74.385349 	   0.0001
   7505.094756	 -155.591278	 -156.785778	   0.0001
   7520.181754	 -164.991725	 -165.384164	   0.0001
   7535.085283	 -17.866903 	 -17.406047 	   0.0001
   7535.093773	 -148.984872	 -148.492699	   0.0001
   7550.164157	 -138.706417	 -137.333158	   0.0001
   7550.178232	 -74.293918 	 -72.903093 	   0.0001
   7565.081175	 -163.647988	 -161.325205	   0.0001
   7580.165804	 -109.460308	 -106.17314 	   0.0001
   7580.161667	 -179.234035	 -175.956573	   0.0001
   7595.059193	 37.929555  	 42.211198  	   0.0001
   7595.065439	 82.380754  	 86.669258  	   0.0001
   7610.150259	 110.223321 	 115.520875 	   0.0001
   7625.06046 	 147.263899 	 153.578897 	   0.0001
   7625.055213	 175.333893 	 -178.346523	   0.0001
   7640.143778	 98.503613  	 105.832708 	   0.0001
   7640.13953 	 74.597788  	 81.935309  	   0.0001
   7655.048876	 108.261745 	 116.617872 	   0.0001
   7670.126952	 87.263855  	 96.635501  	   0.0001
   7670.134079	 110.270751 	 119.65742  	   0.0001
   7685.209864	 14.54453   	 24.902461  	   0.0001
   7685.219428	 -149.949363	 -139.592659	   0.0001
   7700.112869	 -76.15205  	 -64.809173 	   0.0001
   7700.118118	 175.217121 	 -173.457338	   0.0001
   7715.206915	 66.520781  	 78.810289  	   0.0001
   7730.113437	 -54.399755 	 -41.181094 	   0.0001
   7730.120505	 -30.533911 	 -17.299773 	   0.0001
   7745.196536	 122.373117 	 136.493027 	   0.0001
   7745.199738	 93.428543  	 107.54037  	   0.0001
   7760.104213	 50.005327  	 64.967644  	   0.0001
   7775.184405	 -57.385518 	 -41.596323 	   0.0001
   7775.187139	 -9.701066  	 6.091175   	   0.0001
   7790.08673 	 -145.228817	 -128.689503	   0.0001
   7790.088929	 -67.018454 	 -50.485221 	   0.0001
   7805.182191	 -13.510961 	 3.767029   	   0.0001
   7820.066139	 109.250658 	 127.193039 	   0.0001
   7820.076351	 -172.575571	 -154.625341	   0.0001
   7835.170441	 -40.721362 	 -22.109423 	   0.0001
   7835.165042	 -45.646846 	 -27.049775 	   0.0001
   7850.059413	 25.906576  	 45.089772  	   0.0001
   7865.161782	 -111.441218	 -91.700173 	   0.0001
   7865.154768	 -58.449985 	 -38.712367 	   0.0001
   7880.053804	 -90.738378 	 -70.495261 	   0.0001
   7880.050958	 117.639649 	 137.866576 	   0.0001
   7895.135091	 -150.252301	 -129.544729	   0.0001
   7910.04252 	 172.878563 	 -165.985169	   0.0001
   7910.041258	 45.878387  	 67.010948  	   0.0001
   7925.127605	 -160.209752	 -138.681238	   0.0001
   7925.13299 	 147.76912  	 169.307482 	   0.0001
   7940.217296	 -177.9844  	 -156.109033	   0.0001
   7940.221288	 -17.747273 	 4.14859    	   0.0001
   7955.117176	 -143.407945	 -121.203076	   0.0001
   7970.213958	 -33.429791 	 -10.928061 	   0.0001
   7970.209735	 -60.403349 	 -37.900433 	   0.0001
   7985.113294	 41.540951  	 64.292671  	   0.0001
   7985.099824	 26.747604  	 49.498384  	   0.0001
   8000.207243	 95.761374  	 118.742502 	   0.0001
   8015.102625	 -23.061321 	 0.13396    	   0.0001
   8015.106659	 33.60722   	 56.79793   	   0.0001
   8030.191033	 -157.564767	 -134.190663	   0.0001
   8030.184407	 -56.531956 	 -33.174475 	   0.0001
   8045.090035	 76.971956  	 100.481185 	   0.0001
   8060.172498	 123.449311 	 147.090662 	   0.0001
   8060.183998	 -82.78069  	 -59.114891 	   0.0001
   8075.070486	 106.780452 	 130.540825 	   0.0001
   8075.079748	 -26.779366 	 -3.019926  	   0.0001
   8090.167144	 88.635288  	 112.487727 	   0.0001
   8105.062686	 35.801371  	 59.722549  	   0.0001
   8105.066165	 114.635896 	 138.573353 	   0.0001
   8120.155589	 127.641403 	 151.625622 	   0.0001
   8120.159634	 105.200648 	 129.187785 	   0.0001
   8135.056071	 170.235697 	 -165.733142	   0.0001
   8135.052063	 70.608919  	 94.6284    	   0.0001
   8150.145318	 50.165873  	 74.231114  	   0.0001
   8165.232915	 -101.868205	 -77.780399 	   0.0001
   8165.235006	 -26.838771 	 -2.737863  	   0.0001
   8180.140507	 -7.333932  	 16.766525  	   0.0001
   8180.137492	 117.157674 	 141.265169 	   0.0001
   8195.222824	 -129.48562 	 -105.387135	   0.0001
   8210.124328	 -52.900193 	 -28.821659 	   0.0001
   8210.123281	 9.134096   	 33.217044  	   0.0001
   8225.206585	 -38.852851 	 -14.789366 	   0.0001
   8225.208681	 159.236552 	 -176.714484	   0.0001
   8240.118904	 -82.713972 	 -58.683384 	   0.0001
   8255.193205	 25.062989  	 49.044361  	   0.0001
   8255.201901	 130.835542 	 154.843838 	   0.0001
   8270.105339	 -105.152663	 -81.202334 	   0.0001
   8270.107297	 18.77654   	 42.738626  	   0.0001
   8285.185277	 56.456981  	 80.355179  	   0.0001
   8300.085346	 -166.323932	 -142.492031	   0.0001
   8300.095565	 -97.755861 	 -73.904581 	   0.0001
   8315.174677	 74.835567  	 98.614607  	   0.0001
   8315.178645	 -30.085821 	 -6.297346  	   0.0001
   8330.077743	 -142.512257	 -118.798449	   0.0001
   8345.158435	 17.989867  	 41.624445  	   0.0001
   8345.17216 	 -165.336271	 -141.672883	   0.0001
   8360.064329	 85.219921  	 108.79606  	   0.0001
   8375.161702	 96.693406  	 120.188277 	   0.0001
   8375.15398 	 -163.202549	 -139.692778	   0.0001
   8390.052756	 44.186106  	 67.620953  	   0.0001
   8390.058261	 -77.785944 	 -54.343717 	   0.0001
   8405.144169	 162.429725 	 -174.216883	   0.0001
   8420.227407	 160.924664 	 -175.812824	   0.0001
   8420.234342	 -135.886542	 -112.61607 	   0.0001
   8435.133249	 -90.064627 	 -66.885882 	   0.0001
   8435.126931	 96.627561  	 119.796944 	   0.0001
   8450.220043	 -144.55101 	 -121.47087 	   0.0001
   8465.115199	 -164.425808	 -141.425964	   0.0001
   8465.12259 	 34.78892   	 57.7976    	   0.0001
   8480.203847	 -137.256279	 -114.343629	   0.0001
   8480.205147	 113.339813 	 136.250552 	   0.0001
   8495.117409	 -46.674851 	 -23.846031 	   0.0001
   8510.191503	 -26.526491 	 -3.813535  	   0.0001
   8510.201883	 -23.099548 	 -0.354466  	   0.0001
   8525.09505 	 -84.874292 	 -62.239923 	   0.0001
   8540.186201	 -164.882683	 -142.344586	   0.0001
   8540.194998	 113.113385 	 135.662316 	   0.0001
   8555.085679	 -65.196093 	 -42.739856 	   0.0001
   8555.084395	 -140.083595	 -117.629834	   0.0001
   8570.181315	 1.266789   	 23.628898  	   0.0001
   8585.072142	 -126.706869	 -104.44618 	   0.0001
   8585.081155	 -172.591299	 -150.314421	   0.0001
   8600.174387	 -128.104504	 -105.919597	   0.0001
   8615.065113	 -55.745564 	 -33.671422 	   0.0001
   8615.065732	 -117.433292	 -95.356669 	   0.0001
   8630.165217	 -56.990065 	 -34.987098 	   0.0001
   8630.156206	 -158.541984	 -136.545544	   0.0001
   8645.057561	 11.192448  	 33.096751  	   0.0001
   8660.145328	 104.662969 	 126.475744 	   0.0001
   8660.143584	 -135.129304	 -113.307942	   0.0001
   8675.2279  	 -42.485939 	 -20.772162 	   0.0001
   8690.128452	 178.478138 	 -159.904014	   0.0001
   8690.132871	 -159.376828	 -137.744957	   0.0001
   8705.21955 	 -65.585549 	 -44.052233 	   0.0001
   8705.221687	 43.696473  	 65.229857  	   0.0001
   8720.124016	 23.404859  	 44.853984  	   0.0001
   8735.205708	 -67.399632 	 -46.059165 	   0.0001
   8735.197479	 -128.176652	 -106.827585	   0.0001
   8750.109014	 140.545239 	 161.803268 	   0.0001
   8765.196279	 67.449668  	 88.629241  	   0.0001
   8765.203866	 88.197997  	 109.385508 	   0.0001
   8780.093639	 85.504853  	 106.588296 	   0.0001
   8781.289292	 -179.545705	 -158.430348	   0.0001
   8795.189833	 35.13399   	 56.145175  	   0.0001
   8810.085444	 -16.251019 	 4.658634   	   0.0001
   8810.089966	 97.586697  	 118.51716  	   0.0001
   8825.187789	 -62.296374 	 -41.446679 	   0.0001
   8840.071439	 179.522042 	 -159.737758	   0.0001
   8840.083966	 -77.607597 	 -56.841947 	   0.0001
   8855.165902	 99.269148  	 119.946032 	   0.0001
   8870.067152	 -107.392018	 -86.811582 	   0.0001
   8870.070071	 -126.363034	 -105.77497 	   0.0001
   8885.156552	 -158.06094 	 -137.552272	   0.0001
   8900.242415	 103.296164 	 123.715912 	   0.0001
   8900.243178	 -72.563494 	 -52.132334 	   0.0001
   8915.139167	 116.498123 	 136.833794 	   0.0001
   8915.140054	 23.748571  	 44.094336  	   0.0001
   8930.236136	 -133.34326 	 -113.073328	   0.0001
   8945.129511	 134.242767 	 154.430493 	   0.0001
   8945.141433	 17.753674  	 37.946669  	   0.0001
   8960.230808	 37.865735  	 57.989117  	   0.0001
   8975.116495	 11.723064  	 31.738333  	   0.0001
   8975.124935	 7.690002   	 27.737206  	   0.0001
   8990.212301	 113.935176 	 133.896899 	   0.0001
   8990.204956	 -44.662879 	 -24.704907 	   0.0001
   9005.109381	 -139.141362	 -119.252438	   0.0001
   9020.196244	 -83.691739 	 -63.892703 	   0.0001
   9020.190121	 -22.131891 	 -2.312908  	   0.0001
   9035.103264	 141.079281 	 160.829038 	   0.0001
   9050.188469	 -26.822446 	 -7.156888  	   0.0001
   9050.191376	 -93.097421 	 -73.419128 	   0.0001
   9065.089946	 130.590551 	 150.192834 	   0.0001
   9080.176445	 -4.036787  	 15.507696  	   0.0001
   9080.183269	 119.24803  	 138.78578  	   0.0001
   9095.079679	 161.665847 	 -178.872572	   0.0001
   9095.083171	 -177.574009	 -158.092234	   0.0001
   9110.171059	 -156.794396	 -137.388511	   0.0001
   9125.064781	 -126.735998	 -107.412938	   0.0001
   9125.068444	 162.628833 	 -178.034275	   0.0001
   9140.150472	 142.428956 	 161.68472  	   0.0001
   9155.243787	 168.77981  	 -172.018859	   0.0001
   9155.253272	 -114.044148	 -94.840958 	   0.0001
   9170.14106 	 146.405814 	 165.548683 	   0.0001
   9185.230539	 48.371213  	 67.426451  	   0.0001
   9185.230245	 -117.4653  	 -98.388046 	   0.0001
   9200.126325	 -109.581297	 -90.583176 	   0.0001
   9215.226345	 -11.757944 	 7.192999   	   0.0001
   9215.228466	 -24.585504 	 -5.634425  	   0.0001
   9230.124953	 -46.302142 	 -27.412176 	   0.0001
   9230.130711	 130.860714 	 149.767727 	   0.0001
   9245.211776	 -150.268346	 -131.428143	   0.0001
   9260.112619	 83.373964  	 102.148088 	   0.0001
   9260.105964	 -24.09415  	 -5.321083  	   0.0001
   9275.204477	 -155.619868	 -136.89337 	   0.0001
   9290.103528	 -24.082411 	 -5.416291  	   0.0001
   9290.095049	 -114.807773	 -96.147532 	   0.0001
   9305.185252	 33.281337  	 51.885015  	   0.0001
   9320.090379	 -134.164716	 -115.623953	   0.0001
   9320.092624	 -72.555177 	 -54.004769 	   0.0001
   9335.181062	 92.883722  	 111.388891 	   0.0001
   9350.084688	 115.664856 	 134.106121 	   0.0001
   9350.079327	 167.785859 	 -173.77277 	   0.0001
   9365.167839	 -76.859115 	 -58.477045 	   0.0001
   9370.969477	 -162.680552	 -144.215191	   0.0001
   9380.07078 	 49.481214  	 67.832315  	   0.0001
   9395.156764	 -32.129871 	 -13.844581 	   0.0001
   9395.156757	 -169.436298	 -151.15048 	   0.0001
   9410.24717 	 -170.110659	 -151.88227 	   0.0001
   9425.143324	 -13.553246 	 4.627667   	   0.0001
   9425.147132	 108.970117 	 127.161843 	   0.0001
   9440.249799	 -119.844798	 -101.689146	   0.0001
   9455.131049	 61.004563  	 79.091387  	   0.0001
   9455.136061	 -51.242442 	 -33.149476 	   0.0001
   9470.218679	 126.78137  	 144.815254 	   0.0001
   9485.123221	 -92.097445 	 -74.10715  	   0.0001
   9485.125303	 141.662418 	 159.66016  	   0.0001
   9500.213401	 29.484318  	 47.433814  	   0.0001
   9515.110883	 60.309952  	 78.208795  	   0.0001
   9515.113983	 -8.05236   	 9.845759   	   0.0001
   9530.192128	 -81.076205 	 -63.235113 	   0.0001
   9530.204207	 128.235588 	 146.096344 	   0.0001
   9545.104191	 29.461858  	 47.282933  	   0.0001
   9560.186024	 -51.617254 	 -33.845469 	   0.0001
   9560.189387	 168.597272 	 -173.633015	   0.0001
   9575.093064	 148.21848  	 165.936814 	   0.0001
   9590.176037	 137.101756 	 154.770328 	   0.0001
   9590.164297	 26.259746  	 43.938876  	   0.0001
   9605.074037	 2.926242   	 20.556815  	   0.0001
   9620.165042	 -99.616013 	 -82.02067  	   0.0001
   9620.165071	 141.591367 	 159.194027 	   0.0001
   9635.256154	 -82.074631 	 -64.515004 	   0.0001
   9650.155095	 37.033168  	 54.547411  	   0.0001
   9650.148821	 -76.324635 	 -58.812845 	   0.0001
   9665.239751	 1.350637   	 18.833321  	   0.0001
   9680.143647	 -133.315431	 -115.871648	   0.0001
   9680.155478	 -59.308395 	 -41.86928  	   0.0001
   9695.235504	 -160.610313	 -143.21286 	   0.0001
   9710.134143	 -84.718931 	 -67.353363 	   0.0001
   9710.137645	 69.469272  	 86.832267  	   0.0001
   9725.229563	 -15.488368 	 1.847714   	   0.0001
   9725.224569	 121.838874 	 139.179048 	   0.0001
   9740.133574	 -85.728811 	 -68.433375 	   0.0001
   9755.206314	 -160.27154 	 -143.019639	   0.0001
   9755.216661	 27.457601  	 44.723719  	   0.0001
   9770.107002	 121.997494 	 139.203813 	   0.0001
   9785.199082	 -81.451392 	 -64.270813 	   0.0001
   9785.209169	 -77.055581 	 -59.865238 	   0.0001
   9800.098175	 -44.609674 	 -27.472682 	   0.0001
   9815.182385	 99.294494  	 116.405967 	   0.0001
   9815.184842	 96.061489  	 113.171623 	   0.0001
   9830.091548	 -141.955015	 -124.862842	   0.0001
   9845.175689	 -89.650167 	 -72.611928 	   0.0001
   9845.175825	 -174.280017	 -157.232576	   0.0001
   9860.084902	 103.597347 	 120.617453 	   0.0001
   9875.170455	 41.594429  	 58.580428  	   0.0001
   9875.168341	 122.542517 	 139.528976 	   0.0001
   9890.2605  	 -107.815366	 -90.857157 	   0.0001
   9905.155914	 -23.282794 	 -6.362144  	   0.0001
   9905.152066	 19.373232  	 36.294497  	   0.0001
   9920.245886	 98.82464   	 115.71085  	   0.0001
   9935.147267	 -86.880041 	 -70.018036 	   0.0001
   9935.145592	 21.223883  	 38.083647  	   0.0001
   9950.230922	 -115.619924	 -98.784768 	   0.0001
   9965.138967	 -25.458539 	 -8.648103  	   0.0001
   9965.13215 	 -42.144258 	 -25.333096 	   0.0001
   9980.218498	 6.841017   	 23.62473   	   0.0001
   9995.126153	 124.066359 	 140.811555 	   0.0001
   9995.109151	 -125.849704	 -109.122344	   0.0001
  10010.20404 	 11.216562  	 27.928304  	   0.0001
  10025.1128  	 131.184664 	 147.878661 	   0.0001
  10025.10928 	 -90.590338 	 -73.901767 	   0.0001
  10040.20727 	 141.946502 	 158.61875  	   0.0001
  10055.10122 	 56.252743  	 72.900093  	   0.0001
  10055.10774 	 179.67295  	 -163.684017	   0.0001
  10070.19011 	 111.359076 	 127.971455 	   0.0001
  10085.09736 	 157.41647  	 174.007519 	   0.0001
  10085.09673 	 146.981223 	 163.575397 	   0.0001
  10100.18293 	 36.436237  	 53.016375  	   0.0001
  10115.08724 	 -161.009901	 -144.465245	   0.0001
  10115.08598 	 -5.677773  	 10.866434  	   0.0001
  10130.17002 	 100.587546 	 117.108338 	   0.0001
  10145.25405 	 -135.57037 	 -119.070821	   0.0001
  10145.26202 	 152.289984 	 168.790038 	   0.0001
  10160.15922 	 157.143408 	 173.607107 	   0.0001
  10175.25085 	 51.182043  	 67.627046  	   0.0001
  10175.23605 	 95.346895  	 111.775412 	   0.0001
  10190.13471 	 -40.919575 	 -24.512156 	   0.0001
  10190.13969 	 123.951254 	 140.371945 	   0.0001
  10205.24139 	 1.307654   	 17.706048  	   0.0001
  10220.14093 	 9.400022   	 25.780812  	   0.0001
  10220.12941 	 51.330246  	 67.701129  	   0.0001
  10235.22119 	 -26.760019 	 -10.405046 	   0.0001
  10250.12042 	 -20.490079 	 -4.159021  	   0.0001
  10250.13055 	 101.794152 	 118.127383 	   0.0001
  10265.21871 	 -85.603751 	 -69.284296 	   0.0001
  10280.11609 	 -77.504307 	 -61.209908 	   0.0001
  10280.11621 	 29.694323  	 45.991693  	   0.0001
  10295.19259 	 4.306281   	 20.568003  	   0.0001
  10310.10427 	 -63.706316 	 -47.446871 	   0.0001
  10310.10789 	 -11.958066 	 4.302582   	   0.0001
  10325.18787 	 72.245958  	 88.471068  	   0.0001
  10340.09347 	 -125.959284	 -109.74691 	   0.0001
  10340.10007 	 2.773533   	 19.000504  	   0.0001
  10355.18069 	 126.454492 	 142.646912 	   0.0001
  10370.26491 	 -100.885223	 -84.706046 	   0.0001
  10370.2705  	 147.040886 	 163.211619 	   0.0001
  10385.17463 	 74.6003    	 90.766083  	   0.0001
  10400.25938 	 48.093645  	 64.229977  	   0.0001
  10400.25875 	 -129.705618	 -113.572273	   0.0001
  10415.15122 	 174.135256 	 -169.749748	   0.0001
  10430.2574  	 -139.806581	 -123.697488	   0.0001
  10430.25214 	 -95.833158 	 -79.728552 	   0.0001
  10445.14873 	 -15.015359 	 1.067887   	   0.0001
  10460.23268 	 -35.887882 	 -19.820369 	   0.0001
  10460.24091 	 -38.893096 	 -22.823987 	   0.0001
  10475.13378 	 100.902854 	 116.965687 	   0.0001
  10490.23024 	 -113.211102	 -97.16551  	   0.0001
  10490.23343 	 -72.958279 	 -56.910858 	   0.0001
  10505.12268 	 173.474041 	 -170.514066	   0.0001
  10520.20437 	 113.498589 	 129.50726  	   0.0001
  10520.21937 	 166.954194 	 -177.040787	   0.0001
  10535.12475 	 -109.111411	 -93.114965 	   0.0001
  10550.19777 	 -168.623459	 -152.647979	   0.0001
  10550.20888 	 22.552753  	 38.533339  	   0.0001
  10565.10271 	 -25.854208 	 -9.892334  	   0.0001
  10580.19476 	 38.698326  	 54.647199  	   0.0001
  10580.19345 	 -93.811995 	 -77.870194 	   0.0001
  10595.10395 	 -88.92936  	 -72.996779 	   0.0001
  10610.18705 	 92.425844  	 108.352102 	   0.0001
  10625.27198 	 -146.385385	 -130.489705	   0.0001
  10625.26403 	 -21.399872 	 -5.504956  	   0.0001
  10640.15939 	 74.498783  	 90.380857  	   0.0001
  10655.25034 	 -155.232547	 -139.361556	   0.0001
  10655.25919 	 13.143396  	 29.020135  	   0.0001
  10670.15388 	 90.982188  	 106.841011 	   0.0001
  10685.24419 	 -156.94583 	 -141.10174 	   0.0001
  10685.24441 	 104.732345 	 120.576496 	   0.0001
  10700.1507  	 132.91689  	 148.754203 	   0.0001
  10715.23655 	 118.704479 	 134.522499 	   0.0001
  10730.13618 	 41.758942  	 57.57048   	   0.0001
  10730.14053 	 -15.056405 	 0.757174   	   0.0001
  10745.22657 	 111.666995 	 127.471111 	   0.0001
  10760.12424 	 156.557461 	 172.33953  	   0.0001
  10760.1285  	 173.397251 	 -170.813403	   0.0001
  10775.20799 	 -170.714707	 -154.94709 	   0.0001
  10790.11405 	 91.051974  	 106.806122 	   0.0001
  10790.12361 	 -172.522231	 -156.750952	   0.0001
  10805.20473 	 11.769208  	 27.519891  	   0.0001
  10820.10201 	 -42.127334 	 -26.387519 	   0.0001
  10820.10084 	 -69.538722 	 -53.793922 	   0.0001
  10835.18463 	 -8.853393  	 6.87619    	   0.0001
  10850.09492 	 -136.362467	 -120.652065	   0.0001
  10850.08944 	 47.35816   	 63.078523  	   0.0001
  10865.18015 	 159.04332  	 174.753348 	   0.0001
  10880.27203 	 169.939573 	 -174.356646	   0.0001
  10895.17393 	 -28.230721 	 -12.542703 	   0.0001
  10895.17552 	 25.038503  	 40.730833  	   0.0001
  10910.25478 	 -92.443828 	 -76.760119 	   0.0001
  10925.15933 	 -163.952881	 -148.280808	   0.0001
  10925.15933 	 -55.924462 	 -40.250645 	   0.0001
  10940.24038 	 70.220632  	 85.869706  	   0.0001
  10955.14653 	 -26.179088 	 -10.525703 	   0.0001
  10955.14903 	 -26.277485 	 -10.625459 	   0.0001
  10970.24671 	 -115.041008	 -99.400185 	   0.0001
  10985.14011 	 -75.403351 	 -59.768025 	   0.0001
  10985.1254  	 -142.126284	 -126.506938	   0.0001
  11000.22078 	 -106.457967	 -90.840142 	   0.0001
  11015.1235  	 85.64953   	 101.275745 	   0.0001
  11030.20857 	 -22.243532 	 -6.6468    	   0.0001
  11030.21486 	 -26.03306  	 -10.426464 	   0.0001
  11045.10845 	 153.881958 	 169.471474 	   0.0001
  11045.11999 	 58.141497  	 73.75065   	   0.0001
  11060.20073 	 -152.4907  	 -136.905167	   0.0001
  11075.11719 	 147.312681 	 162.899827 	   0.0001
  11090.1906  	 -133.69484 	 -118.125238	   0.0001
  11090.1978  	 101.542919 	 117.124502 	   0.0001
  11105.28305 	 -105.357229	 -89.807776 	   0.0001
  11120.16871 	 91.149679  	 106.69764  	   0.0001
  11120.18574 	 18.210876  	 33.791405  	   0.0001
  11135.27193 	 74.28895   	 89.837904  	   0.0001
  11150.16732 	 116.820415 	 132.354313 	   0.0001
  11150.17292 	 -100.782939	 -85.23488  	   0.0001
  11165.26697 	 -148.361109	 -132.811831	   0.0001
  11180.15713 	 115.620851 	 131.151133 	   0.0001
  11180.16045 	 -86.789165 	 -71.2501   	   0.0001
  11195.24061 	 175.270372 	 -169.201378	   0.0001
  11210.15019 	 -10.330327 	 5.196099   	   0.0001
  11210.14268 	 108.296042 	 123.822065 	   0.0001
  11225.24197 	 -160.241987	 -144.732411	   0.0001
  11240.14025 	 102.822759 	 118.334785 	   0.0001
  11240.14275 	 147.488194 	 163.002197 	   0.0001
  11255.23188 	 -172.555942	 -157.055507	   0.0001
  11270.13635 	 73.874449  	 89.374955  	   0.0001
  11270.12756 	 73.004553  	 88.501765  	   0.0001
  11285.21304 	 -176.446144	 -160.955815	   0.0001
  11300.11643 	 -42.727841 	 -27.235293 	   0.0001
  11315.20639 	 -2.338653  	 13.144247  	   0.0001
  11315.21056 	 51.252792  	 66.737728  	   0.0001
  11330.10618 	 61.327884  	 76.808542  	   0.0001
  11345.19374 	 175.969938 	 -168.563731	   0.0001
  11345.19612 	 78.727221  	 94.191802  	   0.0001
  11360.27698 	 -67.178788 	 -51.718344 	   0.0001
  11375.1856  	 36.555704  	 52.022325  	   0.0001
  11375.18211 	 -7.798165  	 7.661754   	   0.0001
  11390.27115 	 78.242907  	 93.706021  	   0.0001
  11405.17115 	 -87.608995 	 -72.157789 	   0.0001
  11405.16489 	 -15.657042 	 -0.20568   	   0.0001
  11420.2599  	 62.434107  	 77.878419  	   0.0001
  11435.16501 	 90.19212   	 105.638677 	   0.0001
  11450.24867 	 -134.067589	 -118.626283	   0.0001
  11450.25176 	 101.100932 	 116.545929 	   0.0001
  11465.15444 	 76.075167  	 91.513985  	   0.0001
  11480.23462 	 155.306918 	 170.738462 	   0.0001
  11480.23923 	 -32.258022 	 -16.822127 	   0.0001
  11495.13848 	 -71.548593 	 -56.119733 	   0.0001
  11510.22158 	 138.298484 	 153.71574  	   0.0001
  11525.13273 	 171.153686 	 -173.412571	   0.0001
  11525.13338 	 -81.449704 	 -66.021142 	   0.0001
  11540.228   	 -149.209842	 -133.777858	   0.0001
  11555.12356 	 -82.389568 	 -66.973509 	   0.0001
  11555.11925 	 113.452879 	 128.870567 	   0.0001
  11570.20701 	 -135.840772	 -120.437429	   0.0001
  11585.10125 	 -47.410719 	 -32.007475 	   0.0001
  11585.09917 	 179.616115 	 -164.993658	   0.0001
  11600.19164 	 -59.074658 	 -43.6684   	   0.0001
  11615.28755 	 10.777411  	 26.186119  	   0.0001
  11630.18248 	 -93.960111 	 -78.556805 	   0.0001
  11630.19102 	 -176.72566 	 -161.317054	   0.0001
  11645.27518 	 154.691246 	 170.09511  	   0.0001
  11660.17536 	 132.419906 	 147.821735 	   0.0001
  11675.26567 	 -132.999364	 -117.598799	   0.0001
  11675.25512 	 -110.771195	 -95.386263 	   0.0001
  11690.1619  	 -101.714723	 -86.316688 	   0.0001
  11705.25072 	 -134.103682	 -118.711234	   0.0001
  11705.24785 	 -132.245688	 -116.856863	   0.0001
  11720.14991 	 31.438223  	 46.825192  	   0.0001
  11735.23405 	 -157.697434	 -142.315007	   0.0001
  11750.13803 	 57.393653  	 72.777544  	   0.0001
  11750.14898 	 44.682934  	 60.072655  	   0.0001
  11765.21442 	 -26.121388 	 -10.741431 	   0.0001
  11780.13439 	 -154.038176	 -138.646372	   0.0001
  11792.13598 	 84.128007  	 99.507234  	   0.0001
  11795.22217 	 45.007978  	 60.398394  	   0.0001
  11810.12179 	 -170.054274	 -154.672763	   0.0001
  11825.20183 	 125.84781  	 141.227003 	   0.0001
  11825.20918 	 21.534892  	 36.914432  	   0.0001
  11840.28923 	 71.653377  	 87.027106  	   0.0001
  11855.18847 	 -134.289252	 -118.916666	   0.0001
  11870.28056 	 13.140243  	 28.510781  	   0.0001
  11870.28298 	 150.987867 	 166.364081 	   0.0001
  11885.18627 	 166.60631  	 -178.023159	   0.0001
  11900.26998 	 -59.649249 	 -44.271749 	   0.0001
  11900.26552 	 121.042529 	 136.404885 	   0.0001
  11915.17039 	 27.901147  	 43.274151  	   0.0001
  11930.26625 	 -111.502853	 -96.128008 	   0.0001
  11945.16183 	 175.463356 	 -169.161748	   0.0001
  11945.16185 	 171.23409  	 -173.388676	   0.0001
  11960.25411 	 65.666336  	 81.056829  	   0.0001
  11975.14314 	 32.327389  	 47.70028   	   0.0001
  11975.16031 	 46.944253  	 62.31587   	   0.0001
  11990.24131 	 -110.114983	 -94.73517  	   0.0001
  12005.13439 	 -177.23103 	 -161.869494	   0.0001
  12020.22718 	 95.809969  	 111.182068 	   0.0001
  12020.23558 	 39.95876   	 55.343528  	   0.0001
  12035.13325 	 66.973429  	 82.353402  	   0.0001
  12050.21005 	 -107.274768	 -91.905903 	   0.0001
  12065.12251 	 167.823036 	 -176.800734	   0.0001
  12065.11382 	 52.987306  	 68.362661  	   0.0001
  12080.20281 	 91.87256   	 107.243413 	   0.0001
  12095.30388 	 17.638681  	 33.022401  	   0.0001
  12095.29392 	 120.434545 	 135.803228 	   0.0001
  12110.19176 	 9.325893   	 24.702786  	   0.0001
  12125.28942 	 148.457479 	 163.83758  	   0.0001
  12125.28876 	 -1.367791  	 14.009872  	   0.0001
  12140.18939 	 34.209698  	 49.587103  	   0.0001
  12155.27623 	 77.078857  	 92.45705   	   0.0001
  12170.16899 	 -66.791136 	 -51.414072 	   0.0001
  12170.17861 	 -30.230218 	 -14.843667 	   0.0001
  12185.25688 	 -156.59377 	 -141.219393	   0.0001
  12200.17148 	 -64.971755 	 -49.586146 	   0.0001
  12200.15949 	 18.774723  	 34.157514  	   0.0001
  12215.24962 	 -170.852652	 -155.47346 	   0.0001
  12230.13804 	 -108.531593	 -93.154333 	   0.0001
  12230.14366 	 -90.913998 	 -75.53804  	   0.0001
  12245.23448 	 2.043346   	 17.417693  	   0.0001
  12260.13713 	 -99.890765 	 -84.507201 	   0.0001
  12275.23211 	 -129.64655 	 -114.259947	   0.0001
  12275.23241 	 -82.375609 	 -66.987608 	   0.0001
  12290.12703 	 151.407095 	 166.792682 	   0.0001
  12305.22232 	 -83.526044 	 -68.130827 	   0.0001
  12305.21167 	 -62.980559 	 -47.592674 	   0.0001
  12320.11435 	 -10.659245 	 4.72109    	   0.0001
  12335.20238 	 -49.694827 	 -34.305132 	   0.0001
  12350.29406 	 0.044703   	 15.441233  	   0.0001
  12350.30174 	 -99.552838 	 -84.159509 	   0.0001
  12365.19248 	 120.386508 	 135.782258 	   0.0001
  12380.28504 	 -13.488971 	 1.916876   	   0.0001
  12380.28354 	 21.458647  	 36.861481  	   0.0001
  12395.17662 	 6.971312   	 22.350999  	   0.0001
  12410.26842 	 87.307317  	 102.703542 	   0.0001
  12425.17861 	 58.451763  	 73.862642  	   0.0001
  12425.19188 	 -62.895237 	 -47.471324 	   0.0001
  12440.26793 	 -144.792745	 -129.380093	   0.0001
  12455.16377 	 -115.473576	 -100.062647	   0.0001
  12455.16838 	 67.837859  	 83.250373  	   0.0001
  12470.26019 	 169.583643 	 -174.992444	   0.0001
  12485.14292 	 -19.57423  	 -4.183463  	   0.0001
  12500.27284 	 -81.624085 	 -66.173308 	   0.0001
  12500.21627 	 -126.289314	 -110.864541	   0.0001
  12515.14665 	 -162.399153	 -146.970213	   0.0001
  12530.22838 	 90.855783  	 106.282725 	   0.0001
  12530.23192 	 169.188491 	 -175.391965	   0.0001
  12545.13202 	 71.040699  	 86.46363   	   0.0001
  12560.21905 	 111.491641 	 126.914771 	   0.0001
  12575.31421 	 -70.235599 	 -54.803172 	   0.0001
  12575.30743 	 130.417806 	 145.846826 	   0.0001
  12590.19424 	 37.660968  	 53.062283  	   0.0001
  12605.28963 	 91.951008  	 107.36334  	   0.0001
  12605.30364 	 -48.977797 	 -33.527677 	   0.0001
  12620.20847 	 -125.629227	 -110.162285	   0.0001
  12635.27631 	 11.733776  	 27.153477  	   0.0001
  12650.19688 	 152.468537 	 167.920234 	   0.0001
  12650.19314 	 -168.905237	 -153.455999	   0.0001
  12665.27093 	 174.786547 	 -169.779123	   0.0001
  12680.17012 	 56.865161  	 72.313927  	   0.0001
  12695.26761 	 64.351027  	 79.800676  	   0.0001
  12695.26835 	 134.098605 	 149.548275 	   0.0001
  12710.16943 	 -42.562971 	 -27.099988 	   0.0001
  12725.24374 	 21.329794  	 36.775004  	   0.0001
  12725.25128 	 82.834147  	 98.299909  	   0.0001
  12740.16538 	 -30.661887 	 -15.194609 	   0.0001
  12755.24282 	 -119.715686	 -104.257882	   0.0001
  12770.14478 	 -1.259306  	 14.213962  	   0.0001
  12770.14162 	 -28.865225 	 -13.397063 	   0.0001
  12785.22501 	 69.816076  	 85.293002  	   0.0001
  12800.11935 	 54.744671  	 70.214928  	   0.0001
  12815.21515 	 50.006726  	 65.492496  	   0.0001
  12815.21454 	 36.848909  	 52.32466   	   0.0001
  12830.30528 	 1.18108    	 16.66323   	   0.0001
  12845.20846 	 116.635087 	 132.111305 	   0.0001
  12860.2888  	 -97.380351 	 -81.891684 	   0.0001
  12860.28368 	 -53.627638 	 -38.151991 	   0.0001
  12875.20111 	 179.528728 	 -164.985267	   0.0001
  12890.28359 	 -148.226808	 -132.73314 	   0.0001
  12890.28882 	 3.429664   	 18.933607  	   0.0001
  12905.19064 	 31.423156  	 46.925213  	   0.0001
  12920.27521 	 -138.412967	 -122.910971	   0.0001
  12935.17453 	 133.0914   	 148.605398 	   0.0001
  12935.17713 	 163.804827 	 179.314554 	   0.0001
  12950.26657 	 -156.371151	 -140.854467	   0.0001
  12965.15246 	 -75.204108 	 -59.69393  	   0.0001
  12980.2663  	 67.167894  	 82.714476  	   0.0001
  12980.2483  	 -107.931267	 -92.425268 	   0.0001
  12995.15555 	 -63.80705  	 -48.266239 	   0.0001
  13010.23293 	 140.057639 	 155.583664 	   0.0001
  13025.14579 	 43.063886  	 58.601397  	   0.0001
  13025.14778 	 64.589436  	 80.141893  	   0.0001
  13040.21929 	 145.510489 	 161.047734 	   0.0001
  13055.13587 	 -77.203647 	 -61.653946 	   0.0001
  13070.21405 	 131.456447 	 147.001137 	   0.0001
  13070.21775 	 -73.754639 	 -58.214803 	   0.0001
  13085.30739 	 74.875341  	 90.424664  	   0.0001
  13100.21024 	 169.982382 	 -174.455567	   0.0001
  13115.30274 	 -141.274454	 -125.702765	   0.0001
  13115.28872 	 49.088645  	 64.638972  	   0.0001
  13130.20539 	 -17.998966 	 -2.425105  	   0.0001
  13145.28249 	 -1.744396  	 13.825362  	   0.0001
  13160.19232 	 124.927826 	 140.499099 	   0.0001
  13160.17928 	 -50.958087 	 -35.398058 	   0.0001
  13175.27778 	 30.258574  	 45.848821  	   0.0001
  13190.16985 	 -39.717417 	 -24.135034 	   0.0001
  13205.27181 	 158.033716 	 173.653766 	   0.0001
  13205.24857 	 14.503928  	 30.080762  	   0.0001
  13220.16486 	 101.157661 	 116.755347 	   0.0001
  13235.24593 	 -90.370913 	 -74.783154 	   0.0001
  13250.1673  	 153.326615 	 168.965258 	   0.0001
  13250.15438 	 -119.902849	 -104.29644 	   0.0001
  13265.23103 	 67.894401  	 83.49598   	   0.0001
  13280.1473  	 67.299177  	 82.924817  	   0.0001
  13295.23309 	 -147.883854	 -132.256422	   0.0001
  13295.22442 	 -61.88217  	 -46.267175 	   0.0001
  13310.31452 	 -139.560988	 -123.933808	   0.0001
  13325.21234 	 122.041506 	 137.663581 	   0.0001
  13325.22679 	 152.147131 	 167.783194 	   0.0001
  13340.30399 	 -164.592887	 -148.960051	   0.0001
  13355.2009  	 37.051976  	 52.697855  	   0.0001
  13370.3102  	 -159.392736	 -143.723292	   0.0001
  13385.19167 	 -156.492985	 -140.842084	   0.0001
  13385.2029  	 -130.685789	 -115.023163	   0.0001
  13400.28181 	 -77.814213 	 -62.168817 	   0.0001
  13415.19031 	 -88.407069 	 -72.733436 	   0.0001
  13430.2773  	 144.570272 	 160.240739 	   0.0001
  13430.27119 	 -4.545388  	 11.108173  	   0.0001
  13445.17144 	 -168.76657 	 -153.085946	   0.0001
  13460.27264 	 126.039683 	 141.733009 	   0.0001
  13475.1693  	 66.97946   	 82.657688  	   0.0001
  13475.15705 	 133.798158 	 149.47971  	   0.0001
  13490.24948 	 -1.187931  	 14.510337  	   0.0001
  13505.15968 	 -134.92238 	 -119.205999	   0.0001
  13520.24617 	 155.483849 	 171.197512 	   0.0001
  13520.23138 	 -51.893075 	 -36.209775 	   0.0001
  13535.14244 	 109.683677 	 125.388015 	   0.0001
  13550.22799 	 -124.979108	 -109.276258	   0.0001
  13565.33087 	 -99.779467 	 -84.056228 	   0.0001
  13565.30968 	 70.833577  	 86.531444  	   0.0001
              	            	            	    
              	            	            	    
              	            	            	    
              	            	            	    
              	            	            	    
              	            	            	    
              	            	            	    
              	            	            	    
              	            	            	    
              	            	            	    
              	            	            	    
              	            	            	    
              	            	            	    
              	            	            	    
              	            	            	    
              	            	            	    
              	            	            	    
              	            	            	    
              	            	            	    
              	            	            	    
              	            	            	    
              	            	            	    
              	            	            	    
              	            	            	    