   2270.044332	 2.165555	 2.149989	   0.013
   2270.042049	 2.165665	 2.149958	   0.013
   2285.131956	 2.16545 	 2.149742	   0.013
   2285.121591	 2.165835	 2.149882	   0.013
   2285.13414 	 2.165676	 2.149895	   0.013
   2300.038891	 2.165766	 2.150124	   0.013
   2300.032337	 2.16561 	 2.149798	   0.013
   2315.124406	 2.165553	 2.149742	   0.013
   2315.125022	 2.165587	 2.149669	   0.013
   2330.021558	 2.165742	 2.149645	   0.013
   2330.0248  	 2.165741	 2.149732	   0.013
   2345.114029	 2.165467	 2.14966 	   0.013
   2345.116254	 2.165418	 2.149537	   0.013
   2360.013002	 2.165628	 2.149583	   0.013
   2360.007191	 2.165533	 2.149476	   0.013
   2375.098877	 2.1655  	 2.149539	   0.013
   2375.103256	 2.165694	 2.149617	   0.013
   2375.106352	 2.16543 	 2.149502	   0.013
   2389.996058	 2.165461	 2.149452	   0.013
   2389.984803	 2.165594	 2.149365	   0.013
   2405.087479	 2.165462	 2.149406	   0.013
   2405.085362	 2.165394	 2.149362	   0.013
   2419.9936  	 2.165453	 2.149282	   0.013
   2419.991748	 2.16555 	 2.149377	   0.013
   2435.075606	 2.16549 	 2.149316	   0.013
   2435.078426	 2.16553 	 2.149322	   0.013
   2435.087834	 2.165352	 2.149261	   0.013
   2449.979786	 2.165534	 2.149234	   0.013
   2449.985397	 2.165447	 2.149066	   0.013
   2465.073922	 2.165526	 2.148986	   0.013
   2465.064336	 2.165491	 2.14923 	   0.013
   2479.960959	 2.165388	 2.149028	   0.013
   2479.962555	 2.165424	 2.149123	   0.013
   2495.062508	 2.16547 	 2.149191	   0.013
   2495.051044	 2.165531	 2.14906 	   0.013
   2509.963002	 2.165592	 2.148973	   0.013
   2509.952705	 2.165354	 2.148907	   0.013
   2525.045422	 2.165527	 2.149181	   0.013
   2525.045076	 2.165722	 2.149221	   0.013
   2540.133303	 2.16549 	 2.148814	   0.013
   2540.131692	 2.165546	 2.148935	   0.013
   2555.032588	 2.165495	 2.148842	   0.013
   2555.038627	 2.165355	 2.148862	   0.013
   2555.035655	 2.165412	 2.148729	   0.013
   2570.125262	 2.165366	 2.148751	   0.013
   2570.121714	 2.165361	 2.148598	   0.013
   2585.018646	 2.165346	 2.148543	   0.013
   2585.01244 	 2.165414	 2.14876 	   0.013
   2600.118889	 2.165374	 2.14864 	   0.013
   2600.115965	 2.165493	 2.148667	   0.013
   2615.013002	 2.165485	 2.14866 	   0.013
   2615.007052	 2.165306	 2.148404	   0.013
   2630.098609	 2.165241	 2.148519	   0.013
   2630.09939 	 2.16537 	 2.148357	   0.013
   2645.005212	 2.165423	 2.148495	   0.013
   2645.009324	 2.165351	 2.148416	   0.013
   2660.085592	 2.165409	 2.148462	   0.013
   2660.089812	 2.16546 	 2.148611	   0.013
   2674.993319	 2.165386	 2.148292	   0.013
   2674.988932	 2.165461	 2.148492	   0.013
   2690.073155	 2.165493	 2.148256	   0.013
   2690.07169 	 2.165484	 2.148353	   0.013
   2690.076414	 2.165393	 2.148257	   0.013
   2704.983411	 2.165368	 2.148224	   0.013
   2704.979179	 2.165482	 2.148361	   0.013
   2720.07138 	 2.165433	 2.148302	   0.013
   2720.065991	 2.165286	 2.148199	   0.013
   2734.971244	 2.165372	 2.148102	   0.013
   2734.971888	 2.165398	 2.148064	   0.013
   2750.063203	 2.165457	 2.148019	   0.013
   2750.059382	 2.165433	 2.148172	   0.013
   2764.950085	 2.165555	 2.148153	   0.013
   2764.967359	 2.165423	 2.147908	   0.013
   2780.04676 	 2.165431	 2.147853	   0.013
   2780.045489	 2.165364	 2.148032	   0.013
   2795.130964	 2.165395	 2.147864	   0.013
   2795.132787	 2.165384	 2.147916	   0.013
   2810.042359	 2.165464	 2.147808	   0.013
   2810.031105	 2.16539 	 2.147706	   0.013
   2825.124501	 2.165339	 2.147481	   0.013
   2825.121624	 2.165243	 2.147672	   0.013
   2840.020921	 2.165424	 2.14766 	   0.013
   2840.028155	 2.165228	 2.14765 	   0.013
   2855.114039	 2.165374	 2.147576	   0.013
   2855.112149	 2.165416	 2.147745	   0.013
   2870.013199	 2.165246	 2.147357	   0.013
   2870.013135	 2.165352	 2.147602	   0.013
   2870.013888	 2.165282	 2.147353	   0.013
   2885.106098	 2.16547 	 2.147427	   0.013
   2885.102027	 2.165424	 2.147423	   0.013
   2900.012664	 2.165264	 2.14723 	   0.013
   2900.013161	 2.16533 	 2.147296	   0.013
   2915.087852	 2.165363	 2.147135	   0.013
   2915.095629	 2.165468	 2.147236	   0.013
   2929.995757	 2.165301	 2.147232	   0.013
   2929.990418	 2.165209	 2.147102	   0.013
   2945.074488	 2.165421	 2.147032	   0.013
   2945.079361	 2.165372	 2.147145	   0.013
   2959.969961	 2.165367	 2.147152	   0.013
   2959.985329	 2.165263	 2.146912	   0.013
   2975.060012	 2.165422	 2.146925	   0.013
   2975.059683	 2.16551 	 2.147185	   0.013
   2989.964593	 2.165463	 2.147024	   0.013
   2989.970215	 2.165447	 2.147131	   0.013
   3005.047273	 2.16532 	 2.146997	   0.013
   3005.049256	 2.16535 	 2.147022	   0.013
   3005.054838	 2.165322	 2.146644	   0.013
   3020.150513	 2.165177	 2.146909	   0.013
   3020.142411	 2.165262	 2.14668 	   0.013
   3035.044134	 2.165421	 2.146708	   0.013
   3035.044332	 2.165351	 2.146798	   0.013
   3050.132967	 2.165401	 2.146745	   0.013
   3050.13483 	 2.16534 	 2.146525	   0.013
   3065.030476	 2.165142	 2.146485	   0.013
   3065.036015	 2.165531	 2.146727	   0.013
   3080.11765 	 2.165448	 2.146525	   0.013
   3080.13235 	 2.165451	 2.146614	   0.013
   3095.029055	 2.165439	 2.146508	   0.013
   3095.023739	 2.165456	 2.146423	   0.013
   3110.118272	 2.165361	 2.146263	   0.013
   3110.116065	 2.165417	 2.146464	   0.013
   3110.107889	 2.165382	 2.146452	   0.013
   3125.014032	 2.165116	 2.146292	   0.013
   3125.289826	 2.165426	 2.146281	   0.013
   3140.104283	 2.165458	 2.146225	   0.013
   3140.103488	 2.165352	 2.146118	   0.013
   3155.000854	 2.165445	 2.146108	   0.013
   3155.001943	 2.165364	 2.146158	   0.013
   3170.087992	 2.165413	 2.146125	   0.013
   3170.097316	 2.165354	 2.146052	   0.013
   3184.987499	 2.165278	 2.145905	   0.013
   3184.99441 	 2.165348	 2.146015	   0.013
   3200.083435	 2.165332	 2.145955	   0.013
   3200.076755	 2.165272	 2.145817	   0.013
   3214.982499	 2.165379	 2.145727	   0.013
   3214.974425	 2.165304	 2.145671	   0.013
   3230.067964	 2.165237	 2.145621	   0.013
   3230.063773	 2.165379	 2.145683	   0.013
   3244.969494	 2.165336	 2.145607	   0.013
   3244.967827	 2.165438	 2.1457  	   0.013
   3260.060087	 2.165473	 2.145555	   0.013
   3260.057694	 2.165317	 2.145605	   0.013
   3275.139407	 2.165417	 2.145425	   0.013
   3275.143039	 2.165369	 2.145369	   0.013
   3290.052233	 2.16525 	 2.145412	   0.013
   3290.054745	 2.165381	 2.145208	   0.013
   3305.128705	 2.165459	 2.145274	   0.013
   3305.138172	 2.165251	 2.145284	   0.013
   3320.034691	 2.16547 	 2.14523 	   0.013
   3320.033173	 2.165228	 2.145118	   0.013
   3335.127064	 2.165486	 2.145109	   0.013
   3335.126593	 2.165431	 2.145084	   0.013
   3350.02123 	 2.165437	 2.145038	   0.013
   3350.014045	 2.165433	 2.145005	   0.013
   3365.110734	 2.165337	 2.144867	   0.013
   3365.118669	 2.165303	 2.145009	   0.013
   3380.018944	 2.165381	 2.144818	   0.013
   3380.015167	 2.165418	 2.144932	   0.013
   3395.103709	 2.165434	 2.144625	   0.013
   3395.097325	 2.165448	 2.14468 	   0.013
   3410.005619	 2.165583	 2.144813	   0.013
   3410.002028	 2.165372	 2.144681	   0.013
   3425.099371	 2.165578	 2.144515	   0.013
   3425.103637	 2.1656  	 2.144732	   0.013
   3439.989388	 2.165457	 2.144354	   0.013
   3439.992889	 2.16551 	 2.144469	   0.013
   3455.080538	 2.165412	 2.144404	   0.013
   3455.083268	 2.165617	 2.144496	   0.013
   3469.975462	 2.165415	 2.144446	   0.013
   3469.981618	 2.165468	 2.144393	   0.013
   3485.070588	 2.165488	 2.144408	   0.013
   3485.076508	 2.165459	 2.14418 	   0.013
   3499.972654	 2.165521	 2.144016	   0.013
   3499.975176	 2.165499	 2.144034	   0.013
   3515.060992	 2.165439	 2.144074	   0.013
   3515.054461	 2.165605	 2.144017	   0.013
   3522.679438	 2.164954	 2.143567	   0.013
   3530.144158	 2.165334	 2.143875	   0.013
   3530.14382 	 2.165372	 2.143855	   0.013
   3545.04606 	 2.165453	 2.143856	   0.013
   3560.137568	 2.165542	 2.143745	   0.013
   3560.132596	 2.165311	 2.143713	   0.013
   3575.030491	 2.165483	 2.143559	   0.013
   3575.042164	 2.165552	 2.143662	   0.013
   3590.127894	 2.165576	 2.14358 	   0.013
   3590.116183	 2.165443	 2.143565	   0.013
   3605.032358	 2.165601	 2.143492	   0.013
   3605.025387	 2.165713	 2.143472	   0.013
   3620.111987	 2.165623	 2.143352	   0.013
   3620.114203	 2.165386	 2.143207	   0.013
   3635.017217	 2.165581	 2.143385	   0.013
   3635.01406 	 2.165471	 2.143135	   0.013
   3650.105288	 2.165452	 2.142953	   0.013
   3650.094887	 2.16547 	 2.142914	   0.013
   3665.012601	 2.165578	 2.142916	   0.013
   3665.00163 	 2.165599	 2.14314 	   0.013
   3665.011111	 2.165575	 2.142906	   0.013
   3680.09661 	 2.165563	 2.142879	   0.013
   3694.985325	 2.165539	 2.142748	   0.013
   3694.989241	 2.165639	 2.142799	   0.013
   3710.079539	 2.165462	 2.142626	   0.013
   3710.085991	 2.16561 	 2.142816	   0.013
   3724.981775	 2.165559	 2.142434	   0.013
   3724.986535	 2.165537	 2.142466	   0.013
   3724.983912	 2.165711	 2.142579	   0.013
   3740.071036	 2.16554 	 2.142389	   0.013
   3740.323716	 2.165786	 2.142509	   0.013
   3755.158889	 2.165488	 2.142289	   0.013
   3755.388994	 2.165856	 2.142477	   0.013
   3770.058181	 2.165544	 2.142226	   0.013
   3785.141604	 2.165472	 2.141942	   0.013
   3785.153675	 2.165475	 2.141895	   0.013
   3800.04747 	 2.165439	 2.141703	   0.013
   3800.055195	 2.16569 	 2.141924	   0.013
   3815.131267	 2.16551 	 2.141723	   0.013
   3815.133399	 2.165618	 2.141807	   0.013
   3830.032749	 2.165517	 2.141522	   0.013
   3830.032099	 2.16548 	 2.141558	   0.013
   3845.126427	 2.165648	 2.141481	   0.013
   3845.13126 	 2.165763	 2.141656	   0.013
   3860.026277	 2.165648	 2.141386	   0.013
   3860.028066	 2.165635	 2.141532	   0.013
   3875.115027	 2.165667	 2.141467	   0.013
   3875.118209	 2.165444	 2.141326	   0.013
   3890.024682	 2.165685	 2.141033	   0.013
   3890.019996	 2.165719	 2.141339	   0.013
   3905.102719	 2.165864	 2.141189	   0.013
   3905.105288	 2.165815	 2.141134	   0.013
   3920.006047	 2.165662	 2.140893	   0.013
   3920.00102 	 2.165648	 2.140938	   0.013
   3935.100542	 2.165753	 2.140778	   0.013
   3935.088435	 2.165678	 2.140897	   0.013
   3949.98884 	 2.165833	 2.140646	   0.013
   3949.988145	 2.165724	 2.140656	   0.013
   3965.077432	 2.165764	 2.140495	   0.013
   3965.083388	 2.165622	 2.140596	   0.013
   3979.982755	 2.1657  	 2.140354	   0.013
   3979.989597	 2.165814	 2.140455	   0.013
   3995.06139 	 2.165794	 2.140384	   0.013
   3995.064429	 2.165672	 2.140148	   0.013
   4010.160722	 2.165655	 2.140018	   0.013
   4010.166488	 2.16587 	 2.14008 	   0.013
   4025.065132	 2.165702	 2.1401  	   0.013
   4025.054477	 2.16575 	 2.140075	   0.013
   4040.146749	 2.165845	 2.140051	   0.013
   4040.152246	 2.165516	 2.139631	   0.013
   4055.039641	 2.165667	 2.139762	   0.013
   4055.04368 	 2.165711	 2.139594	   0.013
   4070.136507	 2.16579 	 2.139644	   0.013
   4070.133659	 2.165859	 2.139636	   0.013
   4085.037629	 2.165817	 2.139333	   0.013
   4085.041158	 2.165611	 2.139434	   0.013
   4100.124627	 2.165777	 2.139196	   0.013
   4100.125076	 2.165808	 2.139132	   0.013
   4115.030136	 2.1659  	 2.139153	   0.013
   4115.027649	 2.165941	 2.13904 	   0.013
   4130.11249 	 2.165985	 2.13896 	   0.013
   4130.113723	 2.16598 	 2.139053	   0.013
   4145.014769	 2.165784	 2.138824	   0.013
   4145.017806	 2.165891	 2.138914	   0.013
   4160.102741	 2.165906	 2.138553	   0.013
   4160.107163	 2.165978	 2.138684	   0.013
   4174.995883	 2.165899	 2.138521	   0.013
   4174.997358	 2.165981	 2.138521	   0.013
   4190.094039	 2.166011	 2.138316	   0.013
   4204.988822	 2.165943	 2.138011	   0.013
   4205.000545	 2.165839	 2.13817 	   0.013
   4220.076037	 2.166035	 2.137901	   0.013
   4220.085007	 2.166023	 2.137916	   0.013
   4234.988847	 2.166088	 2.137974	   0.013
   4234.985398	 2.166052	 2.13788 	   0.013
   4250.07536 	 2.166101	 2.137656	   0.013
   4250.078329	 2.165915	 2.137686	   0.013
   4265.164876	 2.166186	 2.137686	   0.013
   4265.169965	 2.166118	 2.13748 	   0.013
   4280.057899	 2.165954	 2.137245	   0.013
   4280.059075	 2.165995	 2.137328	   0.013
   4295.147006	 2.166126	 2.137221	   0.013
   4295.150879	 2.166167	 2.137204	   0.013
   4310.053444	 2.165847	 2.136809	   0.013
   4310.051097	 2.166108	 2.136809	   0.013
   4325.142286	 2.165996	 2.136825	   0.013
   4325.134179	 2.16608 	 2.136834	   0.013
   4340.04526 	 2.166061	 2.136483	   0.013
   4354.074584	 2.165529	 2.135823	   0.013
   4355.11942 	 2.166211	 2.136555	   0.013
   4370.023462	 2.166314	 2.136365	   0.013
   4370.021285	 2.16624 	 2.136256	   0.013
   4385.112904	 2.166377	 2.136189	   0.013
   4385.114387	 2.166093	 2.136003	   0.013
   4400.01966 	 2.166149	 2.135939	   0.013
   4400.014942	 2.166319	 2.135825	   0.013
   4415.110473	 2.166137	 2.135683	   0.013
   4415.106417	 2.166344	 2.135787	   0.013
   4430.010125	 2.166315	 2.135315	   0.013
   4430.004746	 2.166249	 2.135391	   0.013
   4445.098414	 2.166372	 2.135352	   0.013
   4445.096941	 2.166289	 2.135146	   0.013
   4459.998579	 2.166362	 2.135106	   0.013
   4459.994025	 2.166256	 2.135038	   0.013
   4475.082886	 2.166608	 2.13512 	   0.013
   4475.080581	 2.166263	 2.134778	   0.013
   4490.182464	 2.16617 	 2.134576	   0.013
   4490.171772	 2.166395	 2.134706	   0.013
   4505.072468	 2.166433	 2.134337	   0.013
   4520.158403	 2.166582	 2.13422 	   0.013
   4520.160516	 2.166378	 2.134173	   0.013
   4535.058785	 2.166402	 2.13399 	   0.013
   4535.056861	 2.166433	 2.133878	   0.013
   4550.152012	 2.166441	 2.133747	   0.013
   4550.149073	 2.166393	 2.133716	   0.013
   4565.055991	 2.166556	 2.13369 	   0.013
   4565.042782	 2.166579	 2.133577	   0.013
   4580.146448	 2.166598	 2.133493	   0.013
   4580.136655	 2.16652 	 2.13334 	   0.013
   4595.051147	 2.166463	 2.13309 	   0.013
   4595.039298	 2.166538	 2.13312 	   0.013
   4610.116722	 2.166498	 2.132903	   0.013
   4610.123023	 2.166544	 2.132929	   0.013
   4625.027508	 2.166432	 2.132718	   0.013
   4625.02728 	 2.166552	 2.132704	   0.013
   4640.113018	 2.166826	 2.132596	   0.013
   4640.111935	 2.166766	 2.13249 	   0.013
   4655.022498	 2.16668 	 2.132385	   0.013
   4655.016429	 2.166709	 2.132332	   0.013
   4670.109838	 2.166864	 2.131987	   0.013
   4670.105783	 2.166698	 2.13184 	   0.013
   4684.99706 	 2.166724	 2.131844	   0.013
   4700.088784	 2.166755	 2.131495	   0.013
   4700.087346	 2.166891	 2.131595	   0.013
   4715.003939	 2.166617	 2.131326	   0.013
   4714.996341	 2.166707	 2.131222	   0.013
   4730.086127	 2.166844	 2.130901	   0.013
   4730.086231	 2.166922	 2.130902	   0.013
   4745.164762	 2.166829	 2.130638	   0.013
   4745.175832	 2.166832	 2.130755	   0.013
   4760.086859	 2.166829	 2.130515	   0.013
   4760.06157 	 2.166858	 2.130364	   0.013
   4775.158342	 2.167115	 2.130227	   0.013
   4775.160865	 2.167084	 2.130264	   0.013
   4790.059409	 2.166945	 2.129808	   0.013
   4790.066326	 2.166941	 2.129807	   0.013
   4805.155555	 2.166995	 2.12961 	   0.013
   4805.144643	 2.166951	 2.129643	   0.013
   4820.051115	 2.16694 	 2.129181	   0.013
   4820.052572	 2.167067	 2.129321	   0.013
   4835.12565 	 2.167018	 2.129053	   0.013
   4835.138013	 2.167002	 2.128964	   0.013
   4850.046052	 2.166986	 2.128689	   0.013
   4865.13009 	 2.167176	 2.128506	   0.013
   4865.131152	 2.167167	 2.128463	   0.013
   4880.031306	 2.16724 	 2.128306	   0.013
   4880.035141	 2.167058	 2.128176	   0.013
   4895.12483 	 2.167205	 2.127839	   0.013
   4895.1114  	 2.167262	 2.127917	   0.013
   4910.018495	 2.167194	 2.12725 	   0.013
   4910.023933	 2.167213	 2.127479	   0.013
   4925.106043	 2.167448	 2.127208	   0.013
   4925.104387	 2.167355	 2.127293	   0.013
   4940.007524	 2.167377	 2.127033	   0.013
   4940.012965	 2.167267	 2.126823	   0.013
   4955.093549	 2.167502	 2.126641	   0.013
   4955.094164	 2.167646	 2.126723	   0.013
   4969.995684	 2.167656	 2.126246	   0.013
   4969.997832	 2.167424	 2.126343	   0.013
   4985.082687	 2.167722	 2.126145	   0.013
   4985.084689	 2.1674  	 2.126018	   0.013
   5000.169525	 2.167706	 2.125695	   0.013
   5000.177413	 2.167422	 2.125946	   0.013
   5015.075465	 2.167765	 2.1255  	   0.013
   5015.083531	 2.167718	 2.12556 	   0.013
   5030.162343	 2.167743	 2.125061	   0.013
   5045.064772	 2.167827	 2.124857	   0.013
   5045.054616	 2.167802	 2.12477 	   0.013
   5060.150821	 2.167806	 2.124382	   0.013
   5060.153376	 2.167882	 2.124292	   0.013
   5075.054438	 2.167989	 2.124149	   0.013
   5075.052571	 2.167792	 2.124099	   0.013
   5090.142215	 2.168105	 2.123802	   0.013
   5090.143426	 2.168008	 2.123666	   0.013
   5105.039415	 2.168134	 2.12334 	   0.013
   5105.041467	 2.167953	 2.123337	   0.013
   5120.129002	 2.168227	 2.122961	   0.013
   5120.126442	 2.168131	 2.12287 	   0.013
   5135.038173	 2.168276	 2.12262 	   0.013
   5135.023041	 2.168003	 2.122553	   0.013
   5150.117499	 2.168256	 2.122097	   0.013
   5165.022831	 2.168283	 2.121815	   0.013
   5165.022215	 2.168297	 2.121801	   0.013
   5180.097925	 2.168319	 2.121287	   0.013
   5180.114627	 2.168274	 2.121371	   0.013
   5195.015964	 2.168538	 2.121054	   0.013
   5195.023132	 2.168547	 2.121221	   0.013
   5210.088886	 2.168416	 2.120537	   0.013
   5210.089534	 2.168433	 2.120598	   0.013
   5225.186234	 2.168498	 2.120096	   0.013
   5225.183301	 2.168533	 2.120168	   0.013
   5240.074841	 2.168698	 2.11981 	   0.013
   5240.084013	 2.168635	 2.119785	   0.013
   5255.165867	 2.168566	 2.119316	   0.013
   5255.168785	 2.168612	 2.119421	   0.013
   5270.072964	 2.168765	 2.118937	   0.013
   5270.069225	 2.168857	 2.118825	   0.013
   5285.163805	 2.168864	 2.118584	   0.013
   5285.155685	 2.168859	 2.118514	   0.013
   5300.068167	 2.168838	 2.118096	   0.013
   5315.144715	 2.169043	 2.117502	   0.013
   5315.152742	 2.168988	 2.117585	   0.013
   5330.054472	 2.168988	 2.117009	   0.013
   5330.048081	 2.168861	 2.117163	   0.013
   5345.135225	 2.169173	 2.116629	   0.013
   5345.132554	 2.169108	 2.116653	   0.013
   5360.040877	 2.169089	 2.116047	   0.013
   5360.038502	 2.169307	 2.116217	   0.013
   5375.124407	 2.16949 	 2.115699	   0.013
   5375.132038	 2.16914 	 2.115595	   0.013
   5390.031199	 2.169165	 2.114996	   0.013
   5405.120771	 2.169572	 2.114582	   0.013
   5405.121772	 2.169599	 2.114588	   0.013
   5420.017922	 2.169394	 2.114029	   0.013
   5420.018562	 2.169746	 2.114398	   0.013
   5435.102518	 2.169689	 2.113684	   0.013
   5435.110997	 2.16967 	 2.113587	   0.013
   5450.001515	 2.169586	 2.112771	   0.013
   5450.008834	 2.169773	 2.112876	   0.013
   5465.099616	 2.169974	 2.112478	   0.013
   5465.094099	 2.169772	 2.112446	   0.013
   5480.184734	 2.16983 	 2.111959	   0.013
   5495.081559	 2.170168	 2.1113  	   0.013
   5495.083124	 2.169916	 2.111307	   0.013
   5510.176956	 2.170256	 2.110793	   0.013
   5510.173666	 2.170267	 2.110913	   0.013
   5525.072696	 2.170321	 2.110017	   0.013
   5525.073627	 2.170202	 2.11033 	   0.013
   5540.155247	 2.170304	 2.109527	   0.013
   5540.152403	 2.170348	 2.109496	   0.013
   5555.052585	 2.170494	 2.108873	   0.013
   5555.064926	 2.170442	 2.108917	   0.013
   5570.153879	 2.170584	 2.108324	   0.013
   5585.043283	 2.170723	 2.107555	   0.013
   5585.052404	 2.170535	 2.107617	   0.013
   5600.144949	 2.170726	 2.107007	   0.013
   5600.141928	 2.170709	 2.107154	   0.013
   5615.045373	 2.170962	 2.106354	   0.013
   5615.035622	 2.170578	 2.106217	   0.013
   5630.130002	 2.171114	 2.105776	   0.013
   5630.12282 	 2.170775	 2.105706	   0.013
   5645.032677	 2.171082	 2.104808	   0.013
   5645.036601	 2.171308	 2.105201	   0.013
   5660.118353	 2.17133 	 2.104266	   0.013
   5660.119581	 2.171217	 2.104102	   0.013
   5675.019003	 2.171366	 2.103462	   0.013
   5690.107388	 2.171441	 2.102948	   0.013
   5690.111851	 2.171418	 2.102622	   0.013
   5705.007888	 2.171551	 2.102008	   0.013
   5705.008986	 2.171637	 2.102187	   0.013
   5720.097084	 2.171774	 2.101327	   0.013
   5720.093855	 2.171977	 2.101352	   0.013
   5735.185155	 2.171925	 2.100486	   0.013
   5735.187556	 2.171834	 2.100584	   0.013
   5750.08474 	 2.172038	 2.099678	   0.013
   5765.17652 	 2.172169	 2.098819	   0.013
   5765.172731	 2.172157	 2.098862	   0.013
   5780.076036	 2.172307	 2.098202	   0.013
   5780.081191	 2.172313	 2.098251	   0.013
   5795.162536	 2.172409	 2.097167	   0.013
   5795.16134 	 2.172506	 2.097271	   0.013
   5810.062421	 2.172399	 2.096267	   0.013
   5810.059913	 2.172463	 2.096374	   0.013
   5825.144185	 2.172746	 2.095541	   0.013
   5840.049402	 2.172868	 2.094745	   0.013
   5840.049538	 2.172959	 2.0946  	   0.013
   5855.141316	 2.173202	 2.09367 	   0.013
   5855.139997	 2.173074	 2.0936  	   0.013
   5870.045271	 2.17334 	 2.092894	   0.013
   5870.042112	 2.173092	 2.092492	   0.013
   5885.131561	 2.173406	 2.091801	   0.013
   5885.124296	 2.173533	 2.091682	   0.013
   5900.034344	 2.173635	 2.090781	   0.013
   5900.031659	 2.173641	 2.090637	   0.013
   5915.121336	 2.173808	 2.089744	   0.013
   5915.122544	 2.173582	 2.089598	   0.013
   5930.015562	 2.173973	 2.088604	   0.013
   5945.106359	 2.174194	 2.087581	   0.013
   5945.106051	 2.17414 	 2.087644	   0.013
   5960.200495	 2.174434	 2.086508	   0.013
   5960.19274 	 2.174386	 2.086597	   0.013
   5975.090515	 2.174574	 2.085481	   0.013
   5975.097559	 2.174482	 2.08533 	   0.013
   5990.189903	 2.174726	 2.084377	   0.013
   5990.195198	 2.174721	 2.084254	   0.013
   6005.085321	 2.174899	 2.08303 	   0.013
   6020.171763	 2.175112	 2.081792	   0.013
   6020.181528	 2.175194	 2.081939	   0.013
   6035.069133	 2.175486	 2.080811	   0.013
   6035.07757 	 2.175508	 2.080614	   0.013
   6050.163818	 2.175666	 2.07942 	   0.013
   6050.159937	 2.17575 	 2.079814	   0.013
   6065.060479	 2.175805	 2.078392	   0.013
   6065.066836	 2.175823	 2.078154	   0.013
   6080.150223	 2.176087	 2.076841	   0.013
   6095.057043	 2.176209	 2.075568	   0.013
   6095.054808	 2.176223	 2.075527	   0.013
   6110.145147	 2.17667 	 2.074156	   0.013
   6110.142089	 2.176674	 2.074066	   0.013
   6125.058123	 2.177133	 2.07274 	   0.013
   6125.03845 	 2.176985	 2.072807	   0.013
   6140.135506	 2.177049	 2.071439	   0.013
   6140.133058	 2.177073	 2.071296	   0.013
   6155.026016	 2.17736 	 2.069776	   0.013
   6155.036376	 2.177418	 2.069858	   0.013
   6170.118414	 2.177746	 2.068228	   0.013
   6170.12081 	 2.177634	 2.068127	   0.013
   6185.013845	 2.177936	 2.066613	   0.013
   6200.112619	 2.178279	 2.065026	   0.013
   6200.111082	 2.178304	 2.065123	   0.013
   6215.193327	 2.178591	 2.063429	   0.013
   6215.194766	 2.17842 	 2.063356	   0.013
   6230.095162	 2.178781	 2.061574	   0.013
   6230.096867	 2.178687	 2.061461	   0.013
   6245.192857	 2.179128	 2.059907	   0.013
   6245.186747	 2.179031	 2.059749	   0.013
   6260.09131 	 2.179426	 2.058112	   0.013
   6275.177296	 2.17959 	 2.056214	   0.013
   6275.175249	 2.179862	 2.056176	   0.013
   6290.066279	 2.180242	 2.05448 	   0.013
   6290.074483	 2.179968	 2.054347	   0.013
   6305.166824	 2.180496	 2.052488	   0.013
   6305.16835 	 2.180339	 2.05237 	   0.013
   6320.063296	 2.180736	 2.050398	   0.013
   6320.061908	 2.180744	 2.050295	   0.013
   6335.156644	 2.181218	 2.048435	   0.013
   6350.056936	 2.181616	 2.046313	   0.013
   6350.048639	 2.181551	 2.046189	   0.013
   6365.142347	 2.182043	 2.044041	   0.013
   6365.143295	 2.181827	 2.044032	   0.013
   6380.03912 	 2.182407	 2.041939	   0.013
   6380.040504	 2.182334	 2.041793	   0.013
   6395.123607	 2.182925	 2.039592	   0.013
   6395.135369	 2.182858	 2.039639	   0.013
   6410.031651	 2.183259	 2.037341	   0.013
   6410.037672	 2.183255	 2.03715 	   0.013
   6425.136528	 2.183927	 2.034795	   0.013
   6440.020965	 2.184165	 2.032151	   0.013
   6440.024723	 2.184117	 2.032092	   0.013
   6455.110162	 2.184569	 2.029426	   0.013
   6455.11256 	 2.184315	 2.02931 	   0.013
   6470.193064	 2.185048	 2.02681 	   0.013
   6485.099798	 2.18561 	 2.024134	   0.013
   6485.104592	 2.185405	 2.024097	   0.013
   6500.184648	 2.18596 	 2.021255	   0.013
   6500.188961	 2.186157	 2.020943	   0.013
   6515.084305	 2.186465	 2.018265	   0.013
   6515.095391	 2.186641	 2.018085	   0.013
   6530.178655	 2.187099	 2.015164	   0.013
   6536.084185	 2.1871  	 2.013652	   0.013
   6545.075656	 2.187884	 2.012179	   0.013
   6560.162463	 2.188309	 2.008839	   0.013
   6560.168857	 2.18833 	 2.008845	   0.013
   6575.070753	 2.18891 	 2.005462	   0.013
   6575.069238	 2.188837	 2.005397	   0.013
   6590.160867	 2.189343	 2.001915	   0.013
   6590.158518	 2.189666	 2.002046	   0.013
   6605.062013	 2.189977	 1.998306	   0.013
   6620.146066	 2.190816	 1.994723	   0.013
   6620.142488	 2.190719	 1.99472 	   0.013
   6635.03503 	 2.191414	 1.990944	   0.013
   6635.046645	 2.191606	 1.990864	   0.013
   6650.139255	 2.192251	 1.987175	   0.013
   6650.141553	 2.192259	 1.986847	   0.013
   6665.034672	 2.193045	 1.982843	   0.013
   6665.046403	 2.192974	 1.98277 	   0.013
   6680.122812	 2.193733	 1.978512	   0.013
   6695.2083  	 2.194521	 1.974357	   0.013
   6695.21049 	 2.194363	 1.974273	   0.013
   6710.112342	 2.195103	 1.969599	   0.013
   6710.10924 	 2.195256	 1.969567	   0.013
   6725.195505	 2.196171	 1.964968	   0.013
   6725.198985	 2.195834	 1.964804	   0.013
   6740.100773	 2.196957	 1.9601  	   0.013
   6740.102749	 2.197036	 1.959913	   0.013
   6755.19312 	 2.197656	 1.95485 	   0.013
   6770.098163	 2.198708	 1.949753	   0.013
   6770.090608	 2.198641	 1.949678	   0.013
   6785.176156	 2.199479	 1.944401	   0.013
   6785.176962	 2.199736	 1.944238	   0.013
   6800.07698 	 2.200737	 1.938822	   0.013
   6800.079964	 2.200641	 1.9385  	   0.013
   6815.165747	 2.201846	 1.932912	   0.013
   6830.074866	 2.202746	 1.927073	   0.013
   6830.069795	 2.202681	 1.926753	   0.013
   6845.160351	 2.203843	 1.920557	   0.013
   6845.154258	 2.203915	 1.920513	   0.013
   6860.054628	 2.204877	 1.913983	   0.013
   6860.055641	 2.205052	 1.91391 	   0.013
   6875.144988	 2.206159	 1.907343	   0.013
   6875.144308	 2.205938	 1.907043	   0.013
   6890.048535	 2.207194	 1.900287	   0.013
   6905.134333	 2.208676	 1.893182	   0.013
   6905.138492	 2.208731	 1.893031	   0.013
   6920.034595	 2.209696	 1.885542	   0.013
   6920.038117	 2.209722	 1.885386	   0.013
   6935.120866	 2.211096	 1.877776	   0.013
   6935.123882	 2.211215	 1.877448	   0.013
   6950.211355	 2.212347	 1.869439	   0.013
   6965.116774	 2.213774	 1.861399	   0.013
   6965.112066	 2.213805	 1.861082	   0.013
   6980.195303	 2.215343	 1.852468	   0.013
   6980.203236	 2.215168	 1.852192	   0.013
   6995.100229	 2.216608	 1.843166	   0.013
   6997.420861	 2.216515	 1.841074	   0.013
   7010.191778	 2.218433	 1.833905	   0.013
   7025.079693	 2.219881	 1.824318	   0.013
   7025.092912	 2.219701	 1.82386 	   0.013
   7040.172521	 2.221547	 1.814231	   0.013
   7040.174015	 2.22156 	 1.813831	   0.013
   7055.072243	 2.223327	 1.803647	   0.013
   7070.16349 	 2.224985	 1.793215	   0.013
   7070.16357 	 2.225091	 1.792683	   0.013
   7085.067533	 2.227027	 1.781805	   0.013
   7085.069639	 2.226919	 1.781351	   0.013
   7100.157204	 2.228665	 1.769956	   0.013
   7115.051407	 2.230485	 1.758504	   0.013
   7115.060028	 2.230618	 1.757945	   0.013
   7130.150525	 2.232538	 1.745878	   0.013
   7130.147464	 2.232463	 1.745477	   0.013
   7145.043475	 2.234525	 1.733006	   0.013
   7145.053051	 2.234558	 1.732824	   0.013
   7160.134566	 2.236678	 1.719676	   0.013
   7160.138121	 2.236719	 1.719366	   0.013
   7175.032258	 2.23864 	 1.706   	   0.013
   7190.121386	 2.240651	 1.692443	   0.013
   7190.125485	 2.240788	 1.691808	   0.013
   7205.203292	 2.242996	 1.677569	   0.013
   7205.198679	 2.243152	 1.677137	   0.013
   7220.11466 	 2.24523 	 1.662776	   0.013
   7235.202217	 2.247445	 1.648225	   0.013
   7235.19979 	 2.247546	 1.647465	   0.013
   7250.100963	 2.24979 	 1.632669	   0.013
   7250.108035	 2.249885	 1.632036	   0.013
   7265.189028	 2.251954	 1.616593	   0.013
   7265.192873	 2.252108	 1.61609 	   0.013
   7280.085026	 2.254427	 1.600426	   0.013
   7295.17583 	 2.256598	 1.584678	   0.013
   7295.176287	 2.256743	 1.583921	   0.013
   7310.074413	 2.258902	 1.568071	   0.013
   7310.083447	 2.259064	 1.567572	   0.013
   7325.16025 	 2.26131 	 1.551252	   0.013
   7336.587516	 2.261571	 1.539882	   0.013
   7340.069479	 2.263488	 1.534436	   0.013
   7355.148606	 2.265782	 1.518093	   0.013
   7355.154153	 2.265749	 1.517491	   0.013
   7370.058328	 2.267955	 1.501447	   0.013
   7370.058313	 2.267908	 1.500975	   0.013
   7385.149149	 2.269962	 1.484579	   0.013
   7400.051744	 2.272272	 1.469025	   0.013
   7400.050648	 2.272404	 1.468714	   0.013
   7415.131172	 2.274358	 1.452867	   0.013
   7415.134982	 2.274316	 1.452533	   0.013
   7430.217411	 2.276384	 1.437315	   0.013
   7445.1175  	 2.278258	 1.422858	   0.013
   7445.121127	 2.278361	 1.422464	   0.013
   7460.206508	 2.280014	 1.408337	   0.013
   7460.208683	 2.280168	 1.408118	   0.013
   7475.113224	 2.281807	 1.394925	   0.013
   7475.112997	 2.281997	 1.394854	   0.013
   7490.19847 	 2.283476	 1.382167	   0.013
   7505.101276	 2.284684	 1.370531	   0.013
   7505.100612	 2.284834	 1.370372	   0.013
   7520.18229 	 2.286381	 1.359876	   0.013
   7520.196982	 2.286233	 1.359595	   0.013
   7535.088075	 2.287385	 1.350151	   0.013
   7535.093584	 2.287401	 1.350077	   0.013
   7550.18206 	 2.28851 	 1.341723	   0.013
   7565.087646	 2.289284	 1.334562	   0.013
   7565.079286	 2.289334	 1.334508	   0.013
   7580.167438	 2.289953	 1.32874 	   0.013
   7580.161473	 2.289811	 1.328613	   0.013
   7595.077526	 2.290395	 1.324027	   0.013
   7595.058298	 2.290552	 1.324225	   0.013
   7610.159678	 2.291127	 1.321114	   0.013
   7625.053876	 2.291303	 1.319449	   0.013
   7625.06441 	 2.291474	 1.319498	   0.013
   7640.152358	 2.291383	 1.318954	   0.013
   7640.147477	 2.291398	 1.319059	   0.013
   7655.046738	 2.291461	 1.320077	   0.013
   7666.534187	 2.291171	 1.321568	   0.013
   7670.141919	 2.291115	 1.322411	   0.013
   7685.232279	 2.2906  	 1.326127	   0.013
   7685.225482	 2.29073 	 1.326074	   0.013
   7700.109997	 2.290118	 1.331051	   0.013
   7700.117908	 2.290095	 1.330992	   0.013
   7715.208205	 2.289369	 1.336997	   0.013
   7730.107206	 2.288542	 1.344271	   0.013
   7730.110424	 2.288758	 1.344266	   0.013
   7745.19937 	 2.287584	 1.352626	   0.013
   7745.19985 	 2.287564	 1.352372	   0.013
   7760.100122	 2.286755	 1.361628	   0.013
   7775.183897	 2.285588	 1.371719	   0.013
   7775.202589	 2.285584	 1.371583	   0.013
   7790.086087	 2.284346	 1.382418	   0.013
   7790.089985	 2.284241	 1.3822  	   0.013
   7805.175851	 2.282913	 1.39389 	   0.013
   7805.178345	 2.282831	 1.393576	   0.013
   7820.084179	 2.281455	 1.405612	   0.013
   7835.164341	 2.279898	 1.418464	   0.013
   7835.172585	 2.280079	 1.41827 	   0.013
   7850.065829	 2.278245	 1.431256	   0.013
   7850.070745	 2.278333	 1.43099 	   0.013
   7865.161469	 2.27661 	 1.444355	   0.013
   7880.058855	 2.274847	 1.458023	   0.013
   7880.057819	 2.274945	 1.457795	   0.013
   7895.144859	 2.273311	 1.471925	   0.013
   7895.13791 	 2.273034	 1.4715  	   0.013
   7910.042876	 2.271391	 1.485498	   0.013
   7925.1318  	 2.269648	 1.499867	   0.013
   7925.137901	 2.269736	 1.499532	   0.013
   7940.213683	 2.267695	 1.513644	   0.013
   7940.227669	 2.267685	 1.513275	   0.013
   7955.120599	 2.26596 	 1.527363	   0.013
   7970.213407	 2.263916	 1.541994	   0.013
   7970.207887	 2.264104	 1.541287	   0.013
   7985.107838	 2.262302	 1.555334	   0.013
   7985.116488	 2.262213	 1.554976	   0.013
   8000.205625	 2.260136	 1.568769	   0.013
   8015.106608	 2.25833 	 1.582706	   0.013
   8015.10719 	 2.258434	 1.582403	   0.013
   8030.190287	 2.256671	 1.59617 	   0.013
   8030.190314	 2.256599	 1.595655	   0.013
   8045.086983	 2.254805	 1.609145	   0.013
   8060.173126	 2.252729	 1.622351	   0.013
   8060.177334	 2.252849	 1.6221  	   0.013
   8075.076485	 2.251086	 1.635095	   0.013
   8076.602502	 2.250378	 1.635127	   0.013
   8090.164652	 2.249053	 1.647328	   0.013
   8105.069378	 2.247121	 1.659924	   0.013
   8105.072302	 2.247174	 1.659389	   0.013
   8120.160019	 2.245488	 1.671769	   0.013
   8120.161588	 2.245817	 1.671568	   0.013
   8135.065973	 2.243725	 1.683378	   0.013
   8150.148641	 2.241834	 1.695287	   0.013
   8150.145457	 2.242075	 1.694818	   0.013
   8165.238709	 2.240239	 1.706498	   0.013
   8165.235713	 2.240301	 1.706128	   0.013
   8180.12372 	 2.238596	 1.717123	   0.013
   8195.229904	 2.236995	 1.728446	   0.013
   8195.226554	 2.236894	 1.7279  	   0.013
   8210.12642 	 2.235384	 1.738541	   0.013
   8210.123587	 2.235286	 1.738211	   0.013
   8225.21236 	 2.233702	 1.748678	   0.013
   8240.122318	 2.232063	 1.758723	   0.013
   8240.116344	 2.23209 	 1.758516	   0.013
   8255.208619	 2.230617	 1.768482	   0.013
   8255.197977	 2.230668	 1.768231	   0.013
   8270.097982	 2.229186	 1.777852	   0.013
   8285.191425	 2.227633	 1.787178	   0.013
   8285.195151	 2.227484	 1.786802	   0.013
   8300.087427	 2.226135	 1.795964	   0.013
   8300.097862	 2.226025	 1.79567 	   0.013
   8315.17916 	 2.224642	 1.804548	   0.013
   8330.092417	 2.223433	 1.813143	   0.013
   8330.083253	 2.223215	 1.813129	   0.013
   8345.16291 	 2.221873	 1.82137 	   0.013
   8345.169185	 2.221837	 1.821105	   0.013
   8360.076713	 2.220485	 1.829341	   0.013
   8375.157836	 2.219395	 1.837554	   0.013
   8375.154716	 2.21939 	 1.837108	   0.013
   8390.06059 	 2.218098	 1.844812	   0.013
   8390.069027	 2.218199	 1.84468 	   0.013
   8405.147493	 2.216815	 1.851948	   0.013
   8420.232261	 2.215598	 1.859501	   0.013
   8420.229772	 2.2156  	 1.859271	   0.013
   8435.132137	 2.214444	 1.866109	   0.013
   8450.22415 	 2.213335	 1.873277	   0.013
   8450.225221	 2.21339 	 1.873092	   0.013
   8465.127167	 2.212044	 1.879559	   0.013
   8465.125194	 2.212147	 1.879354	   0.013
   8480.216534	 2.211023	 1.886006	   0.013
   8495.115749	 2.209945	 1.892383	   0.013
   8495.111996	 2.210056	 1.892249	   0.013
   8510.196266	 2.208682	 1.898315	   0.013
   8510.210021	 2.208831	 1.898123	   0.013
   8525.106418	 2.20783 	 1.903993	   0.013
   8540.191426	 2.206947	 1.909943	   0.013
   8540.189266	 2.20699 	 1.909809	   0.013
   8555.099182	 2.205908	 1.915476	   0.013
   8555.090617	 2.206002	 1.915143	   0.013
   8570.187987	 2.204979	 1.920832	   0.013
   8585.078769	 2.204138	 1.926007	   0.013
   8585.084077	 2.204123	 1.926027	   0.013
   8600.174166	 2.203116	 1.931165	   0.013
   8615.068884	 2.202146	 1.936157	   0.013
   8615.071058	 2.2021  	 1.935937	   0.013
   8630.152058	 2.201204	 1.940857	   0.013
   8630.161733	 2.201306	 1.940745	   0.013
   8645.067958	 2.200421	 1.94545 	   0.013
   8660.147769	 2.199523	 1.950112	   0.013
   8660.153565	 2.199544	 1.949875	   0.013
   8675.229289	 2.198639	 1.954567	   0.013
   8676.75822 	 2.198252	 1.954505	   0.013
   8690.130734	 2.197988	 1.958765	   0.013
   8705.227531	 2.19716 	 1.962883	   0.013
   8705.227496	 2.197362	 1.962979	   0.013
   8720.121776	 2.196453	 1.96699 	   0.013
   8735.21431 	 2.195919	 1.971159	   0.013
   8735.212074	 2.195645	 1.970872	   0.013
   8750.108687	 2.194956	 1.974852	   0.013
   8765.196328	 2.194341	 1.978586	   0.013
   8765.203177	 2.194242	 1.978435	   0.013
   8780.097951	 2.193621	 1.981956	   0.013
   8780.108711	 2.193827	 1.982132	   0.013
   8795.198224	 2.19327 	 1.985747	   0.013
   8810.085977	 2.192346	 1.989113	   0.013
   8810.089354	 2.192373	 1.988933	   0.013
   8825.174855	 2.19169 	 1.992416	   0.013
   8840.08871 	 2.191193	 1.995604	   0.013
   8840.081594	 2.191227	 1.995736	   0.013
   8855.164996	 2.19048 	 1.998888	   0.013
   8855.171321	 2.190513	 1.998588	   0.013
   8870.074492	 2.190108	 2.001823	   0.013
   8885.160672	 2.189471	 2.004907	   0.013
   8885.157964	 2.189429	 2.004755	   0.013
   8900.247393	 2.188926	 2.007719	   0.013
   8915.146165	 2.188313	 2.010553	   0.013
   8915.148421	 2.188296	 2.010481	   0.013
   8930.242526	 2.187611	 2.013351	   0.013
   8945.138669	 2.187226	 2.016114	   0.013
   8945.141779	 2.187067	 2.016146	   0.013
   8960.228722	 2.186748	 2.018649	   0.013
   8975.116816	 2.186236	 2.021284	   0.013
   8975.125931	 2.186266	 2.02119 	   0.013
   8990.222343	 2.185729	 2.023681	   0.013
   8990.213538	 2.185909	 2.023846	   0.013
   9005.121392	 2.185206	 2.026277	   0.013
   9020.201082	 2.184721	 2.028501	   0.013
   9020.204432	 2.184879	 2.028627	   0.013
   9035.114957	 2.184507	 2.031002	   0.013
   9050.185091	 2.183915	 2.033266	   0.013
   9050.178512	 2.184061	 2.033306	   0.013
   9065.091033	 2.183472	 2.035432	   0.013
   9071.126214	 2.182747	 2.035692	   0.013
   9080.173586	 2.183249	 2.037453	   0.013
   9095.078059	 2.182546	 2.039655	   0.013
   9095.081253	 2.182666	 2.039972	   0.013
   9110.177275	 2.182234	 2.041678	   0.013
   9125.073555	 2.181818	 2.04366 	   0.013
   9125.067188	 2.181948	 2.043597	   0.013
   9140.165814	 2.181497	 2.045709	   0.013
   9155.253087	 2.181045	 2.047511	   0.013
   9155.250465	 2.181113	 2.047436	   0.013
   9170.148817	 2.180888	 2.049383	   0.013
   9185.244738	 2.180263	 2.051286	   0.013
   9185.235134	 2.180372	 2.051218	   0.013
   9200.125255	 2.179835	 2.052997	   0.013
   9215.21921 	 2.179598	 2.054913	   0.013
   9215.223893	 2.179571	 2.054701	   0.013
   9230.131887	 2.179338	 2.056231	   0.013
   9230.131284	 2.179377	 2.056393	   0.013
   9245.211215	 2.179003	 2.058226	   0.013
   9260.110109	 2.178758	 2.05981 	   0.013
   9260.125386	 2.178718	 2.059617	   0.013
   9275.20622 	 2.178244	 2.061244	   0.013
   9290.105889	 2.177977	 2.062767	   0.013
   9290.110852	 2.17785 	 2.062854	   0.013
   9305.192453	 2.177869	 2.064132	   0.013
   9320.106093	 2.177476	 2.065755	   0.013
   9320.087575	 2.17725 	 2.065845	   0.013
   9335.179438	 2.177039	 2.067192	   0.013
   9335.189807	 2.17727 	 2.067133	   0.013
   9350.084044	 2.17673 	 2.068423	   0.013
   9365.179017	 2.176511	 2.069928	   0.013
   9365.17631 	 2.176339	 2.06993 	   0.013
   9380.078475	 2.17622 	 2.071173	   0.013
   9395.170608	 2.175978	 2.072494	   0.013
   9395.156005	 2.176097	 2.072456	   0.013
   9410.253158	 2.175749	 2.073854	   0.013
   9425.139386	 2.175511	 2.075205	   0.013
   9425.159057	 2.175472	 2.075105	   0.013
   9440.238185	 2.17522 	 2.076309	   0.013
   9455.139545	 2.175007	 2.07757 	   0.013
   9455.135738	 2.174973	 2.077515	   0.013
   9470.224269	 2.174724	 2.07873 	   0.013
   9485.13349 	 2.174582	 2.079867	   0.013
   9485.132748	 2.174488	 2.079938	   0.013
   9500.219202	 2.174326	 2.080909	   0.013
   9515.115912	 2.174055	 2.082126	   0.013
   9515.117341	 2.174039	 2.081983	   0.013
   9530.202099	 2.173724	 2.083241	   0.013
   9541.706031	 2.172762	 2.083119	   0.013
   9545.109435	 2.173606	 2.084181	   0.013
   9560.197549	 2.173378	 2.08538 	   0.013
   9560.192704	 2.173462	 2.085369	   0.013
   9575.099552	 2.173126	 2.086352	   0.013
   9590.177594	 2.172893	 2.087235	   0.013
   9590.189673	 2.172799	 2.08728 	   0.013
   9605.072522	 2.172732	 2.088246	   0.013
   9620.17716 	 2.172506	 2.08923 	   0.013
   9620.175558	 2.172434	 2.089267	   0.013
   9635.258204	 2.172311	 2.090076	   0.013
   9650.158626	 2.172215	 2.091034	   0.013
   9650.168342	 2.172159	 2.091085	   0.013
   9665.243383	 2.171781	 2.09216 	   0.013
   9680.155594	 2.171835	 2.092932	   0.013
   9680.151347	 2.171745	 2.092843	   0.013
   9695.234849	 2.171518	 2.09374 	   0.013
   9710.136006	 2.171387	 2.094505	   0.013
   9710.137035	 2.171322	 2.094468	   0.013
   9725.226412	 2.171157	 2.095544	   0.013
   9740.133829	 2.17105 	 2.09617 	   0.013
   9740.122763	 2.171136	 2.096192	   0.013
   9755.212633	 2.170902	 2.097066	   0.013
   9770.118999	 2.170802	 2.097767	   0.013
   9770.120462	 2.170797	 2.097694	   0.013
   9785.210018	 2.170573	 2.098668	   0.013
   9800.109835	 2.170441	 2.099224	   0.013
   9800.112273	 2.170317	 2.099435	   0.013
   9815.191456	 2.170133	 2.100144	   0.013
   9830.095699	 2.17014 	 2.10079 	   0.013
   9830.093619	 2.170116	 2.100729	   0.013
   9845.186766	 2.170096	 2.101686	   0.013
   9845.188749	 2.170049	 2.101596	   0.013
   9860.086543	 2.169761	 2.102294	   0.013
   9875.174608	 2.169661	 2.102966	   0.013
   9875.169067	 2.169532	 2.102906	   0.013
   9890.258356	 2.169418	 2.103374	   0.013
   9905.158688	 2.169226	 2.104096	   0.013
   9905.163444	 2.169405	 2.104102	   0.013
   9920.244651	 2.169309	 2.105003	   0.013
   9935.158368	 2.169139	 2.105542	   0.013
   9935.153819	 2.168932	 2.105575	   0.013
   9950.241602	 2.169021	 2.106231	   0.013
   9965.135992	 2.16887 	 2.106769	   0.013
   9965.14482 	 2.168804	 2.106724	   0.013
   9980.228492	 2.168524	 2.107313	   0.013
   9995.13079 	 2.168475	 2.107932	   0.013
   9995.129524	 2.168443	 2.107871	   0.013
  10010.22104 	 2.168241	 2.108347	   0.013
  10025.11966 	 2.168152	 2.109106	   0.013
  10025.12042 	 2.168363	 2.109105	   0.013
  10040.21167 	 2.168134	 2.109607	   0.013
  10055.10267 	 2.167929	 2.110204	   0.013
  10055.10681 	 2.168127	 2.110296	   0.013
  10070.19779 	 2.167878	 2.11074 	   0.013
  10085.10473 	 2.167812	 2.111418	   0.013
  10085.09826 	 2.167642	 2.111141	   0.013
  10100.18608 	 2.167759	 2.111792	   0.013
  10115.08264 	 2.167547	 2.112328	   0.013
  10115.08344 	 2.167462	 2.112236	   0.013
  10130.16711 	 2.167318	 2.112747	   0.013
  10145.25996 	 2.167313	 2.113156	   0.013
  10160.15443 	 2.16735 	 2.113881	   0.013
  10160.15906 	 2.167156	 2.113836	   0.013
  10175.25072 	 2.167175	 2.114241	   0.013
  10190.153   	 2.166959	 2.114714	   0.013
  10190.14322 	 2.167137	 2.114871	   0.013
  10205.23442 	 2.167049	 2.115079	   0.013
  10220.13822 	 2.166749	 2.115524	   0.013
  10220.14016 	 2.166746	 2.115513	   0.013
  10235.21966 	 2.166643	 2.115992	   0.013
  10250.12199 	 2.166478	 2.116414	   0.013
  10250.13322 	 2.166621	 2.116446	   0.013
  10265.21552 	 2.166468	 2.116872	   0.013
  10280.11254 	 2.166502	 2.117476	   0.013
  10280.12197 	 2.166324	 2.11739 	   0.013
  10295.20867 	 2.166297	 2.117867	   0.013
  10310.11289 	 2.166057	 2.118131	   0.013
  10310.11374 	 2.166104	 2.11815 	   0.013
  10325.19913 	 2.16611 	 2.118657	   0.013
  10340.09105 	 2.166008	 2.118993	   0.013
  10340.10285 	 2.165776	 2.119005	   0.013
  10355.17897 	 2.166015	 2.119427	   0.013
  10370.27243 	 2.165869	 2.119726	   0.013
  10370.27129 	 2.16596 	 2.119782	   0.013
  10385.17446 	 2.165983	 2.120092	   0.013
  10400.2696  	 2.165939	 2.12052 	   0.013
  10400.26253 	 2.165716	 2.120496	   0.013
  10415.17312 	 2.165562	 2.120979	   0.013
  10430.25384 	 2.165615	 2.121146	   0.013
  10430.24915 	 2.165508	 2.121314	   0.013
  10445.15337 	 2.165506	 2.121709	   0.013
  10460.23185 	 2.165379	 2.121886	   0.013
  10460.23647 	 2.165289	 2.121819	   0.013
  10475.13827 	 2.165275	 2.122353	   0.013
  10490.23464 	 2.165074	 2.122628	   0.013
  10490.22546 	 2.164995	 2.122492	   0.013
  10505.12556 	 2.165298	 2.122999	   0.013
  10520.2135  	 2.165081	 2.123225	   0.013
  10520.22723 	 2.165216	 2.123462	   0.013
  10535.12227 	 2.164944	 2.123681	   0.013
  10550.20618 	 2.16482 	 2.124038	   0.013
  10550.21017 	 2.164706	 2.123815	   0.013
  10565.11662 	 2.164726	 2.124343	   0.013
  10580.19371 	 2.164847	 2.124518	   0.013
  10580.19313 	 2.164812	 2.124627	   0.013
  10595.10274 	 2.164727	 2.124981	   0.013
  10610.18981 	 2.164632	 2.125214	   0.013
  10610.18585 	 2.164532	 2.125128	   0.013
  10625.27672 	 2.164484	 2.125536	   0.013
  10640.16958 	 2.164584	 2.125853	   0.013
  10640.17681 	 2.164344	 2.125828	   0.013
  10655.26494 	 2.164443	 2.125983	   0.013
  10670.16458 	 2.164397	 2.126308	   0.013
  10670.16443 	 2.164601	 2.126453	   0.013
  10685.25576 	 2.164212	 2.126638	   0.013
  10700.15723 	 2.164293	 2.126958	   0.013
  10700.14785 	 2.164304	 2.126949	   0.013
  10715.24514 	 2.164047	 2.127056	   0.013
  10730.14162 	 2.164077	 2.127471	   0.013
  10730.1383  	 2.164074	 2.127487	   0.013
  10745.22274 	 2.164081	 2.12776 	   0.013
  10760.12457 	 2.163946	 2.128241	   0.013
  10760.14694 	 2.163716	 2.12781 	   0.013
  10775.20527 	 2.164   	 2.128185	   0.013
  10790.1244  	 2.163944	 2.128563	   0.013
  10790.1258  	 2.163809	 2.128476	   0.013
  10805.20084 	 2.163821	 2.128788	   0.013
  10820.10955 	 2.163776	 2.128933	   0.013
  10820.11399 	 2.163693	 2.129015	   0.013
  10835.19306 	 2.163715	 2.129258	   0.013
  10850.09428 	 2.16358 	 2.129387	   0.013
  10865.18727 	 2.163631	 2.129763	   0.013
  10865.18941 	 2.163645	 2.129565	   0.013
  10880.27169 	 2.163475	 2.129716	   0.013
  10895.17146 	 2.163643	 2.130332	   0.013
  10895.17051 	 2.163423	 2.130094	   0.013
  10910.26052 	 2.163511	 2.130373	   0.013
  10925.16144 	 2.163447	 2.130643	   0.013
  10925.16051 	 2.163432	 2.130514	   0.013
  10940.25054 	 2.163188	 2.130758	   0.013
  10955.15759 	 2.163309	 2.131095	   0.013
  10955.15766 	 2.163042	 2.130888	   0.013
  10970.25262 	 2.162983	 2.130969	   0.013
  10985.14245 	 2.163164	 2.131444	   0.013
  11000.21977 	 2.163023	 2.131684	   0.013
  11000.23079 	 2.163193	 2.131801	   0.013
  11015.12761 	 2.162873	 2.131627	   0.013
  11030.21998 	 2.162831	 2.13193 	   0.013
  11030.21904 	 2.163018	 2.132126	   0.013
  11045.1212  	 2.16299 	 2.132297	   0.013
  11060.20941 	 2.162767	 2.13244 	   0.013
  11060.20481 	 2.162917	 2.132489	   0.013
  11075.10474 	 2.162891	 2.132858	   0.013
  11090.20479 	 2.1628  	 2.132927	   0.013
  11105.29261 	 2.162708	 2.133083	   0.013
  11105.30667 	 2.162569	 2.133013	   0.013
  11120.18962 	 2.162764	 2.133109	   0.013
  11135.27544 	 2.162533	 2.133396	   0.013
  11135.27423 	 2.162794	 2.133404	   0.013
  11150.18306 	 2.162491	 2.13357 	   0.013
  11165.25786 	 2.162582	 2.133768	   0.013
  11165.2726  	 2.162474	 2.13365 	   0.013
  11180.16702 	 2.162499	 2.133946	   0.013
  11195.25745 	 2.162538	 2.134234	   0.013
  11195.24604 	 2.162327	 2.134071	   0.013
  11210.1538  	 2.162402	 2.134295	   0.013
  11225.23753 	 2.162416	 2.134428	   0.013
  11225.24328 	 2.162497	 2.134319	   0.013
  11240.15782 	 2.162331	 2.134719	   0.013
  11255.23565 	 2.162205	 2.134607	   0.013
  11255.23001 	 2.162366	 2.134831	   0.013
  11270.12417 	 2.162101	 2.134968	   0.013
  11285.22593 	 2.162305	 2.135084	   0.013
  11289.40307 	 2.161744	 2.134834	   0.013
  11300.11944 	 2.162149	 2.13538 	   0.013
  11315.21112 	 2.162102	 2.135439	   0.013
  11330.11512 	 2.162077	 2.135631	   0.013
  11330.10058 	 2.162133	 2.135491	   0.013
  11345.19703 	 2.16217 	 2.135806	   0.013
  11360.29256 	 2.161979	 2.135888	   0.013
  11360.28955 	 2.16202 	 2.135923	   0.013
  11375.18753 	 2.162137	 2.136061	   0.013
  11390.28798 	 2.161869	 2.136247	   0.013
  11405.17998 	 2.161837	 2.136373	   0.013
  11405.18121 	 2.162   	 2.136331	   0.013
  11420.25715 	 2.161724	 2.136334	   0.013
  11435.16224 	 2.161902	 2.136537	   0.013
  11435.16665 	 2.16174 	 2.136664	   0.013
  11450.25422 	 2.161828	 2.136779	   0.013
  11465.15384 	 2.161702	 2.136927	   0.013
  11480.24737 	 2.161716	 2.136937	   0.013
  11480.24365 	 2.161937	 2.137149	   0.013
  11495.14662 	 2.161875	 2.137312	   0.013
  11510.22619 	 2.1615  	 2.137241	   0.013
  11512.86741 	 2.161777	 2.137543	   0.013
  11525.14079 	 2.161734	 2.137556	   0.013
  11540.21972 	 2.161571	 2.137582	   0.013
  11555.11703 	 2.161514	 2.13769 	   0.013
  11555.12712 	 2.161511	 2.137685	   0.013
  11570.20712 	 2.161327	 2.137645	   0.013
  11585.11013 	 2.161487	 2.137916	   0.013
  11585.12348 	 2.161446	 2.137788	   0.013
  11600.20064 	 2.16143 	 2.13801 	   0.013
  11615.294   	 2.161501	 2.138269	   0.013
  11630.19629 	 2.161399	 2.138337	   0.013
  11630.19784 	 2.161209	 2.13814 	   0.013
  11645.27756 	 2.161455	 2.138516	   0.013
  11660.17806 	 2.161243	 2.138488	   0.013
  11660.1781  	 2.161287	 2.138462	   0.013
  11675.27196 	 2.161364	 2.13886 	   0.013
  11690.17242 	 2.161329	 2.138854	   0.013
  11705.24845 	 2.161368	 2.138932	   0.013
  11705.25763 	 2.161306	 2.138853	   0.013
  11720.15    	 2.161343	 2.139082	   0.013
  11735.25177 	 2.161303	 2.139323	   0.013
  11735.24687 	 2.161077	 2.139278	   0.013
  11750.14148 	 2.161271	 2.139279	   0.013
  11765.23674 	 2.161412	 2.139419	   0.013
  11780.13238 	 2.160981	 2.139433	   0.013
  11780.1388  	 2.161255	 2.139549	   0.013
  11795.22887 	 2.16103 	 2.139384	   0.013
  11810.12753 	 2.160969	 2.139609	   0.013
  11810.13644 	 2.161037	 2.139648	   0.013
  11825.21188 	 2.160875	 2.139715	   0.013
  11840.29477 	 2.160883	 2.140067	   0.013
  11855.19937 	 2.16091 	 2.13997 	   0.013
  11855.19636 	 2.160746	 2.139848	   0.013
  11870.28471 	 2.160819	 2.140071	   0.013
  11885.18872 	 2.160834	 2.140229	   0.013
  11885.19527 	 2.160732	 2.140097	   0.013
  11900.27887 	 2.160925	 2.140511	   0.013
  11915.18287 	 2.160787	 2.140334	   0.013
  11930.26414 	 2.160833	 2.140483	   0.013
  11930.26506 	 2.16085 	 2.140471	   0.013
  11945.16671 	 2.160662	 2.140689	   0.013
  11960.25126 	 2.160735	 2.140671	   0.013
  11960.26258 	 2.160766	 2.140714	   0.013
  11975.15608 	 2.16077 	 2.140876	   0.013
  11990.24135 	 2.160577	 2.140807	   0.013
  12005.14922 	 2.160521	 2.140921	   0.013
  12005.14054 	 2.160561	 2.140957	   0.013
  12020.24296 	 2.160486	 2.140873	   0.013
  12035.13567 	 2.160646	 2.141122	   0.013
  12050.22441 	 2.160681	 2.141226	   0.013
  12050.22645 	 2.160527	 2.141294	   0.013
  12065.12824 	 2.160651	 2.141353	   0.013
  12080.20565 	 2.160465	 2.141473	   0.013
  12080.21366 	 2.160451	 2.141219	   0.013
  12095.30245 	 2.160476	 2.141474	   0.013
  12110.19707 	 2.160509	 2.141655	   0.013
  12114.40024 	 2.160441	 2.141505	   0.013
  12125.2885  	 2.160412	 2.141668	   0.013
  12140.19437 	 2.160325	 2.14179 	   0.013
  12155.28148 	 2.160297	 2.141642	   0.013
  12155.27263 	 2.16045 	 2.141933	   0.013
  12170.18816 	 2.160348	 2.141843	   0.013
  12185.2652  	 2.160378	 2.142021	   0.013
  12200.17531 	 2.160347	 2.142288	   0.013
  12200.17656 	 2.160303	 2.141997	   0.013
  12215.25475 	 2.160232	 2.142019	   0.013
  12230.16504 	 2.160276	 2.142286	   0.013
  12230.15787 	 2.160351	 2.142265	   0.013
  12245.24732 	 2.16028 	 2.142346	   0.013
  12260.15112 	 2.160158	 2.142373	   0.013
  12275.23097 	 2.160195	 2.14242 	   0.013
  12275.23223 	 2.160272	 2.142502	   0.013
  12290.13413 	 2.160064	 2.142358	   0.013
  12305.22683 	 2.16026 	 2.142606	   0.013
  12320.12341 	 2.160085	 2.142609	   0.013
  12320.13509 	 2.160086	 2.142713	   0.013
  12335.21602 	 2.160071	 2.142625	   0.013
  12350.29635 	 2.160168	 2.142893	   0.013
  12350.30278 	 2.160051	 2.142856	   0.013
  12365.19482 	 2.159872	 2.142746	   0.013
  12380.28656 	 2.159985	 2.142748	   0.013
  12395.19171 	 2.160108	 2.143089	   0.013
  12409.35152 	 2.160251	 2.143299	   0.013
  12410.27495 	 2.159867	 2.143026	   0.013
  12425.17627 	 2.159752	 2.142965	   0.013
  12440.26182 	 2.159945	 2.143185	   0.013
  12440.26857 	 2.160043	 2.143283	   0.013
  12455.16725 	 2.160005	 2.143189	   0.013
  12470.25375 	 2.159769	 2.14321 	   0.013
  12485.15821 	 2.159754	 2.143383	   0.013
  12485.15623 	 2.159772	 2.143265	   0.013
  12500.27537 	 2.160315	 2.143615	   0.013
  12515.14073 	 2.159811	 2.143609	   0.013
  12516.64601 	 2.160113	 2.14396 	   0.013
  12530.23128 	 2.159746	 2.14356 	   0.013
  12545.13579 	 2.159783	 2.143693	   0.013
  12560.22511 	 2.159845	 2.143715	   0.013
  12560.229   	 2.159696	 2.143651	   0.013
  12575.3078  	 2.159816	 2.14374 	   0.013
  12590.21625 	 2.159809	 2.143901	   0.013
  12605.30721 	 2.159908	 2.144008	   0.013
  12605.29863 	 2.159628	 2.143863	   0.013
  12620.19762 	 2.159781	 2.144048	   0.013
  12635.28558 	 2.159639	 2.144111	   0.013
  12650.18976 	 2.159834	 2.14422 	   0.013
  12650.19192 	 2.159736	 2.144226	   0.013
  12665.28862 	 2.159692	 2.144357	   0.013
  12680.17816 	 2.159609	 2.144226	   0.013
  12691.72104 	 2.159188	 2.143893	   0.013
  12695.2612  	 2.159554	 2.144275	   0.013
  12710.16789 	 2.159716	 2.144379	   0.013
  12725.25474 	 2.159499	 2.144401	   0.013
  12725.25713 	 2.159462	 2.144223	   0.013
  12740.15238 	 2.159692	 2.144551	   0.013
  12755.24235 	 2.159415	 2.144519	   0.013
  12770.14944 	 2.159519	 2.144596	   0.013
  12770.14482 	 2.159511	 2.144471	   0.013
  12785.22108 	 2.159556	 2.144547	   0.013
  12800.13539 	 2.159456	 2.144672	   0.013
  12800.12787 	 2.159373	 2.144718	   0.013
  12815.22172 	 2.159475	 2.144675	   0.013
  12830.31661 	 2.159462	 2.144447	   0.013
  12845.20445 	 2.159362	 2.144785	   0.013
  12845.20974 	 2.159375	 2.144624	   0.013
  12860.29897 	 2.159097	 2.144677	   0.013
  12875.20197 	 2.15947 	 2.14485 	   0.013
  12890.28945 	 2.159143	 2.14488 	   0.013
  12890.29268 	 2.159394	 2.144803	   0.013
  12905.18856 	 2.159272	 2.144959	   0.013
  12920.27701 	 2.159337	 2.145032	   0.013
  12935.18278 	 2.159501	 2.145047	   0.013
  12935.17859 	 2.159225	 2.145202	   0.013
  12950.27104 	 2.15935 	 2.145168	   0.013
  12965.17694 	 2.159182	 2.145033	   0.013
  12980.26077 	 2.159263	 2.145219	   0.013
  12980.25113 	 2.159264	 2.145217	   0.013
  12995.15006 	 2.159326	 2.14547 	   0.013
  13010.24872 	 2.159221	 2.145447	   0.013
  13025.14666 	 2.159348	 2.145405	   0.013
  13025.14359 	 2.159149	 2.145454	   0.013
  13040.24338 	 2.15905 	 2.145496	   0.013
  13055.13898 	 2.159126	 2.145688	   0.013
  13070.22403 	 2.15918 	 2.145625	   0.013
  13070.22384 	 2.1593  	 2.145541	   0.013
  13085.31949 	 2.159128	 2.14562 	   0.013
  13100.20884 	 2.159273	 2.145639	   0.013
  13115.29718 	 2.159233	 2.145787	   0.013
  13115.30416 	 2.159267	 2.145772	   0.013
  13130.20519 	 2.159269	 2.145816	   0.013
  13145.29043 	 2.159261	 2.14572 	   0.013
  13150.81463 	 2.159056	 2.145759	   0.013
  13160.19469 	 2.159011	 2.145644	   0.013
  13175.27889 	 2.159115	 2.145789	   0.013
  13190.17754 	 2.159192	 2.145896	   0.013
  13190.18384 	 2.159048	 2.145997	   0.013
  13205.26821 	 2.159019	 2.145855	   0.013
  13220.16815 	 2.159157	 2.146023	   0.013
  13235.25703 	 2.158957	 2.14604 	   0.013
  13235.25318 	 2.159115	 2.146203	   0.013
  13250.1646  	 2.158992	 2.146104	   0.013
  13265.25091 	 2.159125	 2.146042	   0.013
  13280.15105 	 2.15878 	 2.146051	   0.013
  13280.14847 	 2.158912	 2.146108	   0.013
  13295.23496 	 2.158887	 2.146047	   0.013
  13310.32857 	 2.159036	 2.146254	   0.013
  13325.22585 	 2.158767	 2.146091	   0.013
  13325.22694 	 2.158885	 2.146299	   0.013
  13340.31077 	 2.158945	 2.146385	   0.013
  13355.20623 	 2.158738	 2.146094	   0.013
              	         	         	    
              	         	         	    
              	         	         	    
              	         	         	    
              	         	         	    
              	         	         	    
              	         	         	    
              	         	         	    
              	         	         	    
              	         	         	    
              	         	         	    
              	         	         	    
              	         	         	    
              	         	         	    
              	         	         	    
              	         	         	    
              	         	         	    
              	         	         	    
              	         	         	    
              	         	         	    
              	         	         	    
              	         	         	    
              	         	         	    
              	         	         	    
              	         	         	    
              	         	         	    
              	         	         	    
              	         	         	    
              	         	         	    
              	         	         	    
              	         	         	    
              	         	         	    
              	         	         	    
              	         	         	    
              	         	         	    
              	         	         	    
              	         	         	    
              	         	         	    
              	         	         	    
              	         	         	    
              	         	         	    
              	         	         	    
              	         	         	    
              	         	         	    
              	         	         	    
              	         	         	    
              	         	         	    
              	         	         	    
              	         	         	    
              	         	         	    
              	         	         	    
              	         	         	    
              	         	         	    
              	         	         	    
              	         	         	    
              	         	         	    
              	         	         	    
              	         	         	    