2004.447165	1.654643	1.609464	0.0004
2098.026311	1.663635	1.623778	0.0004
2198.202273	1.663857	1.622186	0.0004
2198.881843	1.663662	1.621852	0.0004
2299.334577	1.663206	1.619235	0.0004
2401.029326	1.661924	1.619073	0.0004
2400.27651	1.662548	1.619414	0.0004
2501.980236	1.662179	1.617791	0.0004
2603.231481	1.6615	1.616794	0.0004
2702.867069	1.662331	1.614872	0.0004
2703.520925	1.662363	1.615162	0.0004
2804.112399	1.662404	1.613399	0.0004
2903.493635	1.662894	1.611767	0.0004
2904.00943	1.662881	1.611983	0.0004
3003.043609	1.663996	1.610546	0.0004
3102.960754	1.665255	1.6096	0.0004
3102.932888	1.665307	1.609757	0.0004
3201.555416	1.666691	1.608838	0.0004
3301.50793	1.667831	1.607637	0.0004
3302.342503	1.667494	1.607875	0.0004
3400.944361	1.669043	1.606817	0.0004
3500.840398	1.66989	1.605138	0.0004
3601.212796	1.671467	1.604169	0.0004
3601.014112	1.670946	1.603822	0.0004
3700.50937	1.672345	1.601754	0.0004
3800.625313	1.673476	1.59973	0.0004
3800.478251	1.67378	1.59987	0.0004
3900.169391	1.675101	1.598215	0.0004
3999.927351	1.67693	1.595789	0.0004
4000.291711	1.677312	1.595857	0.0004
4099.971079	1.678847	1.593016	0.0004
4200.551354	1.680644	1.590584	0.0004
4299.932738	1.682526	1.588274	0.0004
4300.154436	1.682873	1.587814	0.0004
4399.922395	1.685319	1.584957	0.0004
4500.207902	1.687606	1.581293	0.0004
4500.204453	1.687427	1.581129	0.0004
4600.13217	1.690544	1.577645	0.0004
4700.182378	1.693245	1.573547	0.0004
4800.305701	1.696782	1.569021	0.0004
4800.306281	1.696915	1.568706	0.0004
4900.141974	1.70003	1.564062	0.0004
5000.128681	1.704326	1.558578	0.0004
5000.046193	1.704241	1.558429	0.0004
5100.162598	1.708773	1.552152	0.0004
5200.271356	1.713911	1.545303	0.0004
5199.892908	1.714215	1.545122	0.0004
5300.345416	1.719397	1.537645	0.0004
5400.031246	1.725692	1.528996	0.0004
5500.510452	1.732851	1.519067	0.0004
5500.197866	1.733054	1.518782	0.0004
5600.19263	1.740629	1.507778	0.0004
5700.163269	1.749553	1.495285	0.0004
5700.262464	1.749771	1.494979	0.0004
5800.237841	1.759352	1.480525	0.0004
5900.044246	1.770444	1.464306	0.0004
5899.966632	1.770807	1.464147	0.0004
6000.012072	1.783051	1.44514	0.0004
6100.286592	1.79725	1.424477	0.0004
6199.771026	1.813243	1.399295	0.0004
6200.423573	1.813892	1.398801	0.0004
6300.291186	1.831736	1.370549	0.0004
6400.371449	1.851878	1.337206	0.0004
6400.148019	1.852242	1.33607	0.0004
6499.94137	1.875238	1.297336	0.0004
6599.959729	1.899723	1.253224	0.0004
6600.077655	1.900239	1.252675	0.0004
6700.190274	1.927829	1.200917	0.0004
6799.916231	1.956817	1.143477	0.0004
6900.146738	1.987401	1.078189	0.0004
6900.276086	1.988379	1.076677	0.0004
7000.099416	2.018793	1.006902	0.0004
7100.188149	2.049052	0.933194	0.0004
7100.140873	2.049062	0.931341	0.0004
7200.012475	2.076573	0.858782	0.0004
7300.211907	2.098607	0.793954	0.0004
7300.024447	2.098623	0.793697	0.0004
7399.981626	2.114628	0.744723	0.0004
7500.125509	2.122963	0.719183	0.0004
7600.055972	2.123251	0.721773	0.0004
7599.790851	2.123013	0.721497	0.0004
7700.131076	2.115677	0.750181	0.0004
7800.274949	2.102372	0.797192	0.0004
7800.012947	2.10266	0.796772	0.0004
7900.185594	2.083787	0.855274	0.0004
8000.217064	2.061202	0.919421	0.0004
8100.380345	2.037107	0.983602	0.0004
8099.951678	2.037533	0.981735	0.0004
8200.172533	2.01275	1.043504	0.0004
8300.146079	1.987519	1.099814	0.0004
8299.976759	1.988113	1.098225	0.0004
8400.058337	1.963615	1.150099	0.0004
8500.007836	1.940943	1.196434	0.0004
8500.313977	1.941637	1.195472	0.0004
8600.326366	1.919489	1.236651	0.0004
8700.190907	1.898829	1.273908	0.0004
8800.134228	1.880502	1.306705	0.0004
8800.295688	1.880715	1.305706	0.0004
8900.342164	1.863551	1.335542	0.0004
9000.098943	1.847731	1.360828	0.0004
9000.201661	1.848053	1.360098	0.0004
9100.094985	1.833664	1.383235	0.0004
9200.54334	1.820428	1.403463	0.0004
9200.352076	1.820839	1.403153	0.0004
9300.215762	1.808348	1.421313	0.0004
9400.187004	1.797459	1.437985	0.0004
9500.367787	1.787583	1.452342	0.0004
9500.368047	1.788436	1.45196	0.0004
9599.88139	1.778635	1.465195	0.0004
9700.280438	1.77027	1.477065	0.0004
9700.350686	1.770314	1.47699	0.0004
9800.108372	1.762725	1.487664	0.0004
9900.421624	1.755336	1.497228	0.0004
9999.969353	1.749324	1.506294	0.0004
10000.1387	1.74919	1.505999	0.0004
10100.16231	1.743098	1.513859	0.0004
10200.56088	1.738173	1.521099	0.0004
10200.02091	1.738132	1.520993	0.0004
10300.24054	1.73308	1.527504	0.0004
10400.29612	1.72842	1.534016	0.0004
10400.60928	1.728644	1.533846	0.0004
10500.05829	1.724438	1.539309	0.0004
10600.13918	1.72027	1.544379	0.0004
10700.23892	1.716681	1.548869	0.0004
10700.20759	1.716689	1.549042	0.0004
10800.20898	1.713039	1.55314	0.0004
10900.21327	1.710029	1.557461	0.0004
10900.31509	1.709483	1.557087	0.0004
11000.28229	1.70659	1.560788	0.0004
11100.40051	1.704161	1.564413	0.0004
11200.10255	1.701631	1.567313	0.0004
11200.46236	1.701548	1.567266	0.0004
11299.99948	1.698842	1.57045	0.0004
11400.43679	1.697142	1.573398	0.0004
11400.00574	1.697097	1.573128	0.0004
11500.3071	1.694619	1.575188	0.0004
11599.97271	1.692745	1.578098	0.0004
11600.37716	1.692489	1.577879	0.0004
11700.17039	1.690932	1.580432	0.0004
11800.29582	1.689205	1.58276	0.0004
11900.31847	1.687619	1.584452	0.0004
11900.32329	1.687428	1.584543	0.0004
11999.9531	1.685443	1.586374	0.0004
12100.16709	1.684575	1.58808	0.0004
12100.51603	1.68449	1.588388	0.0004
12200.01947	1.682909	1.58989	0.0004
12300.13869	1.681817	1.591421	0.0004
12400.28707	1.680488	1.592747	0.0004
12400.09932	1.680551	1.592688	0.0004
12499.9957	1.678677	1.593892	0.0004
12600.3895	1.678039	1.595386	0.0004
12600.4817	1.677896	1.595526	0.0004
12700.28891	1.676822	1.596706	0.0004
12800.11944	1.675729	1.597963	0.0004
12900.02251	1.675454	1.599194	0.0004
12899.9925	1.6745	1.598956	0.0004
13000.18429	1.673522	1.600104	0.0004
13099.8849	1.672902	1.601056	0.0004
13100.03918	1.673039	1.601344	0.0004
13200.39211	1.672698	1.601977	0.0004
13300.30241	1.671216	1.603101	0.0004
13400.40569	1.670707	1.603527	0.0004
13400.12738	1.670557	1.603901	0.0004
13500.29345	1.669721	1.604572	0.0004
13600.1007	1.669357	1.605349	0.0004
13599.90891	1.669181	1.605394	0.0004
13700.21892	1.668618	1.606	0.0004
13800.31396	1.667522	1.606846	0.0004
13900.37535	1.666782	1.607417	0.0004
13900.19949	1.667598	1.607307	0.0004
14000.14207	1.66631	1.608134	0.0004
14100.03288	1.665898	1.608517	0.0004
14100.35985	1.666138	1.608954	0.0004
14200.17615	1.665265	1.608803	0.0004
14300.28677	1.665205	1.610102	0.0004
14400.19898	1.664504	1.610376	0.0004
14400.14621	1.664087	1.610506	0.0004
14500.5584	1.66373	1.61105	0.0004
14600.09864	1.663032	1.611598	0.0004
14600.02218	1.66348	1.61148	0.0004
14700.19273	1.662791	1.611867	0.0004
14800.01822	1.662627	1.612584	0.0004
14900.41535	1.661932	1.612919	0.0004
14900.37723	1.661875	1.612953	0.0004
15000.49648	1.662	1.613419	0.0004
