2099.490996	1.662936	1.625298	0.0004
2197.231977	1.666133	1.625311	0.0004
2198.886188	1.664845	1.623381	0.0004
2297.915863	1.665648	1.622297	0.0004
2401.834666	1.662608	1.619732	0.0004
2401.569795	1.662589	1.620219	0.0004
2501.932611	1.663482	1.619155	0.0004
2602.236894	1.663765	1.618064	0.0004
2602.906781	1.663793	1.618493	0.0004
2702.494416	1.664062	1.61619		0.0004
2803.757765	1.663604	1.61474		0.0004
2903.423035	1.664639	1.61317		0.0004
2903.538095	1.664649	1.613203	0.0004
3003.505687	1.664968	1.611775	0.0004
3102.874421	1.666498	1.611007	0.0004
3102.980613	1.666075	1.61083		0.0004
3202.025526	1.66788		1.610057	0.0004
3301.4797	1.669324	1.609171	0.0004
3400.843063	1.670547	1.60822		0.0004
3400.938995	1.670451	1.608207	0.0004
3500.617504	1.671436	1.606495	0.0004
3600.561202	1.672733	1.604926	0.0004
3600.927122	1.672668	1.605154	0.0004
3700.339529	1.673782	1.603213	0.0004
3800.86284	1.675304	1.601173	0.0004
3800.540699	1.674883	1.601285	0.0004
3900.495897	1.676698	1.598962	0.0004
4000.3647	1.678715	1.597175	0.0004
4099.943156	1.68033	1.594558		0.0004
4099.645766	1.680122	1.59475		0.0004
4200.311781	1.682134	1.592328	0.0004
4300.186276	1.684345	1.588918	0.0004
4300.169191	1.684315	1.588898	0.0004
4399.992648	1.686637	1.585701	0.0004
4500.120344	1.689161	1.582578	0.0004
4500.239784	1.689482	1.582028	0.0004
4599.995551	1.691946	1.578621	0.0004
4699.943587	1.694878	1.57425		0.0004
4700.175407	1.694637	1.574298	0.0004
4799.994934	1.698501	1.569633	0.0004
4900.110321	1.701849	1.565014	0.0004
5000.243885	1.705788	1.558866	0.0004
5000.079481	1.706111	1.558932	0.0004
5100.002238	1.710867	1.552688	0.0004
5200.214503	1.715713	1.546003	0.0004
5200.198295	1.715724	1.545496	0.0004
5300.126861	1.721159	1.537911	0.0004
5400.051256	1.727413	1.529448	0.0004
5400.163006	1.727755	1.529096	0.0004
5500.053918	1.734766	1.51926		0.0004
5600.408037	1.742295	1.507778	0.0004
5700.107909	1.751374	1.495762	0.0004
5700.061177	1.751464	1.495226	0.0004
5799.838291	1.761273	1.481071	0.0004
5900.14996	1.772523	1.464222	0.0004
5899.962525	1.772995	1.464161	0.0004
6000.33953	1.785133	1.445639	0.0004
6099.899	1.799224	1.423971	0.0004
6100.19633	1.799756	1.42301		0.0004
6200.022256	1.815824	1.398113	0.0004
6300.205947	1.833425	1.369419	0.0004
6400.273252	1.85392	1.335559		0.0004
6400.102585	1.854295	1.334755	0.0004
6500.258865	1.87695	1.296767		0.0004
6600.083767	1.901791	1.252031	0.0004
6600.231807	1.902426	1.250437	0.0004
6700.054458	1.93022	1.198757		0.0004
6799.927491	1.958578	1.141488	0.0004
6800.095985	1.959292	1.140095	0.0004
6900.12928	1.989662	1.074732	0.0004
7000.130442	2.01991	1.005193		0.0004
7100.328981	2.04946	0.932239		0.0004
7100.131786	2.049897	0.930753	0.0004
7200.145627	2.076002	0.859942	0.0004
7300.325248	2.097248	0.796284	0.0004
7300.186208	2.097877	0.795722	0.0004
7400.081897	2.113062	0.748756	0.0004
7500.097361	2.120524	0.725258	0.0004
7600.225287	2.120677	0.728688	0.0004
7599.883798	2.120575	0.728672	0.0004
7699.95742	2.113544	0.757758	0.0004
7800.283985	2.099345	0.804556	0.0004
7800.009348	2.099685	0.803864	0.0004
7900.33984	2.081099	0.862143	0.0004
8000.421117	2.058868	0.9256		0.0004
8000.266677	2.059475	0.924381	0.0004
8100.199565	2.035457	0.986928	0.0004
8200.322601	2.01067	1.047414		0.0004
8299.868698	1.986016	1.102941	0.0004
8300.277088	1.98733	1.101533		0.0004
8400.192903	1.962429	1.153094	0.0004
8500.312923	1.939721	1.198658	0.0004
8500.159369	1.940664	1.197639	0.0004
8600.120081	1.918886	1.238377	0.0004
8700.23876	1.898343	1.275678	0.0004
8800.132273	1.880483	1.308018	0.0004
8800.277954	1.880592	1.306917	0.0004
8900.26019	1.863389	1.336163	0.0004
9000.296446	1.847865	1.361991	0.0004
9000.101631	1.848346	1.361185	0.0004
9100.166208	1.834297	1.384017	0.0004
9200.404748	1.820823	1.40454		0.0004
9200.430953	1.821125	1.404188	0.0004
9300.064935	1.809195	1.422212	0.0004
9400.408371	1.798186	1.438578	0.0004
9500.170241	1.78843	1.452951		0.0004
9500.278478	1.789111	1.452882	0.0004
9600.25097	1.779396	1.465715	0.0004
9700.128	1.771127	1.477511	0.0004
9700.359025	1.771228	1.477422	0.0004
9800.133024	1.763787	1.487797	0.0004
9900.267344	1.756689	1.49758		0.0004
10000.05023	1.750483	1.506443	0.0004
10000.5013	1.750614	1.506143	0.0004
10100.06527	1.7449	1.514149		0.0004
10200.34754	1.739627	1.521591	0.0004
10200.31921	1.739742	1.521459	0.0004
10300.03966	1.734112	1.527688	0.0004
10400.35177	1.729699	1.534202	0.0004
10400.6135	1.729939	1.534263	0.0004
10499.99361	1.725292	1.539383	0.0004
10599.87082	1.721595	1.544688	0.0004
10700.03368	1.717442	1.549416	0.0004
10700.20172	1.717684	1.549301	0.0004
10800.21538	1.714201	1.553895	0.0004
10900.25082	1.711487	1.557651	0.0004
10900.10984	1.711007	1.557679	0.0004
11000.24618	1.708146	1.561428	0.0004
11100.57939	1.705308	1.564832	0.0004
11200.24097	1.703069	1.568198	0.0004
11200.5082	1.702838	1.568137	0.0004
11300.00944	1.700365	1.570748	0.0004
11300.24911	1.700513	1.570806	0.0004
11399.79341	1.698493	1.573749	0.0004
11500.25345	1.696172	1.576279	0.0004
11500.14225	1.696079	1.576406	0.0004
11600.40397	1.694062	1.579004	0.0004
11700.07352	1.692381	1.580802	0.0004
11700.25752	1.692121	1.580585	0.0004
11800.36783	1.690425	1.583078	0.0004
11900.19322	1.689047	1.585165	0.0004
11900.46367	1.688812	1.585305	0.0004
12000.54582	1.687416	1.587033	0.0004
12100.05591	1.685631	1.588509	0.0004
12099.86738	1.685612	1.588874	0.0004
12200.25746	1.684172	1.590255	0.0004
12300.00173	1.68331	1.591904		0.0004
12300.007	1.683003	1.591932	0.0004
12400.22838	1.681608	1.593628	0.0004
12500.31906	1.68053	1.594815		0.0004
12500.16701	1.680175	1.594886	0.0004
12600.64224	1.679676	1.595968	0.0004
12700.07315	1.678494	1.596985	0.0004
12700.27667	1.67833		1.597499	0.0004
12799.99506	1.677452	1.59852		0.0004
12900.38306	1.67639		1.59968		0.0004
12900.17751	1.676083	1.599726	0.0004
13000.15604	1.67542		1.600471	0.0004
13100.0538	1.67468		1.601798	0.0004
13100.14232	1.674425	1.601652	0.0004
13200.4983	1.673492	1.602766	0.0004
13300.48876	1.673		1.603847	0.0004
13300.37775	1.672811	1.603525	0.0004
13400.3001	1.672253	1.604126	0.0004
13500.43752	1.671303	1.605146	0.0004
13500.32264	1.671439	1.605413	0.0004
13600.41638	1.670441	1.60617		0.0004
13700.40987	1.670081	1.60661		0.0004
13700.13597	1.669819	1.606572	0.0004
13800.27932	1.669118	1.607149	0.0004
13900.48216	1.66871		1.608337	0.0004
13900.11805	1.668873	1.608016	0.0004
14000.33807	1.668172	1.608956	0.0004
14100.14075	1.667517	1.609701	0.0004
14099.99439	1.667355	1.609566	0.0004
14200.3338	1.666985	1.609785	0.0004
14300.31365	1.666749	1.610417	0.0004
14300.06596	1.666442	1.610437	0.0004
14400.07871	1.665922	1.611118	0.0004
14400.13622	1.666051	1.61127		0.0004
14500.53173	1.665847	1.611718	0.0004
14600.12407	1.665119	1.612232	0.0004
14600.49983	1.665056	1.612185	0.0004
14700.31421	1.664554	1.612859	0.0004
14800.34519	1.66445		1.613012		0.0004
14900.36571	1.663429	1.613575	0.0004
14900.41563	1.663502	1.613913	0.0004
15000.16825	1.663076	1.614176	0.0004
15000.29015	1.663436	1.61395		0.0004
