Time (s)	V_IN	V	
0.000000	4.939194	4.910210
0.000005	4.940482	4.910854
0.000010	4.940160	4.909566
0.000015	4.940160	4.910854
0.000020	4.939838	4.909888
0.000025	4.939194	4.910210
0.000030	4.940804	4.910532
0.000035	4.939194	4.910532
0.000040	4.940160	4.910532
0.000045	4.939516	4.910210
0.000050	4.939838	4.910532
0.000055	4.939838	4.910210
0.000060	4.940160	4.910532
0.000065	4.939516	4.909888
0.000070	4.939194	4.909888
0.000075	4.939838	4.909888
0.000080	4.939516	4.909888
0.000085	4.939838	4.910210
0.000090	4.939838	4.909888
0.000095	4.939838	4.910210
0.000100	4.939838	4.910532
0.000105	4.939194	4.910210
0.000110	4.939838	4.910210
0.000115	4.939194	4.909244
0.000120	4.940160	4.910532
0.000125	4.939194	4.909888
0.000130	4.939516	4.909566
0.000135	4.939194	4.909566
0.000140	4.939194	4.910532
0.000145	4.939838	4.910210
0.000150	4.939194	4.910532
0.000155	4.939838	4.910854
0.000160	4.939838	4.909888
0.000165	4.940160	4.910532
0.000170	4.939838	4.909244
0.000175	4.939194	4.909888
0.000180	4.940160	4.909888
0.000185	4.939194	4.909888
0.000190	4.939838	4.909566
0.000195	4.939194	4.909888
0.000200	4.939516	4.910532
0.000205	4.939516	4.909566
0.000210	4.938872	4.909888
0.000215	4.939516	4.909888
0.000220	4.938872	4.910854
0.000225	4.939516	4.910532
0.000230	4.939194	4.910210
0.000235	4.939194	4.910532
0.000240	4.939516	4.909888
0.000245	4.939516	4.910210
0.000250	4.939838	4.909566
0.000255	4.939516	4.910210
0.000260	4.939516	4.910210
0.000265	4.939194	4.909888
0.000270	4.939516	4.909888
0.000275	4.938550	4.909244
0.000280	4.939838	4.910532
0.000285	4.939194	4.909244
0.000290	4.939516	4.909888
0.000295	4.939838	4.909566
0.000300	4.939194	4.909888
0.000305	4.939838	4.909566
0.000310	4.939194	4.909566
0.000315	4.939516	4.909888
0.000320	4.938228	4.909566
0.000325	4.939194	4.910532
0.000330	4.939194	4.909566
0.000335	4.939516	4.909566
0.000340	4.939194	4.909244
0.000345	4.938228	4.909566
0.000350	4.939516	4.910210
0.000355	4.938550	4.909566
0.000360	4.938550	4.910532
0.000365	4.939194	4.909888
0.000370	4.938550	4.909566
0.000375	4.939516	4.909244
0.000380	4.938228	4.910210
0.000385	4.939516	4.909888
0.000390	4.938872	4.909244
0.000395	4.939194	4.909888
0.000400	4.938872	4.908922
0.000405	4.938550	4.910532
0.000410	4.939194	4.909244
0.000415	4.939194	4.909888
0.000420	4.939838	4.909566
0.000425	4.938872	4.909888
0.000430	4.939838	4.910210
0.000435	4.939194	4.909566
0.000440	4.939194	4.910532
0.000445	4.939194	4.909566
0.000450	4.939194	4.910532
0.000455	4.939516	4.909244
0.000460	4.938872	4.909888
0.000465	4.939516	4.909888
0.000470	4.939516	4.909888
0.000475	4.939194	4.910532
0.000480	4.938872	4.909888
0.000485	4.938872	4.910210
0.000490	4.939516	4.909244
0.000495	4.939194	4.909888
0.000500	4.939516	4.909888
0.000505	4.939516	4.909244
0.000510	4.939516	4.910532
0.000515	4.939194	4.909244
0.000520	4.939194	4.910532
0.000525	4.939838	4.909566
0.000530	4.939838	4.910532
0.000535	4.940482	4.909888
0.000540	4.938872	4.910532
0.000545	4.940482	4.910210
0.000550	4.939516	4.909888
0.000555	4.939838	4.910532
0.000560	4.939194	4.909244
0.000565	4.939838	4.910532
0.000570	4.939838	4.909566
0.000575	4.939838	4.910532
0.000580	4.939838	4.910210
0.000585	4.939194	4.909888
0.000590	4.939516	4.910532
0.000595	4.939194	4.909888
0.000600	4.939838	4.910854
0.000605	4.939838	4.909566
0.000610	4.939516	4.910210
0.000615	4.939516	4.910210
0.000620	4.939194	4.909888
0.000625	4.939838	4.909888
0.000630	4.939516	4.909566
0.000635	4.939516	4.910532
0.000640	4.939194	4.909888
0.000645	4.938550	4.910532
0.000650	4.939516	4.909888
0.000655	4.939194	4.910532
0.000660	4.939516	4.910532
0.000665	4.939516	4.910210
0.000670	4.940160	4.910854
0.000675	4.939838	4.909566
0.000680	4.940160	4.910532
0.000685	4.939516	4.910210
0.000690	4.939194	4.910210
0.000695	4.939838	4.910210
0.000700	4.939194	4.910210
0.000705	4.939838	4.909566
0.000710	4.939838	4.909888
0.000715	4.939194	4.910210
0.000720	4.939516	4.909566
0.000725	4.938872	4.910532
0.000730	4.940160	4.909566
0.000735	4.938872	4.909566
0.000740	4.939516	4.909888
0.000745	4.939194	4.909244
0.000750	4.939838	4.910210
0.000755	4.939516	4.909888
0.000760	4.938872	4.910210
0.000765	4.939516	4.909566
0.000770	4.938872	4.910210
0.000775	4.939838	4.910532
0.000780	4.938872	4.910532
0.000785	4.940160	4.910210
0.000790	4.940160	4.909888
0.000795	4.939516	4.910532
0.000800	4.940160	4.909888
0.000805	4.939516	4.910532
0.000810	4.939516	4.910210
0.000815	4.939516	4.910532
0.000820	4.940160	4.910854
0.000825	4.939516	4.910210
0.000830	4.940160	4.910532
0.000835	4.939838	4.909888
0.000840	4.938872	4.910854
0.000845	4.939838	4.909566
0.000850	4.939194	4.910210
0.000855	4.940160	4.910532
0.000860	4.939194	4.910210
0.000865	4.940160	4.910532
0.000870	4.939516	4.909566
0.000875	4.939838	4.910854
0.000880	4.940482	4.910532
0.000885	4.939516	4.910532
0.000890	4.940160	4.910532
0.000895	4.938872	4.909888
0.000900	4.939838	4.910532
0.000905	4.939194	4.909888
0.000910	4.939516	4.910532
0.000915	4.940160	4.910210
0.000920	4.939838	4.910854
0.000925	4.940160	4.910532
0.000930	4.939516	4.910532
0.000935	4.939838	4.910210
0.000940	4.939194	4.909888
0.000945	4.940160	4.910532
0.000950	4.939838	4.909566
0.000955	4.938872	4.910532
0.000960	4.939838	4.909888
0.000965	4.939194	4.909566
0.000970	4.940160	4.909566
0.000975	4.939516	4.910210
0.000980	4.939838	4.910210
0.000985	4.939516	4.909566
0.000990	4.939838	4.910210
0.000995	4.939516	4.909566
0.001000	4.939838	4.910532
0.001005	4.939838	4.910210
0.001010	4.939194	4.909888
0.001015	4.938872	4.910210
0.001020	4.939194	4.909888
0.001025	4.939838	4.910210
0.001030	4.939516	4.909244
0.001035	4.939194	4.910210
0.001040	4.939516	4.909566
0.001045	4.938550	4.910210
0.001050	4.939516	4.910210
0.001055	4.938872	4.909566
0.001060	4.939516	4.909888
0.001065	4.939516	4.909244
0.001070	4.939194	4.910210
0.001075	4.939516	4.909244
0.001080	4.939194	4.909888
0.001085	4.939516	4.909888
0.001090	4.938872	4.910210
0.001095	4.939516	4.910210
0.001100	4.938550	4.910210
0.001105	4.938872	4.910210
0.001110	4.939838	4.909244
0.001115	4.939194	4.910210
0.001120	4.939194	4.909566
0.001125	4.938550	4.909244
0.001130	4.939838	4.909566
0.001135	4.939194	4.909888
0.001140	4.938872	4.910210
0.001145	4.939194	4.910210
0.001150	4.939516	4.910210
0.001155	4.939838	4.909888
0.001160	4.939194	4.910210
0.001165	4.940160	4.909888
0.001170	4.938872	4.909566
0.001175	4.939516	4.909888
0.001180	4.939194	4.909566
0.001185	4.938872	4.910532
0.001190	4.940160	4.909566
0.001195	4.939194	4.909888
0.001200	4.940160	4.909244
0.001205	4.938872	4.909244
0.001210	4.939838	4.909888
0.001215	4.939516	4.909566
0.001220	4.938872	4.910532
0.001225	4.939194	4.909566
0.001230	4.938872	4.910210
0.001235	4.939838	4.909566
0.001240	4.939194	4.909566
0.001245	4.939838	4.909566
0.001250	4.939194	4.909244
0.001255	4.939516	4.910210
0.001260	4.939516	4.909566
0.001265	4.938872	4.909888
0.001270	4.939194	4.908922
0.001275	4.939194	4.909888
0.001280	4.939838	4.909244
0.001285	4.938872	4.909566
0.001290	4.938872	4.909566
0.001295	4.938550	4.909244
0.001300	4.938872	4.909566
0.001305	4.938872	4.909244
0.001310	4.938872	4.909566
0.001315	4.939516	4.909244
0.001320	4.938550	4.909566
0.001325	4.939194	4.909566
0.001330	4.938550	4.908922
0.001335	4.938228	4.909566
0.001340	4.938872	4.909888
0.001345	4.938550	4.909566
0.001350	4.939516	4.908922
0.001355	4.938550	4.909566
0.001360	4.939516	4.909566
0.001365	4.937906	4.909244
0.001370	4.939194	4.909888
0.001375	4.938550	4.909244
0.001380	4.938872	4.909244
0.001385	4.939194	4.909566
0.001390	4.938872	4.909888
0.001395	4.939838	4.909244
0.001400	4.938550	4.909566
0.001405	4.939838	4.909888
0.001410	4.938550	4.909244
0.001415	4.938872	4.910210
0.001420	4.939194	4.909566
0.001425	4.938550	4.909888
0.001430	4.939516	4.909244
0.001435	4.938550	4.909566
0.001440	4.940160	4.910210
0.001445	4.938550	4.909244
0.001450	4.939194	4.910210
0.001455	4.938872	4.909566
0.001460	4.938872	4.910210
0.001465	4.938872	4.909244
0.001470	4.938550	4.909566
0.001475	4.939194	4.909566
0.001480	4.938228	4.909244
0.001485	4.939516	4.909566
0.001490	4.938550	4.909244
0.001495	4.938550	4.910210
