4.9224480
4.9218040
4.9224480
4.9218040
4.9221260
4.9224480
4.9218040
4.9227700
4.9221260
4.9224480
4.9221260
4.9230920
4.9224480
4.9224480
4.9230920
4.9224480
4.9227700
4.9224480
4.9230920
4.9221260
4.9224480
4.9227700
4.9230920
4.9234140
4.9227700
4.9230920
4.9224480
4.9234140
4.9227700
4.9234140
4.9234140
4.9230920
4.9227700
4.9218040
4.9234140
4.9227700
4.9227700
4.9224480
4.9230920
4.9230920
4.9227700
4.9221260
4.9224480
4.9227700
4.9224480
4.9227700
4.9234140
4.9227700
4.9230920
4.9230920
4.9230920
4.9227700
4.9227700
4.9224480
4.9221260
4.9230920
4.9218040
4.9227700
4.9221260
4.9230920
4.9227700
4.9227700
4.9237360
4.9230920
4.9230920
4.9224480
4.9227700
4.9227700
4.9230920
4.9221260
4.9224480
4.9227700
4.9224480
4.9227700
4.9218040
4.9227700
4.9224480
4.9227700
4.9224480
4.9224480
4.9230920
4.9221260
4.9227700
4.9224480
4.9227700
4.9234140
4.9227700
4.9224480
4.9224480
4.9227700
4.9224480
4.9227700
4.9230920
4.9227700
4.9227700
4.9230920
4.9227700
4.9224480
4.9224480
4.9221260
4.9227700
4.9221260
4.9227700
4.9227700
4.9218040
4.9227700
4.9224480
4.9224480
4.9227700
4.9227700
4.9224480
4.9227700
4.9230920
4.9227700
4.9224480
4.9227700
4.9227700
4.9230920
4.9224480
4.9234140
4.9224480
4.9227700
4.9224480
4.9230920
4.9227700
4.9227700
4.9230920
4.9230920
4.9230920
4.9224480
4.9230920
4.9230920
4.9224480
4.9224480
4.9221260
4.9227700
4.9221260
4.9230920
4.9221260
4.9221260
4.9218040
4.9221260
4.9224480
4.9218040
4.9218040
4.9224480
4.9224480
4.9221260
4.9218040
4.9221260
4.9214820
4.9224480
4.9211600
4.9221260
4.9218040
4.9224480
4.9221260
4.9221260
4.9224480
4.9218040
4.9227700
4.9218040
4.9227700
4.9224480
4.9218040
4.9224480
4.9221260
4.9234140
4.9227700
4.9218040
4.9218040
4.9224480
4.9224480
4.9218040
4.9224480
4.9224480
4.9227700
4.9218040
4.9224480
4.9224480
4.9221260
4.9224480
4.9218040
4.9221260
4.9218040
4.9221260
4.9218040
4.9221260
4.9211600
4.9208380
4.9221260
4.9211600
4.9218040
4.9221260
4.9218040
4.9224480
4.9218040
4.9221260
4.9218040
4.9227700
4.9221260
4.9221260
4.9218040
4.9224480
4.9224480
4.9218040
4.9218040
4.9221260
4.9221260
4.9221260
4.9218040
4.9224480
4.9218040
4.9221260
4.9218040
4.9218040
4.9218040
4.9221260
4.9224480
4.9218040
4.9224480
4.9214820
4.9218040
4.9221260
4.9221260
4.9221260
4.9218040
4.9218040
4.9211600
4.9221260
4.9214820
4.9218040
4.9214820
4.9221260
4.9224480
4.9218040
4.9221260
4.9218040
4.9218040
4.9221260
4.9224480
4.9224480
4.9214820
4.9227700
4.9218040
4.9227700
4.9214820
4.9227700
4.9218040
4.9214820
4.9227700
4.9224480
4.9224480
4.9214820
4.9224480
4.9218040
4.9218040
4.9227700
4.9218040
4.9227700
4.9218040
4.9227700
4.9214820
4.9221260
4.9214820
4.9214820
4.9224480
4.9218040
4.9227700
4.9218040
4.9221260
4.9218040
4.9224480
4.9224480
4.9221260
4.9221260
4.9221260
4.9224480
4.9221260
4.9221260
4.9221260
4.9224480
4.9227700
4.9214820
4.9224480
4.9221260
4.9224480
4.9227700
4.9221260
4.9218040
4.9218040
4.9227700
4.9221260
4.9224480
4.9224480
4.9224480
4.9221260
4.9221260
4.9221260
4.9214820