Frequency (Hz)	V_IN	V	
1700,045249	0,000000	0,593014
1800,039350	0,000000	0,627543
1900,138965	0,000000	0,650537
1900,188711	0,000000	0,686494
1999,933643	0,000000	0,685009
2099,994816	0,000000	0,719346
2099,972795	0,000000	0,710006
2200,007568	0,000000	0,743930
2300,044990	0,000000	0,769257
2400,073853	0,000000	0,803943
2400,050101	0,000000	0,806145
2500,114224	0,000000	0,825938
2600,147900	0,000000	0,848392
2600,115790	0,000000	0,845492
2700,156190	0,000000	0,862757
2800,004754	0,000000	0,883724
2799,987720	0,000000	0,863670
2899,997167	0,000000	0,891037
3000,027398	0,000000	0,886998
3100,050482	0,000000	0,898222
3100,040874	0,000000	0,881304
3200,063253	0,000000	0,877482
3300,083437	0,000000	0,889186
3300,067644	0,000000	0,883336
3400,168396	0,000000	0,940168
3499,973360	0,000000	0,907234
3499,932043	0,000000	0,899610
3599,966381	0,000000	0,883623
3700,031450	0,000000	0,886892
3800,033754	0,000000	0,864513
3800,036902	0,000000	0,878789
3900,156388	0,000000	0,871401
4000,096727	0,000000	0,830236
4000,109994	0,000000	0,808722
4100,162477	0,000000	0,798622
4200,176388	0,000000	0,770736
4299,986617	0,000000	0,730545
4299,968656	0,000000	0,715294
4399,986523	0,000000	0,650735
4500,038327	0,000000	0,638732
4500,042520	0,000000	0,632422
4600,075024	0,000000	0,573801
4700,098399	0,000000	0,517729
4700,116483	0,000000	0,499873
4800,095355	0,000000	0,406485
4900,173625	0,000000	0,332112
5000,165588	0,000000	0,238025
5000,214777	0,000000	0,243605
5099,998601	0,000000	0,121900
5200,126279	0,000000	0,003536
5200,049282	0,000000	-0,016802
5300,075185	0,000000	-0,156104
5400,118446	0,000000	-0,281912
5500,131216	0,000000	-0,476921
5500,152939	0,000000	-0,479835
5600,117755	0,000000	-0,675444
5700,201242	0,000000	-0,897968
5700,157600	0,000000	-0,885657
5800,267989	0,000000	-1,108092
5900,048424	0,000000	-1,403780
6000,046648	0,000000	-1,698391
6000,048075	0,000000	-1,724959
6100,083961	0,000000	-2,046260
6200,107095	0,000000	-2,425969
6200,118110	0,000000	-2,433362
6300,136783	0,000000	-2,861373
6400,176571	0,000000	-3,295492
6500,229086	0,000000	-3,818223
6500,183040	0,000000	-3,839073
6600,030411	0,000000	-4,383349
6700,010469	0,000000	-4,994176
6700,027984	0,000000	-5,007675
6800,141843	0,000000	-5,610330
6900,112574	0,000000	-6,198079
7000,158731	0,000000	-6,729775
7000,140630	0,000000	-6,730011
7100,152888	0,000000	-6,984538
7200,167897	0,000000	-6,718661
7200,202114	0,000000	-6,697297
7300,166989	0,000000	-5,511129
7400,038962	0,000000	-3,079929
7500,070549	0,000000	0,899314
7500,063949	0,000000	1,052700
7600,123574	0,000000	6,161412
7700,158180	0,000000	11,480183
7700,132562	0,000000	11,474654
7800,163547	0,000000	15,931180
7900,234028	0,000000	19,060693
7900,229772	0,000000	19,004812
8000,232872	0,000000	20,876088
8100,246692	0,000000	21,830527
8200,091455	0,000000	22,152756
8200,083881	0,000000	22,167071
8300,077908	0,000000	22,118937
8400,126960	0,000000	21,811667
8400,137100	0,000000	21,882664
8500,139345	0,000000	21,500337
8600,191527	0,000000	21,044123
8700,264240	0,000000	20,552863
8700,267154	0,000000	20,607605
8800,240672	0,000000	20,085485
8900,265371	0,000000	19,638867
8900,246500	0,000000	19,670907
9000,117087	0,000000	19,247326
9100,140038	0,000000	18,830592
9200,161406	0,000000	18,479971
9200,162625	0,000000	18,466768
9300,181340	0,000000	18,137259
9400,172359	0,000000	17,821163
9400,241928	0,000000	17,857495
9500,229791	0,000000	17,543844
9600,248664	0,000000	17,300068
9700,081312	0,000000	17,077431
9700,080039	0,000000	17,073369
9800,139937	0,000000	16,861907
9900,142700	0,000000	16,681671
9900,150927	0,000000	16,690778
10000,163830	0,000000	16,495221
10100,192583	0,000000	16,340965
10200,254506	0,000000	16,205392
10200,226873	0,000000	16,201677
10300,247829	0,000000	16,069223
10400,270047	0,000000	15,962129
10400,257270	0,000000	15,970763
10500,125559	0,000000	15,880961
10600,137288	0,000000	15,765440
10700,186605	0,000000	15,697999
10700,150431	0,000000	15,692440
10800,186991	0,000000	15,622295
10900,243009	0,000000	15,577037
11000,238267	0,000000	15,507349
11000,219812	0,000000	15,506951
11100,270330	0,000000	15,461131
11200,281070	0,000000	15,402754
11300,136434	0,000000	15,377528
11300,091924	0,000000	15,390452
11400,200566	0,000000	15,368882
11500,216816	0,000000	15,355510
11500,187941	0,000000	15,348286
11600,199179	0,000000	15,305224
11700,248904	0,000000	15,316320
11800,295282	0,000000	15,298804
11800,256226	0,000000	15,289130
11900,273889	0,000000	15,279597
12000,298464	0,000000	15,306658
12000,347360	0,000000	15,274682
12100,150753	0,000000	15,309727
12200,162577	0,000000	15,324858
12300,245193	0,000000	15,339827
12300,191000	0,000000	15,315892
12400,262031	0,000000	15,354550
12500,162751	0,000000	15,338276
12600,269819	0,000000	15,359716
12600,317844	0,000000	15,367428
12700,349844	0,000000	15,396095
12800,150984	0,000000	15,424849
12800,157951	0,000000	15,412938
12900,210205	0,000000	15,443802
13000,203921	0,000000	15,480585
13100,223286	0,000000	15,510703
13100,203788	0,000000	15,495293
13200,251445	0,000000	15,559376
13300,222290	0,000000	15,557095
13300,329888	0,000000	15,604523
13400,294420	0,000000	15,595423
13500,326167	0,000000	15,663658
13600,163939	0,000000	15,701584
13600,175956	0,000000	15,699988
13700,198091	0,000000	15,719911
13800,265061	0,000000	15,790243
13800,220072	0,000000	15,761426
13900,263717	0,000000	15,820157
14000,310988	0,000000	15,886067
14100,354400	0,000000	15,913631
14100,334877	0,000000	15,913953
14200,348757	0,000000	15,983943
14300,300597	0,000000	15,989916
14300,321181	0,000000	16,006372
14400,183924	0,000000	16,048731
14500,237798	0,000000	16,107668
14600,209511	0,000000	16,152630
14600,195544	0,000000	16,156989
14700,298796	0,000000	16,218380
14800,310799	0,000000	16,280690
14800,279184	0,000000	16,268188
