2119,527725	-21,994579	-23,546664
2120,298175	-22,049923	-23,642932
2004,447165	-2,229178	-4,360792
2098,026311	-1,645826	-3,455806
2198,202273	-1,743373	-3,783886
2198,881843	-1,663047	-3,577011
2299,334577	-1,771147	-4,021030
2401,029326	-1,948064	-4,074116
2400,276510	-1,840153	-3,971793
2501,980236	-2,059193	-4,308669
2603,231481	-2,104524	-4,430042
2702,867069	-2,007340	-4,627833
2703,520925	-2,109734	-4,656290
2804,112399	-2,198057	-4,892956
2903,493635	-2,257634	-5,211189
2904,009430	-2,228020	-5,085695
3003,043609	-2,165577	-5,406954
3102,960754	-2,353765	-5,758623
3102,932888	-2,223173	-5,542467
3201,555416	-2,104956	-5,699314
3301,507930	-2,166208	-5,946372
3302,342503	-2,298556	-5,986295
3400,944361	-2,138801	-6,084884
3500,840398	-2,180421	-6,325141
3601,212796	-2,239567	-6,586479
3601,014112	-2,213463	-6,562388
3700,509370	-2,289210	-6,909582
3800,625313	-2,223598	-7,092609
3800,478251	-2,267073	-7,174905
3900,169391	-2,215540	-7,391746
3999,927351	-2,157280	-7,565799
4000,291711	-1,806922	-7,207741
4099,971079	-1,858527	-7,587911
4200,551354	-1,867165	-7,839949
4299,932738	-1,765620	-8,103475
4300,154436	-1,813582	-8,121411
4399,922395	-1,827980	-8,492367
4500,207902	-1,839920	-8,857459
4500,204453	-1,827495	-8,841847
4600,132170	-1,688402	-9,127963
4700,182378	-1,786607	-9,589389
4800,305701	-1,740739	-9,986440
4800,306281	-1,756492	-10,025567
4900,141974	-1,638939	-10,358589
5000,128681	-1,732921	-10,953008
5000,046193	-1,689618	-10,912344
5100,162598	-1,760067	-11,443730
5200,271356	-1,764190	-12,006733
5199,892908	-1,740833	-12,020413
5300,345416	-1,684437	-12,512527
5400,031246	-1,660938	-13,132113
5500,510452	-1,718180	-13,788589
5500,197866	-1,641826	-13,771806
5600,192630	-1,632695	-14,440019
5700,163269	-1,728016	-15,265749
5700,262464	-1,717054	-15,306258
5800,237841	-1,718987	-16,090438
5900,044246	-1,564301	-16,720900
5899,966632	-1,613785	-16,756699
6000,012072	-1,574644	-17,610272
6100,286592	-1,528466	-18,381849
6199,771026	-1,486747	-19,303497
6200,423573	-1,545852	-19,406142
6300,291186	-1,601756	-20,357332
6400,371449	-1,443547	-21,060715
6400,148019	-1,418001	-21,069102
6499,941370	-1,408663	-21,911734
6599,959729	-1,361667	-22,565322
6600,077655	-1,293519	-22,548563
6700,190274	-1,394839	-23,124652
6799,916231	-1,321751	-23,306974
6900,146738	-1,325517	-22,996366
6900,276086	-1,259065	-22,895828
7000,099416	-1,245584	-21,929261
7100,188149	-1,186092	-19,866313
7100,140873	-1,211386	-19,800135
7200,012475	-1,250677	-16,516244
7300,211907	-1,111883	-11,365935
7300,024447	-1,130662	-11,293203
7399,981626	-1,218493	-4,685810
7500,125509	-1,064903	3,457115
7600,055972	-1,124966	11,800911
7599,790851	-1,154487	11,677756
7700,131076	-0,963488	19,660791
7800,274949	-1,160683	25,525379
7800,012947	-0,984276	25,640373
7900,185594	-1,049502	30,122978
8000,217064	-1,077560	33,333309
8100,380345	-1,003027	35,391037
8099,951678	-1,118702	35,241376
8200,172533	-1,126821	36,442041
8300,146079	-1,109016	37,090309
8299,976759	-1,220069	36,998821
8400,058337	-1,043236	37,372287
8500,007836	-1,109016	37,160345
8500,313977	-1,201030	37,126282
8600,326366	-1,222309	36,839161
8700,190907	-1,232794	36,304562
8800,134228	-1,140049	35,888211
8800,295688	-1,209697	35,836273
8900,342164	-1,209524	35,245003
9000,098943	-1,121780	34,692485
9000,201661	-1,155335	34,734058
9100,094985	-1,165060	34,073953
9200,543340	-1,235119	33,368292
9200,352076	-1,268148	33,351640
9300,215762	-1,185831	32,814640
9400,187004	-1,243034	32,135466
9500,367787	-1,403947	31,395337
9500,368047	-1,285596	31,560773
9599,881390	-1,230559	30,973345
9700,280438	-1,181743	30,545821
9700,350686	-1,331787	30,424376
9800,108372	-1,321632	29,893236
9900,421624	-1,179018	29,551264
9999,969353	-1,179277	29,041773
10000,138703	-1,324849	28,899522
10100,162307	-1,174112	28,613752
10200,560877	-1,237129	28,180432
10200,020911	-1,275815	28,084448
10300,240543	-1,191955	27,826709
10400,296119	-1,316262	27,302934
10400,609282	-1,340688	27,308269
10500,058289	-1,263074	26,999688
10600,139178	-1,251782	26,664225
10700,238924	-1,164419	26,417896
10700,207587	-1,304939	26,288982
10800,208983	-1,240079	26,055385
10900,213269	-1,047149	25,935521
10900,315093	-1,331033	25,665711
11000,282288	-1,228851	25,491720
11100,400509	-1,233909	25,248930
11200,102551	-1,129294	25,084039
11200,462364	-1,244144	25,014573
11299,999481	-1,304172	24,667110
11400,436785	-1,311201	24,508664
11400,005741	-1,407063	24,349631
11500,307098	-1,416079	24,166639
11599,972712	-1,349713	23,999307
11600,377164	-1,258434	24,111528
11700,170394	-1,348986	23,853152
11800,295824	-1,096280	23,897049
11900,318474	-1,216073	23,623256
11900,323292	-1,164076	23,707236
11999,953095	-1,004903	23,643328
12100,167088	-1,139308	23,415581
12100,516033	-1,079397	23,526889
12200,019474	-1,280683	23,106153
12300,138694	-1,094621	23,187485
12400,287065	-1,239569	22,889195
12400,099319	-1,146676	22,959330
12499,995696	-1,104041	22,912915
12600,389498	-1,246765	22,723554
12600,481699	-1,124909	22,831245
12700,288913	-1,049208	22,784145
12800,119444	-1,163022	22,548646
12900,022508	-1,206392	22,411984
12899,992503	-1,161172	22,456821
13000,184293	-0,996825	22,552133
13099,884902	-1,119485	22,308614
13100,039183	-0,961467	22,505317
13200,392113	-1,246635	22,149594
13300,302406	-1,034873	22,289277
13400,405693	-1,061339	22,221306
13400,127379	-1,118208	22,137353
13500,293449	-1,213410	21,980035
13600,100698	-1,126425	22,020419
13599,908911	-0,995092	22,130522
13700,218923	-1,237381	21,845453
13800,313960	-1,041459	22,026628
13900,375346	-1,094871	21,913559
13900,199490	-1,126545	21,884609
14000,142069	-1,025987	21,898457
14100,032883	-0,958859	21,929074
14100,359853	-0,922726	21,985057
14200,176146	-1,145328	21,720762
14300,286766	-1,102744	21,714323
14400,198978	-1,075397	21,779231
14400,146210	-0,963432	21,859476
14500,558397	-0,926324	21,927775
14600,098640	-1,019808	21,729665
14600,022179	-0,897784	21,884446
14700,192734	-1,057277	21,696940
14800,018216	-0,873878	21,849502
14900,415352	-1,052710	21,675249
14900,377232	-0,893874	21,858145
15000,496481	-0,962442	21,750662
