Frequency (Hz)	V_IN	V_R	
2217,884062	1,231031	1,199372
2119,637033	1,421476	1,387656
2004,783959	1,655813	1,613165
2003,528181	1,657309	1,613021
2099,490996	1,662936	1,625298
2197,231977	1,666133	1,625311
2198,886188	1,664845	1,623381
2297,915863	1,665648	1,622297
2401,834666	1,662608	1,619732
2401,569795	1,662589	1,620219
2501,932611	1,663482	1,619155
2602,236894	1,663765	1,618064
2602,906781	1,663793	1,618493
2702,494416	1,664062	1,616190
2803,757765	1,663604	1,614740
2903,423035	1,664639	1,613170
2903,538095	1,664649	1,613203
3003,505687	1,664968	1,611775
3102,874421	1,666498	1,611007
3102,980613	1,666075	1,610830
3202,025526	1,667880	1,610057
3301,479700	1,669324	1,609171
3400,843063	1,670547	1,608220
3400,938995	1,670451	1,608207
3500,617504	1,671436	1,606495
3600,561202	1,672733	1,604926
3600,927122	1,672668	1,605154
3700,339529	1,673782	1,603213
3800,862840	1,675304	1,601173
3800,540699	1,674883	1,601285
3900,495897	1,676698	1,598962
4000,364700	1,678715	1,597175
4099,943156	1,680330	1,594558
4099,645766	1,680122	1,594750
4200,311781	1,682134	1,592328
4300,186276	1,684345	1,588918
4300,169191	1,684315	1,588898
4399,992648	1,686637	1,585701
4500,120344	1,689161	1,582578
4500,239784	1,689482	1,582028
4599,995551	1,691946	1,578621
4699,943587	1,694878	1,574250
4700,175407	1,694637	1,574298
4799,994934	1,698501	1,569633
4900,110321	1,701849	1,565014
5000,243885	1,705788	1,558866
5000,079481	1,706111	1,558932
5100,002238	1,710867	1,552688
5200,214503	1,715713	1,546003
5200,198295	1,715724	1,545496
5300,126861	1,721159	1,537911
5400,051256	1,727413	1,529448
5400,163006	1,727755	1,529096
5500,053918	1,734766	1,519260
5600,408037	1,742295	1,507778
5700,107909	1,751374	1,495762
5700,061177	1,751464	1,495226
5799,838291	1,761273	1,481071
5900,149960	1,772523	1,464222
5899,962525	1,772995	1,464161
6000,339530	1,785133	1,445639
6099,899000	1,799224	1,423971
6100,196330	1,799756	1,423010
6200,022256	1,815824	1,398113
6300,205947	1,833425	1,369419
6400,273252	1,853920	1,335559
6400,102585	1,854295	1,334755
6500,258865	1,876950	1,296767
6600,083767	1,901791	1,252031
6600,231807	1,902426	1,250437
6700,054458	1,930220	1,198757
6799,927491	1,958578	1,141488
6800,095985	1,959292	1,140095
6900,129280	1,989662	1,074732
7000,130442	2,019910	1,005193
7100,328981	2,049460	0,932239
7100,131786	2,049897	0,930753
7200,145627	2,076002	0,859942
7300,325248	2,097248	0,796284
7300,186208	2,097877	0,795722
7400,081897	2,113062	0,748756
7500,097361	2,120524	0,725258
7600,225287	2,120677	0,728688
7599,883798	2,120575	0,728672
7699,957420	2,113544	0,757758
7800,283985	2,099345	0,804556
7800,009348	2,099685	0,803864
7900,339840	2,081099	0,862143
8000,421117	2,058868	0,925600
8000,266677	2,059475	0,924381
8100,199565	2,035457	0,986928
8200,322601	2,010670	1,047414
8299,868698	1,986016	1,102941
8300,277088	1,987330	1,101533
8400,192903	1,962429	1,153094
8500,312923	1,939721	1,198658
8500,159369	1,940664	1,197639
8600,120081	1,918886	1,238377
8700,238760	1,898343	1,275678
8800,132273	1,880483	1,308018
8800,277954	1,880592	1,306917
8900,260190	1,863389	1,336163
9000,296446	1,847865	1,361991
9000,101631	1,848346	1,361185
9100,166208	1,834297	1,384017
9200,404748	1,820823	1,404540
9200,430953	1,821125	1,404188
9300,064935	1,809195	1,422212
9400,408371	1,798186	1,438578
9500,170241	1,788430	1,452951
9500,278478	1,789111	1,452882
9600,250970	1,779396	1,465715
9700,128000	1,771127	1,477511
9700,359025	1,771228	1,477422
9800,133024	1,763787	1,487797
9900,267344	1,756689	1,497580
10000,050233	1,750483	1,506443
10000,501301	1,750614	1,506143
10100,065270	1,744900	1,514149
10200,347540	1,739627	1,521591
10200,319206	1,739742	1,521459
10300,039657	1,734112	1,527688
10400,351772	1,729699	1,534202
10400,613496	1,729939	1,534263
10499,993611	1,725292	1,539383
10599,870824	1,721595	1,544688
10700,033675	1,717442	1,549416
10700,201721	1,717684	1,549301
10800,215381	1,714201	1,553895
10900,250816	1,711487	1,557651
10900,109844	1,711007	1,557679
11000,246178	1,708146	1,561428
11100,579394	1,705308	1,564832
11200,240972	1,703069	1,568198
11200,508203	1,702838	1,568137
11300,009441	1,700365	1,570748
11300,249107	1,700513	1,570806
11399,793414	1,698493	1,573749
11500,253446	1,696172	1,576279
11500,142245	1,696079	1,576406
11600,403966	1,694062	1,579004
11700,073524	1,692381	1,580802
11700,257521	1,692121	1,580585
11800,367833	1,690425	1,583078
11900,193219	1,689047	1,585165
11900,463668	1,688812	1,585305
12000,545823	1,687416	1,587033
12100,055909	1,685631	1,588509
12099,867383	1,685612	1,588874
12200,257460	1,684172	1,590255
12300,001725	1,683310	1,591904
12300,006995	1,683003	1,591932
12400,228384	1,681608	1,593628
12500,319062	1,680530	1,594815
12500,167011	1,680175	1,594886
12600,642238	1,679676	1,595968
12700,073154	1,678494	1,596985
12700,276667	1,678330	1,597499
12799,995064	1,677452	1,598520
12900,383055	1,676390	1,599680
12900,177511	1,676083	1,599726
13000,156040	1,675420	1,600471
13100,053798	1,674680	1,601798
13100,142315	1,674425	1,601652
13200,498299	1,673492	1,602766
13300,488764	1,673000	1,603847
13300,377747	1,672811	1,603525
13400,300104	1,672253	1,604126
13500,437515	1,671303	1,605146
13500,322638	1,671439	1,605413
13600,416384	1,670441	1,606170
13700,409874	1,670081	1,606610
13700,135970	1,669819	1,606572
13800,279318	1,669118	1,607149
13900,482164	1,668710	1,608337
13900,118046	1,668873	1,608016
14000,338065	1,668172	1,608956
14100,140754	1,667517	1,609701
14099,994385	1,667355	1,609566
14200,333804	1,666985	1,609785
14300,313649	1,666749	1,610417
14300,065964	1,666442	1,610437
14400,078707	1,665922	1,611118
14400,136221	1,666051	1,611270
14500,531728	1,665847	1,611718
14600,124068	1,665119	1,612232
14600,499828	1,665056	1,612185
14700,314211	1,664554	1,612859
14800,345190	1,664450	1,613012
14900,365708	1,663429	1,613575
14900,415626	1,663502	1,613913
15000,168252	1,663076	1,614176
15000,290147	1,663436	1,613950
