Frequency (Hz)	V_IN	V	
2299,891448	1,660693	1,618105
2400,018494	1,661266	1,617428
2399,986520	1,661025	1,617084
2500,046584	1,661511	1,616340
2600,100972	1,662144	1,615718
2600,020940	1,662017	1,615531
2700,221322	1,662866	1,614739
2799,871615	1,663278	1,613797
2799,937270	1,663158	1,613627
2899,968578	1,664349	1,612797
3000,036721	1,664587	1,611618
3100,008810	1,666007	1,610685
3100,058464	1,665271	1,610387
3200,114542	1,666168	1,609379
3300,108777	1,667527	1,607989
3300,058859	1,667389	1,608199
3400,195075	1,668593	1,606381
3499,997819	1,669540	1,604854
3600,051542	1,670562	1,603452
3600,074449	1,670389	1,603216
3700,045343	1,671886	1,601378
3800,010160	1,673330	1,599168
3800,137388	1,673177	1,599116
3900,038491	1,674897	1,596915
4000,065457	1,676416	1,594413
4100,107874	1,678083	1,592141
4100,142075	1,678215	1,592189
4200,145099	1,680295	1,589670
4300,051440	1,682345	1,586496
4300,038203	1,682204	1,586228
4400,051346	1,684545	1,583235
4500,020634	1,687412	1,579376
4499,989203	1,687464	1,579361
4600,040392	1,690217	1,575519
4700,143128	1,693209	1,571004
4800,106415	1,696749	1,566225
4800,090240	1,696888	1,566066
4900,190891	1,700483	1,560601
5000,156688	1,704343	1,554444
5000,223757	1,704448	1,554519
5099,990207	1,709143	1,547785
5200,076104	1,714357	1,540657
5300,012919	1,719897	1,532502
5300,078530	1,720083	1,532596
5400,050116	1,725958	1,523213
5500,086744	1,732926	1,512882
5500,103506	1,733179	1,512778
5600,069641	1,740867	1,501357
5700,225389	1,749202	1,488329
5800,183142	1,758591	1,473584
5800,285568	1,758760	1,473365
5899,954922	1,769430	1,457447
6000,011551	1,780922	1,438587
6000,060127	1,781207	1,437934
6100,149404	1,794102	1,416660
6200,155022	1,808078	1,393049
6300,183068	1,823918	1,366126
6300,064616	1,823937	1,365269
6400,210116	1,841016	1,335335
6500,183821	1,859319	1,300998
6500,200405	1,860006	1,300401
6600,076502	1,879808	1,262578
6700,084655	1,900178	1,221512
6800,012272	1,921641	1,176462
6800,165719	1,922098	1,175721
6900,015049	1,943342	1,128509
7000,044732	1,963645	1,079825
7000,237390	1,964094	1,079866
7100,242936	1,981003	1,034502
7200,228704	1,996231	0,993339
7300,169948	2,009232	0,956442
7300,238596	2,008778	0,957418
7400,080262	2,018087	0,929428
7500,081321	2,023762	0,911629
7600,110293	2,025286	0,905402
7600,075998	2,025351	0,905636
7700,153893	2,022106	0,912010
7800,239721	2,016912	0,926436
7800,182286	2,016024	0,927617
7900,189405	2,008077	0,950141
8000,222274	1,997707	0,978990
8000,284874	1,997672	0,978404
8100,249794	1,985078	1,010948
8200,015303	1,971571	1,045219
8300,083309	1,957124	1,080209
8300,095758	1,957438	1,079275
8400,074348	1,942368	1,114632
8500,142680	1,927551	1,147962
8500,100921	1,928126	1,147044
8600,124212	1,913616	1,178977
8700,251728	1,899094	1,209716
8800,163510	1,885567	1,237678
8800,313946	1,885672	1,236734
8900,229615	1,872487	1,263029
9000,087353	1,859956	1,287048
9000,165030	1,860555	1,286570
9100,063994	1,848749	1,308694
9200,120227	1,837406	1,329166
9300,133394	1,827143	1,348118
9300,242324	1,827637	1,347287
9400,172488	1,817788	1,364753
9500,252594	1,808855	1,380537
9500,266447	1,808888	1,380281
9600,284371	1,800569	1,395014
9700,193336	1,792410	1,408441
9800,180243	1,784994	1,420492
9800,192550	1,785347	1,420335
9900,056089	1,778505	1,431793
10000,213127	1,771875	1,441924
10000,164101	1,771863	1,442156
10100,208191	1,765979	1,451917
10200,279777	1,760393	1,460722
10200,276895	1,760369	1,460829
10300,299895	1,755204	1,469181
10400,311979	1,750257	1,476806
10500,169803	1,745989	1,484007
10500,187147	1,745753	1,483921
10600,218644	1,741509	1,490690
10700,126857	1,737550	1,496671
10700,142143	1,737578	1,496525
10800,210157	1,733501	1,502222
10900,148490	1,729999	1,507653
11000,252929	1,726876	1,512420
11000,328953	1,727019	1,512747
11100,365572	1,723749	1,517177
11200,202669	1,720922	1,521641
11200,212449	1,720890	1,521764
11300,276666	1,718364	1,525793
11400,221463	1,715627	1,529438
11500,213310	1,713207	1,532468
11500,195729	1,713338	1,532511
11600,133061	1,710739	1,535859
11700,242746	1,708891	1,538718
11700,296658	1,708932	1,538838
11800,273589	1,706798	1,541385
11900,344578	1,705109	1,544057
12000,371950	1,703226	1,546616
12000,433683	1,703431	1,546432
12100,112455	1,701618	1,548973
12200,134958	1,699994	1,551248
12200,093846	1,700349	1,550954
12300,139377	1,698490	1,553206
12400,241159	1,697178	1,554879
12500,335885	1,696045	1,556876
12500,260429	1,696341	1,557276
12600,274833	1,694769	1,558314
12700,305696	1,693540	1,559767
12700,301356	1,693682	1,559531
12800,172195	1,692204	1,561341
12900,136846	1,691294	1,562852
13000,199450	1,690407	1,564231
13000,290772	1,690404	1,563826
13100,302208	1,689502	1,564952
13200,191487	1,688381	1,566475
13200,178861	1,688316	1,566094
13300,300094	1,687231	1,567278
13400,274356	1,686550	1,568804
13500,222385	1,685826	1,569847
13500,307973	1,685826	1,569785
13600,138755	1,684684	1,571405
13700,203318	1,683994	1,572559
13700,147629	1,683813	1,572206
13800,115912	1,683158	1,573739
13900,320924	1,682357	1,574703
14000,335582	1,681529	1,575593
14000,286319	1,681431	1,575761
14100,180655	1,680801	1,576580
14200,364801	1,680260	1,577644
14200,266075	1,680007	1,577361
14300,300258	1,679646	1,578007
14400,171112	1,678862	1,578729
14500,220661	1,678413	1,579629
14500,207465	1,678446	1,579497
14600,177814	1,677764	1,580053
14700,244791	1,677296	1,581161
14700,236917	1,677640	1,581129
14800,257096	1,677020	1,582093
14900,263583	1,676047	1,582524
15000,383193	1,675797	1,583131
15000,277717	1,675666	1,583012
