Frequency (Hz)	V_IN	V	
1600,920347	2,288666	2,279789
1601,016381	2,288528	2,279954
1700,504480	2,289107	2,280273
1800,380158	2,289311	2,280020
1800,379304	2,289202	2,280001
1900,197823	2,289198	2,279649
1999,937717	2,289153	2,279716
1999,924750	2,288960	2,279850
2099,938980	2,289202	2,279843
2200,007685	2,289011	2,279417
2299,980989	2,289200	2,279379
2299,961447	2,288704	2,279302
2400,123873	2,288851	2,278678
2500,196340	2,288230	2,278827
2500,147875	2,288253	2,278677
2600,107994	2,288789	2,278547
2700,200138	2,288809	2,278067
2800,123210	2,288475	2,277750
2799,963404	2,287916	2,277595
2900,039964	2,288498	2,277445
3000,117654	2,288106	2,276923
3000,029786	2,288246	2,276880
3100,059183	2,288376	2,276573
3200,034817	2,288145	2,276315
3200,165496	2,288375	2,276271
3300,108177	2,288517	2,275538
3400,173870	2,287909	2,275622
3500,012363	2,288184	2,275293
3499,890801	2,288158	2,275033
3600,070113	2,287975	2,274336
3700,007754	2,288017	2,273631
3700,116686	2,288120	2,273969
3800,089099	2,287965	2,273695
3900,027442	2,287929	2,273060
3900,027083	2,288046	2,273039
4000,134074	2,287917	2,272328
4100,099295	2,288157	2,271462
4200,176009	2,288081	2,270847
4200,180524	2,288210	2,270925
4299,906993	2,288324	2,270269
4400,022941	2,287837	2,269167
4400,016362	2,287942	2,269221
4499,977332	2,287735	2,268141
4600,097081	2,287799	2,267310
4700,177646	2,288054	2,266110
4700,110780	2,287683	2,266258
4800,169429	2,288127	2,265257
4900,196724	2,288169	2,263927
4900,250340	2,288208	2,263779
5000,177281	2,288394	2,261599
5100,012335	2,288626	2,261000
5199,936206	2,288351	2,259010
5200,039299	2,288362	2,258944
5300,088970	2,288695	2,256734
5400,084827	2,288999	2,254421
5400,113201	2,288602	2,254476
5500,124549	2,289097	2,252004
5600,144784	2,289324	2,249076
5600,218523	2,289154	2,249413
5700,193998	2,289430	2,246049
5800,268892	2,290000	2,242436
5899,915615	2,290318	2,238306
5899,893248	2,290488	2,238233
6000,038626	2,290140	2,233141
6100,020467	2,291085	2,227346
6100,113943	2,290970	2,227359
6200,091282	2,291751	2,220428
6300,177849	2,292407	2,212209
6400,201112	2,293602	2,202421
6400,186454	2,293508	2,202562
6500,109082	2,294348	2,190651
6600,042364	2,296050	2,175665
6600,069024	2,295981	2,175289
6700,064783	2,297825	2,157558
6800,195131	2,300079	2,135018
6900,042723	2,303087	2,106343
6900,025090	2,303296	2,105645
7000,280461	2,306406	2,069732
7100,055724	2,310424	2,023601
7100,122936	2,310782	2,021832
7200,224172	2,316193	1,963926
7300,253317	2,321920	1,897555
7400,023594	2,327780	1,825188
7399,962449	2,328317	1,822666
7500,061105	2,333324	1,759129
7600,158914	2,336576	1,719873
7600,143247	2,337031	1,719777
7700,054479	2,337043	1,717390
7800,209660	2,334374	1,748948
7900,281441	2,330019	1,802714
7900,159882	2,330033	1,801616
8000,168187	2,325074	1,863561
8100,278309	2,319568	1,922416
8100,254993	2,319899	1,920080
8200,032876	2,315039	1,972845
8300,127596	2,310384	2,019688
8300,133073	2,310760	2,018035
8400,128817	2,306757	2,056338
8500,161881	2,303790	2,088962
8600,173265	2,301321	2,115679
8600,153345	2,301406	2,114638
8700,240528	2,298208	2,136453
8800,305816	2,296759	2,155408
8900,198528	2,295097	2,170692
8900,271227	2,295351	2,170431
9000,060992	2,294011	2,182967
9100,108697	2,292790	2,194202
9100,188392	2,293012	2,193981
9200,037446	2,291379	2,203083
9300,173302	2,290821	2,211003
9300,196225	2,290602	2,210692
9400,210866	2,290247	2,217736
9500,231032	2,289371	2,223732
9600,369396	2,288777	2,228647
9600,249875	2,289181	2,228894
9700,163950	2,288054	2,233141
9800,026379	2,287840	2,236944
9800,060716	2,287932	2,237125
9900,059819	2,287823	2,240756
10000,252536	2,287380	2,243453
10100,224505	2,286760	2,245788
10100,221492	2,286450	2,245913
10200,164257	2,286290	2,248193
10300,214302	2,286070	2,250251
10400,320732	2,285885	2,252103
10400,330062	2,286006	2,252638
10500,077354	2,285441	2,254043
10600,132658	2,285611	2,255478
10600,144883	2,285330	2,255354
10700,321662	2,285035	2,256943
10800,254855	2,284866	2,258132
10900,150402	2,284927	2,259411
10900,329129	2,284941	2,259601
11000,229962	2,284852	2,260298
11100,168114	2,284429	2,261372
11100,230464	2,284388	2,261305
11200,277589	2,284262	2,262375
11300,060706	2,284281	2,263075
11400,192161	2,284292	2,263933
11400,212457	2,283975	2,263470
11500,201646	2,284211	2,264680
11600,196986	2,283964	2,265148
11600,205568	2,283766	2,265307
11700,266034	2,283808	2,265688
11800,265866	2,283513	2,266543
11900,260553	2,283368	2,266708
11900,294957	2,283569	2,266827
12000,306059	2,283576	2,267656
12100,279531	2,283432	2,267715
12100,237308	2,283464	2,267825
12200,259678	2,283384	2,268315
12300,191880	2,283057	2,268555
12400,266318	2,283224	2,269009
12400,254994	2,283243	2,268813
12500,289574	2,283050	2,269259
12600,246883	2,282973	2,269694
12600,382517	2,283073	2,269655
12700,223712	2,282788	2,269682
12800,118176	2,282730	2,270309
12900,131027	2,282971	2,270567
12900,070824	2,282753	2,270307
13000,236930	2,282668	2,270432
13100,245885	2,282652	2,270911
13100,163211	2,282685	2,270832
13200,274543	2,282344	2,271238
13300,255575	2,282815	2,271134
13400,308397	2,282473	2,271638
13400,285557	2,282337	2,271447
13500,245616	2,282366	2,271588
13600,258147	2,282549	2,271843
13700,213113	2,282246	2,271480
13700,151247	2,282269	2,271959
13800,245677	2,282307	2,272120
13900,176980	2,282114	2,272177
13900,310032	2,282194	2,272490
14000,303410	2,282332	2,272398
14100,365177	2,282287	2,272503
14200,263769	2,281981	2,272482
14200,334329	2,282122	2,272593
14300,369173	2,282105	2,272740
14400,240925	2,282106	2,273031
14400,260671	2,282268	2,272631
14500,259649	2,282106	2,273244
14600,253052	2,281868	2,272771
14700,284771	2,281571	2,273337
14700,329377	2,281551	2,273101
14800,183082	2,281560	2,273307
14900,301405	2,281629	2,273523
