Frequency (Hz)	V_IN	V_R	
2373,895366	0,926860	0,902938
2374,084455	0,926585	0,903569
2305,470042	1,065680	1,041076
2219,766419	1,228114	1,200798
2115,444733	1,425170	1,388827
2118,702797	1,420814	1,385780
2002,290931	1,657443	1,611883
2100,616749	1,660972	1,623203
2097,797498	1,663842	1,623441
2198,037138	1,664091	1,622381
2299,849841	1,662770	1,620457
2297,785542	1,664013	1,619719
2400,416723	1,662465	1,619166
2502,959896	1,660651	1,617238
2501,115431	1,661964	1,618286
2602,333272	1,662259	1,615703
2701,978727	1,662733	1,614568
2802,624026	1,662737	1,613420
2803,018941	1,662344	1,613323
2903,395504	1,662782	1,611967
3003,816786	1,663654	1,611010
3003,413688	1,663881	1,610466
3103,092407	1,664627	1,609610
3201,429556	1,666469	1,608807
3201,853233	1,666371	1,608488
3302,154148	1,667423	1,607738
3401,176864	1,668500	1,606824
3501,030771	1,669676	1,605516
3500,801866	1,670090	1,605495
3600,654000	1,671424	1,603850
3700,606373	1,672563	1,601861
3700,804782	1,672366	1,601673
3800,309344	1,673557	1,599889
3900,240945	1,675067	1,597941
3900,799820	1,675277	1,598062
4000,619019	1,677138	1,595719
4100,532192	1,678796	1,593704
4200,227053	1,680791	1,590732
4200,048316	1,680423	1,590566
4299,946378	1,682607	1,588003
4399,955042	1,685209	1,584793
4399,648793	1,684527	1,585025
4499,963726	1,687434	1,581145
4599,976532	1,690038	1,577600
4599,633193	1,690165	1,578088
4700,280827	1,693011	1,573233
4800,017849	1,696657	1,568824
4900,139865	1,700355	1,564144
4900,043769	1,700103	1,563956
5000,123523	1,704054	1,558528
5100,033724	1,708844	1,552556
5100,123392	1,708703	1,552111
5200,100972	1,713842	1,545028
5300,312850	1,719317	1,537318
5300,375437	1,719311	1,537070
5400,065716	1,725594	1,528710
5500,205630	1,732695	1,519173
5600,190547	1,740268	1,508079
5600,137635	1,741058	1,508145
5700,219173	1,749260	1,495584
5799,867878	1,759143	1,481248
5800,102713	1,759047	1,480603
5900,149915	1,770443	1,464206
6000,061198	1,782449	1,446254
6100,140253	1,796582	1,425095
6100,413805	1,797267	1,424380
6200,241639	1,812869	1,399936
6300,002607	1,831017	1,370939
6300,274889	1,831483	1,370217
6400,179227	1,851058	1,337801
6500,203460	1,873909	1,299025
6500,266820	1,874738	1,298006
6600,355388	1,899810	1,253266
6700,020135	1,926550	1,203073
6700,014829	1,927018	1,201704
6799,938388	1,956591	1,143645
6899,808311	1,987088	1,079599
7000,093135	2,018065	1,009073
7000,224878	2,018466	1,007356
7100,027787	2,048674	0,933726
7200,123629	2,075891	0,861443
7199,957752	2,075785	0,860633
7300,148766	2,097788	0,796079
7399,924977	2,113408	0,746561
7500,132713	2,122210	0,720621
7499,923141	2,122250	0,720852
7600,074506	2,122307	0,722570
7700,347325	2,115399	0,749700
7700,108004	2,115481	0,749797
7800,148726	2,102282	0,796205
7900,497470	2,083363	0,855186
7900,206559	2,083845	0,854481
7999,912072	2,061825	0,917391
8099,849640	2,037341	0,982070
8200,552782	2,012759	1,042148
8199,973831	2,013094	1,040463
8300,016974	1,987869	1,098284
8400,444417	1,964013	1,149050
8400,240750	1,964800	1,147907
8500,159774	1,941473	1,194073
8600,065221	1,919513	1,236191
8600,210969	1,920232	1,234999
8700,126747	1,899774	1,271886
8800,376841	1,880768	1,305326
8900,331938	1,863804	1,334445
8900,294234	1,863998	1,333224
9000,173041	1,847757	1,359587
9100,185547	1,834183	1,382511
9100,087591	1,834159	1,382060
9200,136577	1,820857	1,402160
9300,198942	1,808518	1,420856
9400,180727	1,797612	1,437314
9400,028942	1,797896	1,436672
9500,153234	1,787943	1,451256
9600,198462	1,778872	1,464701
9600,191261	1,778777	1,464421
9700,169581	1,770504	1,476134
9800,029730	1,762957	1,487108
9899,806970	1,756035	1,496368
9899,901902	1,755782	1,495969
10000,323273	1,749511	1,504990
10100,426718	1,743608	1,512933
10100,410262	1,743672	1,512829
10200,211936	1,738196	1,520375
10300,174930	1,733114	1,526988
10300,438753	1,733395	1,526688
10400,568039	1,728753	1,532625
10499,880166	1,724113	1,538518
10600,003452	1,720307	1,543200
10600,055418	1,720361	1,543367
10700,130219	1,716765	1,547874
10800,382426	1,713800	1,552547
10800,196961	1,713445	1,552658
10900,165784	1,709693	1,556258
11000,138701	1,706911	1,559507
11100,292743	1,704407	1,563715
11100,511872	1,704578	1,563621
11200,222421	1,701871	1,566474
11299,934370	1,699331	1,569799
11300,027209	1,699364	1,569743
11400,318241	1,696886	1,572384
11500,054488	1,694568	1,574594
11600,162962	1,692959	1,577831
11600,545641	1,692729	1,577075
11700,336083	1,690836	1,579625
11800,527847	1,688873	1,581563
11800,029040	1,689095	1,581687
11900,740779	1,687674	1,583825
12000,339640	1,686021	1,585580
12100,125828	1,684533	1,587560
12100,241975	1,684549	1,587539
12199,931057	1,682731	1,589156
12300,171155	1,681588	1,590435
12300,142082	1,681695	1,590575
12400,221319	1,680045	1,592055
12500,417096	1,679567	1,593519
12600,056638	1,677771	1,594463
12600,390913	1,678315	1,594901
12700,437573	1,676822	1,595862
12800,410293	1,675786	1,596951
12800,223928	1,676612	1,597048
12899,909206	1,674561	1,598140
13000,263259	1,673836	1,599352
13000,160119	1,674098	1,599245
13100,274669	1,672804	1,600152
13200,392307	1,672185	1,600949
13300,156081	1,671188	1,602068
13300,306524	1,671608	1,601858
13400,456539	1,670782	1,603185
13500,262786	1,669986	1,603994
13500,133345	1,669958	1,603538
13600,048108	1,669367	1,604674
13700,397555	1,668221	1,605459
13800,095036	1,668098	1,606211
13800,302760	1,667788	1,606502
13900,083270	1,667160	1,606754
14000,620421	1,666486	1,607213
14000,525756	1,666812	1,607288
14100,090177	1,665928	1,608246
14200,327217	1,665381	1,608503
14300,146185	1,665336	1,609006
14300,392815	1,665074	1,609243
14400,250990	1,663968	1,609540
14500,481434	1,663887	1,610726
14500,427683	1,663971	1,610620
14600,319411	1,663427	1,610821
14700,295488	1,663154	1,611289
14800,122921	1,662361	1,611805
14800,419678	1,662455	1,611530
14900,141397	1,662124	1,611935
15000,349688	1,661527	1,612655
15000,550288	1,661737	1,612268
