Frequency (Hz)	V_IN	V	
1600,920347	0,000000	0,932502
1601,016381	0,000000	0,986320
1700,504480	0,000000	0,980324
1800,380158	0,000000	1,028804
1800,379304	0,000000	1,039124
1900,197823	0,000000	1,090060
1999,937717	0,000000	1,134693
1999,924750	0,000000	1,112431
2099,938980	0,000000	1,215588
2200,007685	0,000000	1,262850
2299,980989	0,000000	1,299002
2299,961447	0,000000	1,284448
2400,123873	0,000000	1,361265
2500,196340	0,000000	1,402275
2500,147875	0,000000	1,394441
2600,107994	0,000000	1,416568
2700,200138	0,000000	1,479698
2800,123210	0,000000	1,563406
2799,963404	0,000000	1,531690
2900,039964	0,000000	1,573146
3000,117654	0,000000	1,651041
3000,029786	0,000000	1,635337
3100,059183	0,000000	1,655941
3200,034817	0,000000	1,715924
3200,165496	0,000000	1,703623
3300,108177	0,000000	1,751811
3400,173870	0,000000	1,802455
3500,012363	0,000000	1,819175
3499,890801	0,000000	1,801264
3600,070113	0,000000	1,849727
3700,007754	0,000000	1,880136
3700,116686	0,000000	1,867968
3800,089099	0,000000	1,879993
3900,027442	0,000000	1,921784
3900,027083	0,000000	1,921033
4000,134074	0,000000	1,955366
4100,099295	0,000000	1,975698
4200,176009	0,000000	1,989552
4200,180524	0,000000	2,000699
4299,906993	0,000000	1,966033
4400,022941	0,000000	2,005627
4400,016362	0,000000	2,006554
4499,977332	0,000000	1,985139
4600,097081	0,000000	2,016153
4700,177646	0,000000	2,014238
4700,110780	0,000000	2,006443
4800,169429	0,000000	2,007639
4900,196724	0,000000	1,999963
4900,250340	0,000000	2,006033
5000,177281	0,000000	1,937733
5100,012335	0,000000	1,924155
5199,936206	0,000000	1,854390
5200,039299	0,000000	1,870394
5300,088970	0,000000	1,839513
5400,084827	0,000000	1,794137
5400,113201	0,000000	1,791374
5500,124549	0,000000	1,699340
5600,144784	0,000000	1,609606
5600,218523	0,000000	1,642385
5700,193998	0,000000	1,538552
5800,268892	0,000000	1,441707
5899,915615	0,000000	1,274170
5899,893248	0,000000	1,306162
6000,038626	0,000000	1,170478
6100,020467	0,000000	0,966132
6100,113943	0,000000	0,989264
6200,091282	0,000000	0,809930
6300,177849	0,000000	0,611185
6400,201112	0,000000	0,348095
6400,186454	0,000000	0,337361
6500,109082	0,000000	0,060061
6600,042364	0,000000	-0,263575
6600,069024	0,000000	-0,264335
6700,064783	0,000000	-0,589405
6800,195131	0,000000	-0,943185
6900,042723	0,000000	-1,353709
6900,025090	0,000000	-1,368848
7000,280461	0,000000	-1,668812
7100,055724	0,000000	-1,938924
7100,122936	0,000000	-1,940449
7200,224172	0,000000	-1,912005
7300,253317	0,000000	-1,438189
7400,023594	0,000000	-0,242682
7399,962449	0,000000	-0,158925
7500,061105	0,000000	2,058305
7600,158914	0,000000	5,299314
7600,143247	0,000000	5,341699
7700,054479	0,000000	8,808154
7800,209660	0,000000	11,939068
7900,281441	0,000000	14,216320
7900,159882	0,000000	14,188185
8000,168187	0,000000	15,592416
8100,278309	0,000000	16,341404
8100,254993	0,000000	16,325470
8200,032876	0,000000	16,583957
8300,127596	0,000000	16,610689
8300,133073	0,000000	16,626158
8400,128817	0,000000	16,464515
8500,161881	0,000000	16,210929
8600,173265	0,000000	15,947120
8600,153345	0,000000	15,970170
8700,240528	0,000000	15,710152
8800,305816	0,000000	15,386822
8900,198528	0,000000	15,126789
8900,271227	0,000000	15,110058
9000,060992	0,000000	14,876778
9100,108697	0,000000	14,655387
9100,188392	0,000000	14,689076
9200,037446	0,000000	14,448582
9300,173302	0,000000	14,277752
9300,196225	0,000000	14,285092
9400,210866	0,000000	14,120546
9500,231032	0,000000	13,970180
9600,369396	0,000000	13,868568
9600,249875	0,000000	13,870001
9700,163950	0,000000	13,764983
9800,026379	0,000000	13,641714
9800,060716	0,000000	13,635486
9900,059819	0,000000	13,540812
10000,252536	0,000000	13,497423
10100,224505	0,000000	13,433467
10100,221492	0,000000	13,437994
10200,164257	0,000000	13,347378
10300,214302	0,000000	13,325651
10400,320732	0,000000	13,292687
10400,330062	0,000000	13,285914
10500,077354	0,000000	13,270836
10600,132658	0,000000	13,243732
10600,144883	0,000000	13,251525
10700,321662	0,000000	13,263379
10800,254855	0,000000	13,224296
10900,150402	0,000000	13,202110
10900,329129	0,000000	13,250647
11000,229962	0,000000	13,249406
11100,168114	0,000000	13,204526
11100,230464	0,000000	13,240525
11200,277589	0,000000	13,269539
11300,060706	0,000000	13,248256
11400,192161	0,000000	13,274408
11400,212457	0,000000	13,285058
11500,201646	0,000000	13,313968
11600,196986	0,000000	13,340018
11600,205568	0,000000	13,332891
11700,266034	0,000000	13,381650
11800,265866	0,000000	13,432615
11900,260553	0,000000	13,425811
11900,294957	0,000000	13,440715
12000,306059	0,000000	13,459681
12100,279531	0,000000	13,539987
12100,237308	0,000000	13,521594
12200,259678	0,000000	13,565604
12300,191880	0,000000	13,585980
12400,266318	0,000000	13,661893
12400,254994	0,000000	13,673952
12500,289574	0,000000	13,664048
12600,246883	0,000000	13,743982
12600,382517	0,000000	13,758783
12700,223712	0,000000	13,764677
12800,118176	0,000000	13,842025
12900,131027	0,000000	13,857252
12900,070824	0,000000	13,844031
13000,236930	0,000000	13,944283
13100,245885	0,000000	13,990749
13100,163211	0,000000	13,959686
13200,274543	0,000000	14,042866
13300,255575	0,000000	14,104607
13400,308397	0,000000	14,179451
13400,285557	0,000000	14,157441
13500,245616	0,000000	14,213601
13600,258147	0,000000	14,318540
13700,213113	0,000000	14,352896
13700,151247	0,000000	14,342566
13800,245677	0,000000	14,425205
13900,176980	0,000000	14,465866
13900,310032	0,000000	14,482091
14000,303410	0,000000	14,538922
14100,365177	0,000000	14,605592
14200,263769	0,000000	14,676199
14200,334329	0,000000	14,661546
14300,369173	0,000000	14,733340
14400,240925	0,000000	14,798898
14400,260671	0,000000	14,815230
14500,259649	0,000000	14,878374
14600,253052	0,000000	14,949356
14700,284771	0,000000	15,003973
14700,329377	0,000000	15,003387
14800,183082	0,000000	15,060102
14900,301405	0,000000	15,152346
