Frequency (Hz)	V_IN	V	
1700,776156	0,000000	0,952325
1800,361950	0,000000	1,005020
1800,414312	0,000000	1,031380
1900,392544	0,000000	1,127968
1999,935890	0,000000	1,126601
1999,942942	0,000000	1,143383
2099,926560	0,000000	1,197763
2199,899252	0,000000	1,237572
2199,958962	0,000000	1,246732
2299,962141	0,000000	1,278707
2400,072011	0,000000	1,341544
2500,088868	0,000000	1,387494
2500,113269	0,000000	1,413672
2600,178861	0,000000	1,445337
2700,180240	0,000000	1,496353
2700,140241	0,000000	1,500165
2800,065391	0,000000	1,544660
2900,044605	0,000000	1,550368
3000,046938	0,000000	1,633774
3000,033196	0,000000	1,612117
3100,078008	0,000000	1,670406
3200,122710	0,000000	1,717055
3200,096372	0,000000	1,694227
3300,075977	0,000000	1,727780
3400,101553	0,000000	1,784927
3400,255376	0,000000	1,809029
3500,039715	0,000000	1,806607
3599,997949	0,000000	1,829333
3699,996852	0,000000	1,853021
3700,037332	0,000000	1,850067
3800,142962	0,000000	1,895044
3900,055231	0,000000	1,934360
3899,978143	0,000000	1,909967
3999,984770	0,000000	1,922587
4100,013068	0,000000	1,933678
4200,110650	0,000000	1,991195
4200,174791	0,000000	1,983475
4300,010971	0,000000	2,000156
4400,096779	0,000000	2,028750
4400,007220	0,000000	2,001140
4500,005377	0,000000	2,003689
4599,967990	0,000000	2,009688
4600,137571	0,000000	2,010159
4700,138475	0,000000	2,010397
4800,083697	0,000000	1,979065
4900,216914	0,000000	1,990479
4900,245510	0,000000	1,994083
5000,126845	0,000000	1,962977
5099,972002	0,000000	1,905923
5100,069570	0,000000	1,912411
5199,945485	0,000000	1,850447
5300,071403	0,000000	1,836072
5300,061713	0,000000	1,846495
5400,142324	0,000000	1,772504
5500,032655	0,000000	1,711941
5600,217936	0,000000	1,644445
5600,166185	0,000000	1,623247
5700,238772	0,000000	1,531113
5800,227245	0,000000	1,417564
5800,205448	0,000000	1,430622
5900,055008	0,000000	1,268469
6000,178769	0,000000	1,163624
6100,070918	0,000000	0,985773
6100,070690	0,000000	0,962448
6200,131958	0,000000	0,798338
6300,207950	0,000000	0,582640
6300,168714	0,000000	0,558377
6400,123850	0,000000	0,295898
6500,127764	0,000000	0,023080
6599,931440	0,000000	-0,324565
6600,041674	0,000000	-0,312692
6699,986259	0,000000	-0,647239
6800,175383	0,000000	-1,032154
6800,139199	0,000000	-1,050680
6900,144865	0,000000	-1,414058
7000,113609	0,000000	-1,763333
7100,287442	0,000000	-2,014492
7100,042191	0,000000	-2,082188
7200,328282	0,000000	-2,035754
7300,306092	0,000000	-1,550605
7300,212188	0,000000	-1,551360
7400,050591	0,000000	-0,215736
7500,084615	0,000000	2,108027
7600,085025	0,000000	5,418658
7600,108309	0,000000	5,492985
7700,156618	0,000000	9,102744
7800,112692	0,000000	12,232372
7800,290804	0,000000	12,235907
7900,203166	0,000000	14,433082
8000,189270	0,000000	15,841851
8100,292203	0,000000	16,530968
8100,168790	0,000000	16,502269
8200,022993	0,000000	16,734505
8300,082809	0,000000	16,723565
8300,080018	0,000000	16,734023
8400,149137	0,000000	16,558611
8500,086819	0,000000	16,304137
8600,219444	0,000000	16,023687
8600,226436	0,000000	16,012180
8700,193561	0,000000	15,724529
8800,184435	0,000000	15,455467
8800,228548	0,000000	15,441753
8900,222298	0,000000	15,140442
9000,042084	0,000000	14,920863
9000,144375	0,000000	14,930838
9100,051534	0,000000	14,663116
9200,128898	0,000000	14,484085
9300,142918	0,000000	14,304608
9300,153175	0,000000	14,295857
9400,197207	0,000000	14,126431
9500,235306	0,000000	13,990179
9500,202931	0,000000	13,993064
9600,291348	0,000000	13,864604
9700,140736	0,000000	13,765216
9700,154554	0,000000	13,764419
9800,019998	0,000000	13,627729
9900,069616	0,000000	13,557025
9900,177146	0,000000	13,560952
10000,052221	0,000000	13,495011
10100,160654	0,000000	13,436481
10100,264614	0,000000	13,439041
10200,251375	0,000000	13,393440
10300,129611	0,000000	13,301096
10400,326258	0,000000	13,302610
10400,281407	0,000000	13,319430
10500,111729	0,000000	13,283004
10600,158940	0,000000	13,256620
10600,095434	0,000000	13,248386
10700,259361	0,000000	13,257837
10800,089505	0,000000	13,238490
10800,218863	0,000000	13,254396
10900,205168	0,000000	13,225102
11000,342498	0,000000	13,279046
11000,226734	0,000000	13,248353
11100,377693	0,000000	13,268888
11200,199153	0,000000	13,233180
11200,235223	0,000000	13,237677
11300,124977	0,000000	13,260694
11400,122813	0,000000	13,270300
11500,177901	0,000000	13,311137
11500,124713	0,000000	13,301835
11600,242055	0,000000	13,359999
11700,321214	0,000000	13,383609
11700,316960	0,000000	13,380495
11800,143363	0,000000	13,389839
11900,397916	0,000000	13,459947
11900,282831	0,000000	13,411795
12000,398362	0,000000	13,487834
12100,089899	0,000000	13,496493
12100,243678	0,000000	13,529581
12200,118357	0,000000	13,541923
12300,182175	0,000000	13,600332
12400,232585	0,000000	13,650588
12400,294876	0,000000	13,641317
12500,345887	0,000000	13,702273
12600,238363	0,000000	13,735068
12600,274255	0,000000	13,745834
12700,278380	0,000000	13,792969
12800,165289	0,000000	13,844166
12800,138974	0,000000	13,832538
12900,131385	0,000000	13,869548
13000,293672	0,000000	13,957035
13100,291848	0,000000	13,991900
13100,291959	0,000000	14,004438
13200,219056	0,000000	14,037375
13300,335086	0,000000	14,102841
13400,296191	0,000000	14,163092
13400,343815	0,000000	14,172836
13500,306316	0,000000	14,213664
13600,185479	0,000000	14,302568
13600,183735	0,000000	14,293575
13700,272004	0,000000	14,364284
13800,268814	0,000000	14,444047
13900,287815	0,000000	14,485312
13900,225312	0,000000	14,481199
14000,231514	0,000000	14,527437
14100,337237	0,000000	14,597009
14100,404510	0,000000	14,618299
14200,313997	0,000000	14,666001
14300,402618	0,000000	14,739643
14400,280342	0,000000	14,824601
14400,213045	0,000000	14,801965
14500,194545	0,000000	14,881988
14600,310213	0,000000	14,937023
14700,304696	0,000000	14,996058
14700,255989	0,000000	15,000899
14800,255110	0,000000	15,062398
14900,350686	0,000000	15,156682
14900,306362	0,000000	15,146621
