Frequency (Hz)	V_IN	V_R	
2119,527725	1,419744	1,389065
2120,298175	1,419632	1,387465
2004,447165	1,654643	1,609464
2098,026311	1,663635	1,623778
2198,202273	1,663857	1,622186
2198,881843	1,663662	1,621852
2299,334577	1,663206	1,619235
2401,029326	1,661924	1,619073
2400,276510	1,662548	1,619414
2501,980236	1,662179	1,617791
2603,231481	1,661500	1,616794
2702,867069	1,662331	1,614872
2703,520925	1,662363	1,615162
2804,112399	1,662404	1,613399
2903,493635	1,662894	1,611767
2904,009430	1,662881	1,611983
3003,043609	1,663996	1,610546
3102,960754	1,665255	1,609600
3102,932888	1,665307	1,609757
3201,555416	1,666691	1,608838
3301,507930	1,667831	1,607637
3302,342503	1,667494	1,607875
3400,944361	1,669043	1,606817
3500,840398	1,669890	1,605138
3601,212796	1,671467	1,604169
3601,014112	1,670946	1,603822
3700,509370	1,672345	1,601754
3800,625313	1,673476	1,599730
3800,478251	1,673780	1,599870
3900,169391	1,675101	1,598215
3999,927351	1,676930	1,595789
4000,291711	1,677312	1,595857
4099,971079	1,678847	1,593016
4200,551354	1,680644	1,590584
4299,932738	1,682526	1,588274
4300,154436	1,682873	1,587814
4399,922395	1,685319	1,584957
4500,207902	1,687606	1,581293
4500,204453	1,687427	1,581129
4600,132170	1,690544	1,577645
4700,182378	1,693245	1,573547
4800,305701	1,696782	1,569021
4800,306281	1,696915	1,568706
4900,141974	1,700030	1,564062
5000,128681	1,704326	1,558578
5000,046193	1,704241	1,558429
5100,162598	1,708773	1,552152
5200,271356	1,713911	1,545303
5199,892908	1,714215	1,545122
5300,345416	1,719397	1,537645
5400,031246	1,725692	1,528996
5500,510452	1,732851	1,519067
5500,197866	1,733054	1,518782
5600,192630	1,740629	1,507778
5700,163269	1,749553	1,495285
5700,262464	1,749771	1,494979
5800,237841	1,759352	1,480525
5900,044246	1,770444	1,464306
5899,966632	1,770807	1,464147
6000,012072	1,783051	1,445140
6100,286592	1,797250	1,424477
6199,771026	1,813243	1,399295
6200,423573	1,813892	1,398801
6300,291186	1,831736	1,370549
6400,371449	1,851878	1,337206
6400,148019	1,852242	1,336070
6499,941370	1,875238	1,297336
6599,959729	1,899723	1,253224
6600,077655	1,900239	1,252675
6700,190274	1,927829	1,200917
6799,916231	1,956817	1,143477
6900,146738	1,987401	1,078189
6900,276086	1,988379	1,076677
7000,099416	2,018793	1,006902
7100,188149	2,049052	0,933194
7100,140873	2,049062	0,931341
7200,012475	2,076573	0,858782
7300,211907	2,098607	0,793954
7300,024447	2,098623	0,793697
7399,981626	2,114628	0,744723
7500,125509	2,122963	0,719183
7600,055972	2,123251	0,721773
7599,790851	2,123013	0,721497
7700,131076	2,115677	0,750181
7800,274949	2,102372	0,797192
7800,012947	2,102660	0,796772
7900,185594	2,083787	0,855274
8000,217064	2,061202	0,919421
8100,380345	2,037107	0,983602
8099,951678	2,037533	0,981735
8200,172533	2,012750	1,043504
8300,146079	1,987519	1,099814
8299,976759	1,988113	1,098225
8400,058337	1,963615	1,150099
8500,007836	1,940943	1,196434
8500,313977	1,941637	1,195472
8600,326366	1,919489	1,236651
8700,190907	1,898829	1,273908
8800,134228	1,880502	1,306705
8800,295688	1,880715	1,305706
8900,342164	1,863551	1,335542
9000,098943	1,847731	1,360828
9000,201661	1,848053	1,360098
9100,094985	1,833664	1,383235
9200,543340	1,820428	1,403463
9200,352076	1,820839	1,403153
9300,215762	1,808348	1,421313
9400,187004	1,797459	1,437985
9500,367787	1,787583	1,452342
9500,368047	1,788436	1,451960
9599,881390	1,778635	1,465195
9700,280438	1,770270	1,477065
9700,350686	1,770314	1,476990
9800,108372	1,762725	1,487664
9900,421624	1,755336	1,497228
9999,969353	1,749324	1,506294
10000,138703	1,749190	1,505999
10100,162307	1,743098	1,513859
10200,560877	1,738173	1,521099
10200,020911	1,738132	1,520993
10300,240543	1,733080	1,527504
10400,296119	1,728420	1,534016
10400,609282	1,728644	1,533846
10500,058289	1,724438	1,539309
10600,139178	1,720270	1,544379
10700,238924	1,716681	1,548869
10700,207587	1,716689	1,549042
10800,208983	1,713039	1,553140
10900,213269	1,710029	1,557461
10900,315093	1,709483	1,557087
11000,282288	1,706590	1,560788
11100,400509	1,704161	1,564413
11200,102551	1,701631	1,567313
11200,462364	1,701548	1,567266
11299,999481	1,698842	1,570450
11400,436785	1,697142	1,573398
11400,005741	1,697097	1,573128
11500,307098	1,694619	1,575188
11599,972712	1,692745	1,578098
11600,377164	1,692489	1,577879
11700,170394	1,690932	1,580432
11800,295824	1,689205	1,582760
11900,318474	1,687619	1,584452
11900,323292	1,687428	1,584543
11999,953095	1,685443	1,586374
12100,167088	1,684575	1,588080
12100,516033	1,684490	1,588388
12200,019474	1,682909	1,589890
12300,138694	1,681817	1,591421
12400,287065	1,680488	1,592747
12400,099319	1,680551	1,592688
12499,995696	1,678677	1,593892
12600,389498	1,678039	1,595386
12600,481699	1,677896	1,595526
12700,288913	1,676822	1,596706
12800,119444	1,675729	1,597963
12900,022508	1,675454	1,599194
12899,992503	1,674500	1,598956
13000,184293	1,673522	1,600104
13099,884902	1,672902	1,601056
13100,039183	1,673039	1,601344
13200,392113	1,672698	1,601977
13300,302406	1,671216	1,603101
13400,405693	1,670707	1,603527
13400,127379	1,670557	1,603901
13500,293449	1,669721	1,604572
13600,100698	1,669357	1,605349
13599,908911	1,669181	1,605394
13700,218923	1,668618	1,606000
13800,313960	1,667522	1,606846
13900,375346	1,666782	1,607417
13900,199490	1,667598	1,607307
14000,142069	1,666310	1,608134
14100,032883	1,665898	1,608517
14100,359853	1,666138	1,608954
14200,176146	1,665265	1,608803
14300,286766	1,665205	1,610102
14400,198978	1,664504	1,610376
14400,146210	1,664087	1,610506
14500,558397	1,663730	1,611050
14600,098640	1,663032	1,611598
14600,022179	1,663480	1,611480
14700,192734	1,662791	1,611867
14800,018216	1,662627	1,612584
14900,415352	1,661932	1,612919
14900,377232	1,661875	1,612953
15000,496481	1,662000	1,613419
