Time (s)	V_IN	V	
0,000000	-0,021742	0,571116
0,000005	1,006502	1,500820
0,000010	1,821243	2,104953
0,000015	2,238597	2,257597
0,000020	2,175479	1,919785
0,000025	1,641871	1,167196
0,000030	0,753064	0,164714
0,000035	-0,295789	-0,874477
0,000040	-1,285064	-1,730431
0,000045	-2,004156	-2,214441
0,000050	-2,290118	-2,226678
0,000055	-2,082087	-1,751685
0,000060	-1,430299	-0,908290
0,000065	-0,470652	0,127680
0,000070	0,585285	1,138857
0,000075	1,516600	1,899818
0,000080	2,116869	2,251800
0,000085	2,262750	2,118157
0,000090	1,918818	1,527227
0,000095	1,160755	0,604929
0,000100	0,152477	-0,445211
0,000105	-0,891222	-1,405825
0,000110	-1,746210	-2,064053
0,000115	-2,227322	-2,282711
0,000120	-2,228610	-2,008986
0,000125	-1,751685	-1,301488
0,000130	-0,900561	-0,318331
0,000135	0,144104	0,728911
0,000140	1,152382	1,619006
0,000145	1,915276	2,160987
0,000150	2,262428	2,235699
0,000155	2,121699	1,828649
0,000160	1,522397	1,024858
0,000165	0,595268	-0,001776
0,000170	-0,460347	-1,023576
0,000175	-1,419350	-1,835412
0,000180	-2,078222	-2,250186
0,000185	-2,291084	-2,181272
0,000190	-2,008986	-1,645737
0,000195	-1,295691	-0,757258
0,000200	-0,307060	0,291272
0,000205	0,745335	1,277652
0,000210	1,636718	1,985479
0,000215	2,174190	2,263716
0,000220	2,241495	2,055682
0,000225	1,826073	1,401957
0,000230	1,015197	0,445846
0,000235	-0,015945	-0,606548
0,000240	-1,040966	-1,531095
0,000245	-1,847971	-2,130069
0,000250	-2,258559	-2,270474
0,000255	-2,187068	-1,923970
0,000260	-1,639619	-1,160439
0,000265	-0,745021	-0,154740
0,000270	0,305441	0,883164
0,000275	1,292466	1,728497
0,000280	1,996750	2,204784
0,000285	2,274021	2,202529
0,000290	2,056326	1,725277
0,000295	1,397126	0,875757
0,000300	0,432321	-0,162791
0,000305	-0,621039	-1,169778
0,000310	-1,544298	-1,928157
0,000315	-2,139730	-2,269830
0,000320	-2,277236	-2,124917
0,000325	-1,924614	-1,527874
0,000330	-1,157219	-0,600107
0,000335	-0,141215	0,453575
0,000340	0,897655	1,408719
0,000345	1,745887	2,059869
0,000350	2,216055	2,263072
0,000355	2,206394	1,979683
0,000360	1,720768	1,267992
0,000365	0,866418	0,282255
0,000370	-0,179215	-0,765309
0,000375	-1,184591	-1,651534
0,000380	-1,943292	-2,185136
0,000385	-2,282067	-2,247932
0,000390	-2,128781	-1,828972
0,000395	-1,523044	-1,019712
0,000400	-0,588836	0,011105
0,000405	0,468710	1,031620
0,000410	1,423211	1,833158
0,000415	2,073394	2,236987
0,000420	2,270156	2,156801
0,000425	1,980971	1,613210
0,000430	1,262839	0,721827
0,000435	0,270662	-0,326382
0,000440	-0,780122	-1,308894
0,000445	-1,665381	-2,011562
0,000450	-2,195119	-2,283677
0,000455	-2,253084	-2,063409
0,000460	-1,827684	-1,398741
0,000465	-1,009085	-0,436838
0,000470	0,021410	0,612014
0,000475	1,049654	1,535600
0,000480	1,848615	2,122021
0,000485	2,248580	2,250190
0,000490	2,163241	1,896276
0,000495	1,609345	1,130162
0,000500	0,712488	0,119629
0,000505	-0,342162	-0,915696
0,000510	-1,324030	-1,760380
0,000515	-2,027020	-2,225712
0,000520	-2,293660	-2,215729
0,000525	-2,063731	-1,727533
0,000530	-1,392622	-0,868036
0,000535	-0,426211	0,175341
0,000540	0,630692	1,176535
0,000545	1,548481	1,925259
0,000550	2,134258	2,258885
0,000555	2,260495	2,101089
0,000560	1,894344	1,493092
0,000565	1,123077	0,562421
0,000570	0,106426	-0,488363
0,000575	-0,932120	-1,439960
0,000580	-1,773905	-2,082087
0,000585	-2,237305	-2,282711
0,000590	-2,219915	-1,984190
0,000595	-1,723346	-1,264132
0,000600	-0,858697	-0,273891
0,000605	0,189188	0,770775
0,000610	1,191348	1,651531
0,000615	1,940073	2,172902
0,000620	2,263716	2,228292
0,000625	2,105919	1,798700
0,000630	1,489871	0,985892
0,000635	0,550828	-0,044928
0,000640	-0,502855	-1,067050
0,000645	-1,454130	-1,860531
0,000650	-2,094968	-2,257593
0,000655	-2,286897	-2,168391
0,000660	-1,986122	-1,611602
0,000665	-1,257370	-0,714428
0,000670	-0,261010	0,336356
0,000675	0,786555	1,314364
0,000680	1,668277	2,004157
0,000685	2,186428	2,266936
0,000690	2,233123	2,036038
0,000695	1,798056	1,368787
0,000700	0,976231	0,402050
0,000705	-0,055877	-0,648412
0,000710	-1,083474	-1,564264
0,000715	-1,875666	-2,148103
0,000720	-2,265643	-2,264999
0,000725	-2,170001	-1,900140
0,000730	-1,610636	-1,126304
0,000735	-0,703157	-0,109334
0,000740	0,351491	0,926316
0,000745	1,330788	1,758446
0,000750	2,018327	2,217665
0,000755	2,273055	2,190936
0,000760	2,036038	1,694362
0,000765	1,359126	0,831317
0,000770	0,388847	-0,207875
0,000775	-0,667090	-1,210353
0,000780	-1,580365	-1,951021
0,000785	-2,158408	-2,279813
0,000790	-2,272084	-2,110425
0,000795	-1,898208	-1,487943
0,000800	-1,117609	-0,553735
0,000805	-0,097097	0,499947
0,000810	0,942418	1,445109
0,000815	1,775514	2,078547
0,000820	2,224750	2,263716
0,000825	2,196089	1,957140
0,000830	1,692108	1,231924
0,000835	0,822300	0,239103
0,000840	-0,221722	-0,805884
0,000845	-1,223879	-1,680194
0,000850	-1,966156	-2,195763
0,000855	-2,284321	-2,240847
0,000860	-2,112680	-1,805464
0,000865	-1,488265	-0,978170
0,000870	-0,542464	0,053935
0,000875	0,512829	1,072518
0,000880	1,459278	1,858920
0,000885	2,088208	2,244072
0,000890	2,269512	2,145530
0,000895	1,956818	1,583261
0,000900	1,223873	0,677708
0,000905	0,225899	-0,368890
0,000910	-0,822308	-1,346572
0,000915	-1,697584	-2,032172
0,000920	-2,207034	-2,283677
0,000925	-2,244712	-2,043765
0,000930	-1,800311	-1,365894
0,000935	-0,969797	-0,391432
0,000940	0,065850	0,657420
0,000945	1,087010	1,566515
0,000950	1,871802	2,136513
0,000955	2,253089	2,246648
0,000960	2,148428	1,870191
0,000965	1,577786	1,090874
0,000970	0,668369	0,072935
0,000975	-0,386280	-0,956594
0,000980	-1,362029	-1,788718
0,000985	-2,044087	-2,234729
0,000990	-2,291084	-2,202526
0,000995	-2,043443	-1,696296
