Time (s)	V_IN	V	
0,000000	-0,026572	0,569506
0,000005	1,005858	1,498244
0,000010	1,819632	2,104631
0,000015	2,236987	2,257919
0,000020	2,177411	1,923971
0,000025	1,645413	1,172348
0,000030	0,757572	0,169222
0,000035	-0,290637	-0,871578
0,000040	-1,282810	-1,727855
0,000045	-2,000935	-2,214441
0,000050	-2,290440	-2,226034
0,000055	-2,084341	-1,759413
0,000060	-1,431910	-0,913120
0,000065	-0,474194	0,122206
0,000070	0,581743	1,134348
0,000075	1,514346	1,896920
0,000080	2,117191	2,253411
0,000085	2,263072	2,120411
0,000090	1,923005	1,530447
0,000095	1,164619	0,612014
0,000100	0,154409	-0,440703
0,000105	-0,887680	-1,402605
0,000110	-1,742024	-2,061799
0,000115	-2,223780	-2,281423
0,000120	-2,231830	-2,008986
0,000125	-1,754261	-1,305674
0,000130	-0,901849	-0,323806
0,000135	0,137341	0,724725
0,000140	1,150128	1,617718
0,000145	1,910446	2,157767
0,000150	2,262106	2,235699
0,000155	2,123953	1,828649
0,000160	1,524651	1,028722
0,000165	0,598167	0,004987
0,000170	-0,455194	-1,021966
0,000175	-1,417096	-1,832514
0,000180	-2,073070	-2,248898
0,000185	-2,287219	-2,182882
0,000190	-2,010596	-1,650245
0,000195	-1,299556	-0,758224
0,000200	-0,312535	0,287085
0,000205	0,742759	1,272178
0,000210	1,631243	1,982903
0,000215	2,172258	2,265970
0,000220	2,241817	2,055360
0,000225	1,830904	1,406143
0,000230	1,022282	0,449389
0,000235	-0,012403	-0,602362
0,000240	-1,037746	-1,527552
0,000245	-1,847005	-2,128781
0,000250	-2,260813	-2,272084
0,000255	-2,187712	-1,924292
0,000260	-1,645093	-1,166557
0,000265	-0,751139	-0,161181
0,000270	0,303187	0,879300
0,000275	1,290856	1,728819
0,000280	1,995784	2,202851
0,000285	2,273699	2,201563
0,000290	2,058581	1,727531
0,000295	1,401635	0,880266
0,000300	0,440372	-0,159249
0,000305	-0,617497	-1,165913
0,000310	-1,544620	-1,924614
0,000315	-2,141662	-2,269508
0,000320	-2,278525	-2,128459
0,000325	-1,924292	-1,528840
0,000330	-1,160117	-0,600752
0,000335	-0,144113	0,449389
0,000340	0,894435	1,407431
0,000345	1,746531	2,057293
0,000350	2,216377	2,263072
0,000355	2,208648	1,980971
0,000360	1,725921	1,272822
0,000365	0,870283	0,288373
0,000370	-0,173096	-0,758546
0,000375	-1,180727	-1,647991
0,000380	-1,940072	-2,180306
0,000385	-2,277236	-2,249542
0,000390	-2,130391	-1,833802
0,000395	-1,522400	-1,022610
0,000400	-0,591091	0,004987
0,000405	0,465168	1,027756
0,000410	1,420957	1,831226
0,000415	2,069852	2,238919
0,000420	2,269512	2,159699
0,000425	1,982259	1,616430
0,000430	1,265093	0,725047
0,000435	0,275492	-0,321552
0,000440	-0,773037	-1,302454
0,000445	-1,661839	-2,009308
0,000450	-2,194797	-2,281745
0,000455	-2,257271	-2,063731
0,000460	-1,829294	-1,402283
0,000465	-1,014560	-0,440703
0,000470	0,015292	0,609760
0,000475	1,045790	1,529481
0,000480	1,845395	2,121699
0,000485	2,246648	2,255343
0,000490	2,162275	1,900141
0,000495	1,612566	1,132416
0,000500	0,713776	0,122850
0,000505	-0,337975	-0,913442
0,000510	-1,320165	-1,757803
0,000515	-2,022833	-2,227322
0,000520	-2,291406	-2,214441
0,000525	-2,066629	-1,728499
0,000530	-1,397130	-0,872545
0,000535	-0,429110	0,174375
0,000540	0,626505	1,173636
0,000545	1,546549	1,920751
0,000550	2,134902	2,258563
0,000555	2,259851	2,104309
0,000560	1,898530	1,497922
0,000565	1,125654	0,567896
0,000570	0,109969	-0,483855
0,000575	-0,928256	-1,434808
0,000580	-1,771973	-2,082731
0,000585	-2,234407	-2,279491
0,000590	-2,217983	-1,988054
0,000595	-1,723990	-1,268641
0,000600	-0,861596	-0,280332
0,000605	0,183069	0,769165
0,000610	1,188128	1,647989
0,000615	1,934920	2,173546
0,000620	2,266936	2,227326
0,000625	2,106886	1,802565
0,000630	1,494058	0,988146
0,000635	0,555981	-0,040098
0,000640	-0,499312	-1,059000
0,000645	-1,450587	-1,856666
0,000650	-2,095612	-2,255016
0,000655	-2,286253	-2,167102
0,000660	-1,989020	-1,617399
0,000665	-1,261234	-0,717326
0,000670	-0,265519	0,331525
0,000675	0,784623	1,308890
0,000680	1,664413	2,003513
0,000685	2,185462	2,266936
0,000690	2,233445	2,035716
0,000695	1,799022	1,369109
0,000700	0,978807	0,406236
0,000705	-0,053301	-0,645192
0,000710	-1,076711	-1,561687
0,000715	-1,870836	-2,142950
0,000720	-2,267576	-2,268864
0,000725	-2,170967	-1,900784
0,000730	-1,613856	-1,127914
0,000735	-0,706055	-0,113520
0,000740	0,347627	0,920520
0,000745	1,326601	1,755548
0,000750	2,017360	2,216055
0,000755	2,273377	2,190936
0,000760	2,038937	1,698870
0,000765	1,365567	0,837436
0,000770	0,394643	-0,202723
0,000775	-0,661615	-1,203269
0,000780	-1,573603	-1,948767
0,000785	-2,156476	-2,275626
0,000790	-2,272728	-2,114290
0,000795	-1,900462	-1,495349
0,000800	-1,121473	-0,557278
0,000805	-0,101283	0,494473
0,000810	0,937265	1,442211
0,000815	1,769717	2,075648
0,000820	2,225716	2,264682
0,000825	2,197055	1,961327
0,000830	1,697260	1,233212
0,000835	0,826165	0,242323
0,000840	-0,217536	-0,801698
0,000845	-1,219048	-1,678584
0,000850	-1,962614	-2,195119
0,000855	-2,283999	-2,242779
0,000860	-2,113646	-1,804498
0,000865	-1,489553	-0,983001
0,000870	-0,546973	0,050393
0,000875	0,509608	1,068010
0,000880	1,456380	1,856344
0,000885	2,090784	2,244072
0,000890	2,265970	2,145208
0,000895	1,959395	1,587125
0,000900	1,229670	0,682217
0,000905	0,231052	-0,367280
0,000910	-0,818122	-1,341741
0,000915	-1,691465	-2,031528
0,000920	-2,206068	-2,283033
0,000925	-2,246322	-2,043765
0,000930	-1,801921	-1,366538
0,000935	-0,975916	-0,396907
0,000940	0,061020	0,653234
0,000945	1,085078	1,561685
0,000950	1,870836	2,134902
0,000955	2,253733	2,246326
0,000960	2,147784	1,873090
0,000965	1,580362	1,095383
0,000970	0,670946	0,078732
0,000975	-0,379195	-0,954984
0,000980	-1,357521	-1,784854
0,000985	-2,042477	-2,234729
0,000990	-2,293982	-2,202848
0,000995	-2,045053	-1,696618
