Frequency (Hz)	V_IN	V	
1700,776156	2,289122	2,280198
1800,361950	2,289216	2,280175
1800,414312	2,288931	2,280208
1900,392544	2,289448	2,279774
1999,935890	2,288986	2,280124
1999,942942	2,289021	2,279837
2099,926560	2,289324	2,279250
2199,899252	2,288740	2,279205
2199,958962	2,289215	2,279283
2299,962141	2,289262	2,279543
2400,072011	2,288683	2,278581
2500,088868	2,288416	2,278666
2500,113269	2,288531	2,278656
2600,178861	2,288853	2,278488
2700,180240	2,289091	2,278259
2700,140241	2,288830	2,277959
2800,065391	2,288709	2,277802
2900,044605	2,288917	2,277193
3000,046938	2,288255	2,276899
3000,033196	2,288353	2,277049
3100,078008	2,288459	2,277096
3200,122710	2,288249	2,276015
3200,096372	2,288312	2,276329
3300,075977	2,288412	2,275670
3400,101553	2,288339	2,275424
3400,255376	2,288491	2,275420
3500,039715	2,288115	2,275305
3599,997949	2,287996	2,274578
3699,996852	2,288359	2,274343
3700,037332	2,288144	2,274032
3800,142962	2,288189	2,273692
3900,055231	2,288108	2,273060
3899,978143	2,287934	2,272772
3999,984770	2,288232	2,272453
4100,013068	2,287930	2,271469
4200,110650	2,287922	2,270949
4200,174791	2,287766	2,270812
4300,010971	2,287960	2,269879
4400,096779	2,288204	2,268966
4400,007220	2,287887	2,269415
4500,005377	2,287816	2,268341
4599,967990	2,287614	2,267696
4600,137571	2,287857	2,267316
4700,138475	2,288248	2,266365
4800,083697	2,287990	2,265059
4900,216914	2,288173	2,263951
4900,245510	2,287934	2,263713
5000,126845	2,288812	2,262435
5099,972002	2,288199	2,260473
5100,069570	2,288280	2,260702
5199,945485	2,288416	2,258947
5300,071403	2,288677	2,257122
5300,061713	2,288645	2,257005
5400,142324	2,288950	2,254701
5500,032655	2,288859	2,252218
5600,217936	2,289392	2,249595
5600,166185	2,289365	2,249653
5700,238772	2,289386	2,246250
5800,227245	2,289706	2,242417
5800,205448	2,289672	2,242598
5900,055008	2,290022	2,238186
6000,178769	2,290482	2,233390
6100,070918	2,291297	2,227376
6100,070690	2,290964	2,227624
6200,131958	2,291949	2,220795
6300,207950	2,292526	2,211849
6300,168714	2,292529	2,212244
6400,123850	2,293458	2,202606
6500,127764	2,294293	2,190801
6599,931440	2,296051	2,175860
6600,041674	2,296101	2,175811
6699,986259	2,297772	2,157624
6800,175383	2,299944	2,134792
6800,139199	2,299933	2,134003
6900,144865	2,303142	2,104805
7000,113609	2,306395	2,068573
7100,287442	2,310814	2,021581
7100,042191	2,310716	2,019488
7200,328282	2,316463	1,962151
7300,306092	2,322414	1,892566
7300,212188	2,322543	1,889608
7400,050591	2,328924	1,814933
7500,084615	2,334005	1,750774
7600,085025	2,337293	1,711273
7600,108309	2,337367	1,711494
7700,156618	2,337005	1,711045
7800,112692	2,334579	1,745899
7800,290804	2,334677	1,745689
7900,203166	2,330286	1,800501
8000,189270	2,324977	1,864829
8100,292203	2,319226	1,924402
8100,168790	2,319489	1,922144
8200,022993	2,314787	1,977527
8300,082809	2,310276	2,022867
8300,080018	2,310235	2,020826
8400,149137	2,306729	2,059188
8500,086819	2,303330	2,091988
8600,219444	2,300526	2,118260
8600,226436	2,300692	2,117309
8700,193561	2,298369	2,139195
8800,184435	2,296832	2,157904
8800,228548	2,296846	2,157332
8900,222298	2,295320	2,172567
9000,042084	2,293751	2,185276
9000,144375	2,293874	2,184672
9100,051534	2,292500	2,196153
9200,128898	2,291502	2,205086
9300,142918	2,290764	2,212670
9300,153175	2,290244	2,212466
9400,197207	2,289581	2,219448
9500,235306	2,289041	2,225332
9500,202931	2,289280	2,225028
9600,291348	2,288272	2,229849
9700,140736	2,288208	2,234552
9700,154554	2,288157	2,234554
9800,019998	2,287691	2,238140
9900,069616	2,287515	2,241586
9900,177146	2,287468	2,241312
10000,052221	2,286807	2,244520
10100,160654	2,286293	2,247111
10100,264614	2,286554	2,247196
10200,251375	2,286369	2,249170
10300,129611	2,285973	2,251602
10400,326258	2,285790	2,253327
10400,281407	2,285652	2,253010
10500,111729	2,285318	2,254549
10600,158940	2,285274	2,256657
10600,095434	2,285433	2,256444
10700,259361	2,285058	2,257861
10800,089505	2,284505	2,258921
10800,218863	2,284739	2,258882
10900,205168	2,284835	2,260109
11000,342498	2,284674	2,261247
11000,226734	2,284351	2,261391
11100,377693	2,284447	2,262121
11200,199153	2,284079	2,263158
11200,235223	2,284040	2,263081
11300,124977	2,284095	2,264142
11400,122813	2,283895	2,264678
11500,177901	2,283974	2,265410
11500,124713	2,284019	2,265695
11600,242055	2,283707	2,266269
11700,321214	2,283752	2,266329
11700,316960	2,283631	2,266491
11800,143363	2,283714	2,267112
11900,397916	2,283307	2,267540
11900,282831	2,283259	2,267463
12000,398362	2,283312	2,268001
12100,089899	2,282946	2,268428
12100,243678	2,283281	2,268668
12200,118357	2,282724	2,269050
12300,182175	2,283099	2,268976
12400,232585	2,282890	2,269177
12400,294876	2,282940	2,269215
12500,345887	2,282673	2,269529
12600,238363	2,283086	2,269980
12600,274255	2,282831	2,270379
12700,278380	2,282872	2,270468
12800,165289	2,282751	2,270566
12800,138974	2,282632	2,270394
12900,131385	2,282694	2,270946
13000,293672	2,282850	2,270934
13100,291848	2,282669	2,271591
13100,291959	2,282491	2,271664
13200,219056	2,282207	2,271763
13300,335086	2,282379	2,271589
13400,296191	2,281886	2,272107
13400,343815	2,282019	2,271614
13500,306316	2,281970	2,271956
13600,185479	2,282121	2,272237
13600,183735	2,282080	2,272130
13700,272004	2,282221	2,272226
13800,268814	2,282012	2,272225
13900,287815	2,281960	2,272782
13900,225312	2,281869	2,272741
14000,231514	2,282048	2,272891
14100,337237	2,282074	2,272787
14100,404510	2,281939	2,273043
14200,313997	2,281687	2,273384
14300,402618	2,281883	2,273070
14400,280342	2,281532	2,273393
14400,213045	2,282129	2,273173
14500,194545	2,281514	2,273419
14600,310213	2,281656	2,273327
14700,304696	2,281464	2,273659
14700,255989	2,281895	2,273421
14800,255110	2,281813	2,273489
14900,350686	2,281879	2,273814
14900,306362	2,281764	2,273658
