2100.616749	1.660972	1.623203	0.004
2097.797498	1.663842	1.623441	0.004
2198.037138	1.664091	1.622381	0.004
2299.849841	1.66277	1.620457	0.004
2297.785542	1.664013	1.619719	0.004
2400.416723	1.662465	1.619166	0.004
2502.959896	1.660651	1.617238	0.004
2501.115431	1.661964	1.618286	0.004
2602.333272	1.662259	1.615703	0.004
2701.978727	1.662733	1.614568	0.004
2802.624026	1.662737	1.61342	0.004
2803.018941	1.662344	1.613323	0.004
2903.395504	1.662782	1.611967	0.004
3003.816786	1.663654	1.61101	0.004
3003.413688	1.663881	1.610466	0.004
3103.092407	1.664627	1.60961	0.004
3201.429556	1.666469	1.608807	0.004
3201.853233	1.666371	1.608488	0.004
3302.154148	1.667423	1.607738	0.004
3401.176864	1.6685	1.606824	0.004
3501.030771	1.669676	1.605516	0.004
3500.801866	1.67009	1.605495	0.004
3600.654	1.671424	1.60385	0.004
3700.606373	1.672563	1.601861	0.004
3700.804782	1.672366	1.601673	0.004
3800.309344	1.673557	1.599889	0.004
3900.240945	1.675067	1.597941	0.004
3900.79982	1.675277	1.598062	0.004
4000.619019	1.677138	1.595719	0.004
4100.532192	1.678796	1.593704	0.004
4200.227053	1.680791	1.590732	0.004
4200.048316	1.680423	1.590566	0.004
4299.946378	1.682607	1.588003	0.004
4399.955042	1.685209	1.584793	0.004
4399.648793	1.684527	1.585025	0.004
4499.963726	1.687434	1.581145	0.004
4599.976532	1.690038	1.5776	0.004
4599.633193	1.690165	1.578088	0.004
4700.280827	1.693011	1.573233	0.004
4800.017849	1.696657	1.568824	0.004
4900.139865	1.700355	1.564144	0.004
4900.043769	1.700103	1.563956	0.004
5000.123523	1.704054	1.558528	0.004
5100.033724	1.708844	1.552556	0.004
5100.123392	1.708703	1.552111	0.004
5200.100972	1.713842	1.545028	0.004
5300.31285	1.719317	1.537318	0.004
5300.375437	1.719311	1.53707	0.004
5400.065716	1.725594	1.52871	0.004
5500.20563	1.732695	1.519173	0.004
5600.190547	1.740268	1.508079	0.004
5600.137635	1.741058	1.508145	0.004
5700.219173	1.74926	1.495584	0.004
5799.867878	1.759143	1.481248	0.004
5800.102713	1.759047	1.480603	0.004
5900.149915	1.770443	1.464206	0.004
6000.061198	1.782449	1.446254	0.004
6100.140253	1.796582	1.425095	0.004
6100.413805	1.797267	1.42438	0.004
6200.241639	1.812869	1.399936	0.004
6300.002607	1.831017	1.370939	0.004
6300.274889	1.831483	1.370217	0.004
6400.179227	1.851058	1.337801	0.004
6500.20346	1.873909	1.299025	0.004
6500.26682	1.874738	1.298006	0.004
6600.355388	1.89981	1.253266	0.004
6700.020135	1.92655	1.203073	0.004
6700.014829	1.927018	1.201704	0.004
6799.938388	1.956591	1.143645	0.004
6899.808311	1.987088	1.079599	0.004
7000.093135	2.018065	1.009073	0.004
7000.224878	2.018466	1.007356	0.004
7100.027787	2.048674	0.933726	0.004
7200.123629	2.075891	0.861443	0.004
7199.957752	2.075785	0.860633	0.004
7300.148766	2.097788	0.796079	0.004
7399.924977	2.113408	0.746561	0.004
7500.132713	2.12221	0.720621	0.004
7499.923141	2.12225	0.720852	0.004
7600.074506	2.122307	0.72257	0.004
7700.347325	2.115399	0.7497	0.004
7700.108004	2.115481	0.749797	0.004
7800.148726	2.102282	0.796205	0.004
7900.49747	2.083363	0.855186	0.004
7900.206559	2.083845	0.854481	0.004
7999.912072	2.061825	0.917391	0.004
8099.84964	2.037341	0.98207	0.004
8200.552782	2.012759	1.042148	0.004
8199.973831	2.013094	1.040463	0.004
8300.016974	1.987869	1.098284	0.004
8400.444417	1.964013	1.14905	0.004
8400.24075	1.9648	1.147907	0.004
8500.159774	1.941473	1.194073	0.004
8600.065221	1.919513	1.236191	0.004
8600.210969	1.920232	1.234999	0.004
8700.126747	1.899774	1.271886	0.004
8800.376841	1.880768	1.305326	0.004
8900.331938	1.863804	1.334445	0.004
8900.294234	1.863998	1.333224	0.004
9000.173041	1.847757	1.359587	0.004
9100.185547	1.834183	1.382511	0.004
9100.087591	1.834159	1.38206	0.004
9200.136577	1.820857	1.40216	0.004
9300.198942	1.808518	1.420856	0.004
9400.180727	1.797612	1.437314	0.004
9400.028942	1.797896	1.436672	0.004
9500.153234	1.787943	1.451256	0.004
9600.198462	1.778872	1.464701	0.004
9600.191261	1.778777	1.464421	0.004
9700.169581	1.770504	1.476134	0.004
9800.02973	1.762957	1.487108	0.004
9899.80697	1.756035	1.496368	0.004
9899.901902	1.755782	1.495969	0.004
10000.32327	1.749511	1.50499	0.004
10100.42672	1.743608	1.512933	0.004
10100.41026	1.743672	1.512829	0.004
10200.21194	1.738196	1.520375	0.004
10300.17493	1.733114	1.526988	0.004
10300.43875	1.733395	1.526688	0.004
10400.56804	1.728753	1.532625	0.004
10499.88017	1.724113	1.538518	0.004
10600.00345	1.720307	1.5432	0.004
10600.05542	1.720361	1.543367	0.004
10700.13022	1.716765	1.547874	0.004
10800.38243	1.7138	1.552547	0.004
10800.19696	1.713445	1.552658	0.004
10900.16578	1.709693	1.556258	0.004
11000.1387	1.706911	1.559507	0.004
11100.29274	1.704407	1.563715	0.004
11100.51187	1.704578	1.563621	0.004
11200.22242	1.701871	1.566474	0.004
11299.93437	1.699331	1.569799	0.004
11300.02721	1.699364	1.569743	0.004
11400.31824	1.696886	1.572384	0.004
11500.05449	1.694568	1.574594	0.004
11600.16296	1.692959	1.577831	0.004
11600.54564	1.692729	1.577075	0.004
11700.33608	1.690836	1.579625	0.004
11800.52785	1.688873	1.581563	0.004
11800.02904	1.689095	1.581687	0.004
11900.74078	1.687674	1.583825	0.004
12000.33964	1.686021	1.58558	0.004
12100.12583	1.684533	1.58756	0.004
12100.24198	1.684549	1.587539	0.004
12199.93106	1.682731	1.589156	0.004
12300.17116	1.681588	1.590435	0.004
12300.14208	1.681695	1.590575	0.004
12400.22132	1.680045	1.592055	0.004
12500.4171	1.679567	1.593519	0.004
12600.05664	1.677771	1.594463	0.004
12600.39091	1.678315	1.594901	0.004
12700.43757	1.676822	1.595862	0.004
12800.41029	1.675786	1.596951	0.004
12800.22393	1.676612	1.597048	0.004
12899.90921	1.674561	1.59814	0.004
13000.26326	1.673836	1.599352	0.004
13000.16012	1.674098	1.599245	0.004
13100.27467	1.672804	1.600152	0.004
13200.39231	1.672185	1.600949	0.004
13300.15608	1.671188	1.602068	0.004
13300.30652	1.671608	1.601858	0.004
13400.45654	1.670782	1.603185	0.004
13500.26279	1.669986	1.603994	0.004
13500.13335	1.669958	1.603538	0.004
13600.04811	1.669367	1.604674	0.004
13700.39756	1.668221	1.605459	0.004
13800.09504	1.668098	1.606211	0.004
13800.30276	1.667788	1.606502	0.004
13900.08327	1.66716	1.606754	0.004
14000.62042	1.666486	1.607213	0.004
14000.52576	1.666812	1.607288	0.004
14100.09018	1.665928	1.608246	0.004
14200.32722	1.665381	1.608503	0.004
14300.14619	1.665336	1.609006	0.004
14300.39282	1.665074	1.609243	0.004
14400.25099	1.663968	1.60954	0.004
14500.48143	1.663887	1.610726	0.004
14500.42768	1.663971	1.61062	0.004
14600.31941	1.663427	1.610821	0.004
14700.29549	1.663154	1.611289	0.004
14800.12292	1.662361	1.611805	0.004
14800.41968	1.662455	1.61153	0.004
14900.1414	1.662124	1.611935	0.004
15000.34969	1.661527	1.612655	0.004
15000.55029	1.661737	1.612268	0.004
