 2240.051438	 2.280531	 1.26649
 2240.056066	 2.280409	 1.271679
 2240.063651	 2.280537	 1.275965
 2254.963394	 2.280394	 1.282568
 2254.955748	 2.280521	 1.274539
 2270.049552	 2.280302	 1.291931
 2270.048194	 2.280415	 1.285772
 2285.135915	 2.280415	 1.303476
 2285.131826	 2.280477	 1.29576
 2300.030742	 2.280237	 1.30395
 2300.027468	 2.28034 	 1.295921
 2315.123575	 2.280462	 1.310356
 2315.123271	 2.280304	 1.318135
 2316.622276	 2.280677	 1.298017
 2330.021719	 2.280173	 1.323002
 2330.026029	 2.280293	 1.322841
 2345.11034 	 2.28043 	 1.316884
 2345.10655 	 2.280275	 1.324141
 2360.010724	 2.280144	 1.324737
 2360.024019	 2.280241	 1.349929
 2375.103033	 2.28017 	 1.343269
 2375.093111	 2.280177	 1.34602
 2389.135287	 2.279914	 1.353336
 2390.000871	 2.280173	 1.353501
 2389.989197	 2.280041	 1.343338
 2405.089835	 2.280323	 1.341974
 2405.090125	 2.280046	 1.355864
 2419.990162	 2.280131	 1.365386
 2419.994862	 2.280133	 1.36088
 2435.077297	 2.280251	 1.363253
 2435.066179	 2.279907	 1.360095
 2449.988755	 2.279956	 1.379584
 2449.988645	 2.279906	 1.384257
 2449.984329	 2.279975	 1.378783
 2465.064409	 2.279835	 1.390473
 2465.060901	 2.279774	 1.383229
 2479.967859	 2.280091	 1.38634
 2479.969   	 2.279834	 1.392891
 2495.053413	 2.279788	 1.399994
 2495.061908	 2.280057	 1.406529
 2509.955856	 2.279784	 1.39683
 2509.971251	 2.279891	 1.419031
 2525.045472	 2.279739	 1.414375
 2525.048974	 2.279735	 1.419535
 2540.128723	 2.279688	 1.429297
 2540.12696 	 2.279526	 1.420239
 2540.135329	 2.279586	 1.422203
 2555.032566	 2.279732	 1.410531
 2555.032625	 2.279531	 1.429972
 2570.123016	 2.279803	 1.430086
 2570.122064	 2.27956 	 1.440638
 2585.01827 	 2.279766	 1.431365
 2585.022227	 2.279487	 1.456894
 2600.105336	 2.279494	 1.448194
 2600.118598	 2.279608	 1.443083
 2615.010472	 2.279533	 1.454115
 2615.011447	 2.279454	 1.457689
 2630.096719	 2.279329	 1.471454
 2630.095444	 2.279436	 1.465417
 2630.104834	 2.279477	 1.469274
 2645.000459	 2.279444	 1.461247
 2645.002191	 2.279625	 1.47472
 2660.090995	 2.279387	 1.479743
 2660.09498 	 2.279381	 1.482079
 2674.992401	 2.279413	 1.479195
 2674.998065	 2.279559	 1.49015
 2690.072777	 2.27949 	 1.494904
 2690.079565	 2.27936 	 1.489324
 2704.979239	 2.279413	 1.50026
 2704.980521	 2.279369	 1.493688
 2720.07087 	 2.279286	 1.50966
 2720.066368	 2.279212	 1.510373
 2720.076879	 2.279138	 1.516363
 2734.971858	 2.279421	 1.514609
 2734.971569	 2.279246	 1.516663
 2750.053469	 2.279096	 1.515623
 2750.063136	 2.279211	 1.525088
 2764.968627	 2.279048	 1.532317
 2764.956601	 2.2793  	 1.52883
 2780.051748	 2.279049	 1.540853
 2780.041535	 2.279147	 1.541133
 2795.13611 	 2.278949	 1.531556
 2795.130031	 2.278945	 1.537374
 2810.040286	 2.278815	 1.553698
 2810.042686	 2.278987	 1.548658
 2812.46865 	 2.277952	 1.54184
 2825.124088	 2.278955	 1.557049
 2825.119929	 2.279147	 1.552496
 2840.027623	 2.27877 	 1.565617
 2840.039079	 2.278789	 1.567442
 2855.114788	 2.27887 	 1.57123
 2855.115833	 2.278815	 1.580067
 2870.024809	 2.278521	 1.597053
 2870.01323 	 2.278681	 1.567066
 2885.112211	 2.278543	 1.590525
 2885.104949	 2.278781	 1.584147
 2900.002171	 2.278749	 1.585666
 2900.000703	 2.278748	 1.596806
 2915.099873	 2.278742	 1.60257
 2915.096026	 2.278603	 1.5991
 2915.097943	 2.278735	 1.599209
 2929.994545	 2.278635	 1.609509
 2929.994581	 2.278634	 1.601431
 2945.079206	 2.278472	 1.599274
 2945.075494	 2.278762	 1.607624
 2959.979867	 2.278557	 1.60989
 2959.99098 	 2.278594	 1.606753
 2975.077717	 2.27865 	 1.626834
 2975.066619	 2.278468	 1.616601
 2989.976515	 2.278439	 1.640996
 2989.975577	 2.278346	 1.629261
 2989.983942	 2.278352	 1.641571
 3005.07199 	 2.27847 	 1.642487
 3005.06573 	 2.278417	 1.634221
 3020.144038	 2.278022	 1.642953
 3020.154848	 2.278474	 1.645883
 3035.053302	 2.27839 	 1.65396
 3035.04422 	 2.278491	 1.641417
 3050.129322	 2.278109	 1.647166
 3050.139436	 2.278207	 1.657353
 3065.041379	 2.278069	 1.668831
 3065.038573	 2.278077	 1.667055
 3080.124373	 2.278158	 1.667072
 3080.1208  	 2.278267	 1.667333
 3095.022913	 2.278013	 1.672379
 3095.028508	 2.278009	 1.673601
 3095.03215 	 2.278056	 1.678466
 3110.113258	 2.277845	 1.672293
 3110.113099	 2.277833	 1.673128
 3125.015616	 2.277856	 1.690834
 3125.016736	 2.278193	 1.68686
 3140.110881	 2.27769 	 1.698463
 3140.109234	 2.277838	 1.686434
 3155.005873	 2.277985	 1.689198
 3154.994127	 2.277844	 1.694608
 3170.095648	 2.277653	 1.70585
 3170.081382	 2.277843	 1.689851
 3184.988998	 2.277736	 1.718313
 3184.994765	 2.277605	 1.703157
 3200.083574	 2.27761 	 1.709369
 3200.083348	 2.277542	 1.711633
 3214.988418	 2.277583	 1.725128
 3214.984076	 2.277719	 1.727416
 3230.077255	 2.277589	 1.731128
 3230.068604	 2.277586	 1.726967
 3244.978413	 2.277657	 1.741987
 3244.968082	 2.277534	 1.729462
 3260.055976	 2.277427	 1.729922
 3260.061692	 2.277479	 1.741722
 3275.144769	 2.277302	 1.747324
 3275.143515	 2.277168	 1.743551
 3290.043457	 2.277084	 1.745861
 3290.051161	 2.277166	 1.748307
 3305.138683	 2.277236	 1.754876
 3305.134037	 2.277336	 1.761915
 3305.137557	 2.277193	 1.760215
 3320.039303	 2.277199	 1.765479
 3335.127618	 2.27728 	 1.776205
 3335.126262	 2.27717 	 1.770139
 3350.030157	 2.27722 	 1.782452
 3350.020374	 2.277352	 1.763596
 3350.023872	 2.277089	 1.767602
 3365.107181	 2.277342	 1.778756
 3380.012829	 2.276958	 1.778881
 3380.022687	 2.277052	 1.79907
 3395.114718	 2.276906	 1.797359
 3395.100512	 2.276768	 1.773262
 3410.007642	 2.276798	 1.794115
 3410.015143	 2.27667 	 1.797235
 3425.092784	 2.276839	 1.797225
 3425.092779	 2.276802	 1.804716
 3439.995183	 2.27684 	 1.810149
 3440.001037	 2.276714	 1.810414
 3455.082916	 2.276766	 1.817391
 3455.078726	 2.276783	 1.811786
 3469.977532	 2.276711	 1.816492
 3469.982571	 2.276509	 1.817104
 3485.069891	 2.276457	 1.821566
 3485.078397	 2.276596	 1.820943
 3498.834311	 2.276387	 1.827543
 3499.971784	 2.276394	 1.81439
 3499.975415	 2.276598	 1.831504
 3515.054991	 2.276513	 1.823715
 3530.144478	 2.276338	 1.833982
 3530.155206	 2.276301	 1.843436
 3530.152164	 2.276396	 1.841949
 3545.047146	 2.276294	 1.833347
 3545.048573	 2.276307	 1.835021
 3560.135666	 2.275991	 1.843194
 3560.12725 	 2.276366	 1.843334
 3575.041194	 2.276031	 1.851253
 3575.03009 	 2.276086	 1.837608
 3590.132989	 2.27626 	 1.858841
 3590.122924	 2.276394	 1.85226
 3605.023886	 2.276134	 1.862866
 3605.025755	 2.276059	 1.856138
 3620.119184	 2.276106	 1.862882
 3620.111655	 2.276117	 1.859147
 3635.018607	 2.275884	 1.87717
 3635.00875 	 2.275842	 1.867624
 3650.099461	 2.275865	 1.87329
 3650.114394	 2.275837	 1.887103
 3665.000873	 2.275592	 1.869546
 3664.999407	 2.275751	 1.88013
 3680.098787	 2.275657	 1.887435
 3680.097489	 2.275449	 1.895911
 3694.995276	 2.27558 	 1.896011
 3694.991858	 2.275538	 1.884715
 3710.083874	 2.275356	 1.893234
 3710.076963	 2.275658	 1.888455
 3724.983319	 2.275426	 1.902869
 3724.977593	 2.275513	 1.899617
 3740.063375	 2.275514	 1.901276
 3740.074283	 2.275415	 1.904204
 3754.09802 	 2.274628	 1.875436
 3755.151829	 2.275128	 1.899367
 3770.062116	 2.275079	 1.911093
 3770.06166 	 2.275296	 1.906441
 3785.137106	 2.275176	 1.910374
 3785.141495	 2.275164	 1.907009
 3800.047184	 2.274981	 1.922669
 3800.052868	 2.27488 	 1.924127
 3815.133763	 2.27493 	 1.912188
 3815.135021	 2.274848	 1.922024
 3830.038745	 2.274921	 1.92043
 3830.039109	 2.27492 	 1.921076
 3830.096356	 2.274795	 1.927278
 3845.123575	 2.275058	 1.919515
 3860.027714	 2.274727	 1.938916
 3860.027496	 2.274657	 1.935919
 3875.113981	 2.274713	 1.927559
 3875.127397	 2.274603	 1.945286
 3890.024978	 2.274327	 1.94996
 3890.011215	 2.274419	 1.930406
 3905.102561	 2.274472	 1.944462
 3905.103438	 2.274506	 1.937091
 3919.998536	 2.274371	 1.936284
 3920.006024	 2.274365	 1.9493
 3935.096223	 2.274194	 1.94703
 3935.090968	 2.274187	 1.949571
 3950.005592	 2.274274	 1.966039
 3949.989655	 2.274273	 1.94912
 3965.078284	 2.274215	 1.952266
 3965.082049	 2.274228	 1.963958
 3979.986209	 2.274014	 1.96842
 3979.996707	 2.2741  	 1.967855
 3995.082966	 2.273911	 1.973298
 3995.073782	 2.274011	 1.964232
 4010.165946	 2.273858	 1.970695
 4010.160396	 2.273926	 1.973398
 4025.056086	 2.273856	 1.961887
 4025.064275	 2.273905	 1.968546
 4040.14452 	 2.273702	 1.97106
 4040.1538  	 2.273659	 1.972351
 4055.053901	 2.273645	 1.986208
 4055.05023 	 2.273633	 1.979817
 4070.143065	 2.27349 	 1.977143
 4070.136548	 2.273544	 1.988
 4085.035816	 2.273405	 1.978023
 4085.032513	 2.273512	 1.980603
 4100.125938	 2.273261	 1.977949
 4100.130935	 2.273253	 1.994352
 4115.032664	 2.27303 	 1.989927
 4130.12587 	 2.272975	 1.998812
 4130.120447	 2.273086	 1.99318
 4145.017998	 2.273185	 2.001136
 4145.020053	 2.272889	 1.99924
 4160.097051	 2.273041	 1.990795
 4160.096898	 2.272942	 1.993221
 4175.009231	 2.272646	 1.994311
 4175.003641	 2.272727	 1.991339
 4190.089137	 2.272714	 1.988621
 4190.097125	 2.27251 	 1.998809
 4205.006345	 2.272665	 1.997308
 4204.996434	 2.272633	 2.003788
 4220.091592	 2.272472	 2.012158
 4220.087166	 2.272421	 2.012968
 4234.98203 	 2.272297	 2.005694
 4234.980472	 2.272249	 2.00538
 4250.072627	 2.272269	 2.007365
 4250.078342	 2.272058	 2.018962
 4265.166634	 2.272223	 2.01998
 4265.158548	 2.272107	 2.004559
 4280.062683	 2.272112	 2.011825
 4280.064612	 2.272071	 2.013759
 4295.141396	 2.271987	 2.004345
 4295.150318	 2.271844	 2.013227
 4310.053129	 2.271857	 2.029106
 4310.057965	 2.271941	 2.019487
 4325.144169	 2.271824	 2.028131
 4325.13815 	 2.271789	 2.021098
 4340.03617 	 2.271448	 2.009484
 4340.038363	 2.271668	 2.013783
 4355.12709 	 2.271446	 2.010416
 4355.136454	 2.271469	 2.025852
 4370.027948	 2.271278	 2.025585
 4370.029612	 2.27121 	 2.034227
 4385.113711	 2.271347	 2.001017
 4386.290542	 2.271225	 2.024298
 4400.01209 	 2.271146	 2.014747
 4415.106844	 2.270927	 2.02775
 4415.101506	 2.271012	 2.02601
 4430.010143	 2.270828	 2.031564
 4430.009663	 2.271001	 2.023088
 4445.096823	 2.270551	 2.031251
 4445.092805	 2.270692	 2.032691
 4459.993187	 2.270392	 2.017144
 4460.005293	 2.270598	 2.029385
 4475.087076	 2.270565	 2.02561
 4475.083374	 2.270448	 2.024828
 4490.17241 	 2.27026 	 2.02165
 4490.16899 	 2.270298	 2.022501
 4505.079834	 2.270255	 2.031114
 4505.076449	 2.27024 	 2.033651
 4520.158634	 2.27021 	 2.025765
 4520.163611	 2.270064	 2.036658
 4535.069337	 2.26984 	 2.029295
 4550.152147	 2.269817	 2.032281
 4550.138263	 2.269954	 2.014788
 4565.056028	 2.269768	 2.037219
 4565.053375	 2.269861	 2.027834
 4580.145783	 2.269374	 2.039969
 4580.142266	 2.269532	 2.036404
 4595.052601	 2.269373	 2.04347
 4595.037034	 2.26939 	 2.027427
 4610.127975	 2.269238	 2.034236
 4610.133656	 2.269336	 2.031718
 4625.023562	 2.269215	 2.028355
 4625.031118	 2.268874	 2.036703
 4640.115002	 2.269032	 2.029444
 4640.121687	 2.269133	 2.033529
 4655.019241	 2.268869	 2.020615
 4655.017537	 2.268919	 2.032372
 4670.111348	 2.268592	 2.034586
 4670.104901	 2.268653	 2.028308
 4685.013656	 2.268563	 2.032895
 4685.010619	 2.268474	 2.030517
 4700.104109	 2.268381	 2.031764
 4700.097436	 2.268313	 2.026791
 4715.000888	 2.268189	 2.035077
 4714.997061	 2.268123	 2.030455
 4730.087189	 2.267976	 2.021777
 4736.063105	 2.26778 	 2.03489
 4745.172537	 2.267861	 2.021116
 4760.07679 	 2.267808	 1.998132
 4760.07825 	 2.26765 	 2.012699
 4775.166917	 2.267758	 2.0195
 4775.159477	 2.26765 	 2.010825
 4790.062435	 2.267487	 2.024395
 4790.061523	 2.267365	 2.016518
 4805.15206 	 2.267439	 2.006573
 4805.159843	 2.267438	 2.022319
 4820.05867 	 2.267266	 2.01583
 4820.059536	 2.26716 	 2.018861
 4835.141099	 2.266819	 2.013019
 4835.139391	 2.267052	 2.006174
 4850.04585 	 2.266728	 2.015974
 4865.130515	 2.266561	 2.008371
 4865.126554	 2.266475	 2.002719
 4880.027747	 2.266324	 2.00406
 4880.024723	 2.266386	 2.003314
 4895.115059	 2.266116	 1.996154
 4895.118482	 2.266185	 2.000757
 4910.022793	 2.265919	 1.994377
 4910.019557	 2.266091	 1.994074
 4925.102998	 2.265805	 1.984522
 4925.104396	 2.265915	 1.985823
 4940.013338	 2.26571 	 1.989902
 4940.000359	 2.265595	 1.988995
 4955.098721	 2.265545	 1.99344
 4955.098169	 2.265605	 1.99439
 4969.988115	 2.265063	 1.982801
 4969.998554	 2.265226	 1.984841
 4985.088383	 2.265025	 1.979026
 4985.082174	 2.26508 	 1.977308
 5000.181659	 2.264799	 1.988671
 5015.082137	 2.264619	 1.983406
 5015.081227	 2.264567	 1.980677
 5030.166438	 2.264281	 1.969763
 5030.162741	 2.264242	 1.964514
 5045.066727	 2.264183	 1.963857
 5045.066138	 2.264163	 1.960713
 5060.155032	 2.263956	 1.956982
 5060.155493	 2.264005	 1.962357
 5075.058715	 2.263918	 1.960777
 5075.057965	 2.263781	 1.947202
 5090.141975	 2.263486	 1.950724
 5090.140836	 2.263518	 1.94486
 5105.043222	 2.263179	 1.941068
 5110.756136	 2.262763	 1.957324
 5120.131579	 2.262962	 1.935248
 5135.033457	 2.262718	 1.935832
 5135.038409	 2.262656	 1.943676
 5150.120436	 2.262509	 1.936034
 5150.12305 	 2.262334	 1.921456
 5165.024812	 2.262305	 1.922575
 5165.016979	 2.262317	 1.91112
 5180.109223	 2.262036	 1.918545
 5180.108672	 2.262155	 1.923751
 5194.998375	 2.261847	 1.910359
 5195.018759	 2.261995	 1.90738
 5210.095549	 2.261551	 1.898667
 5210.098867	 2.261496	 1.911015
 5225.17922 	 2.261166	 1.897042
 5240.085558	 2.260768	 1.889564
 5240.087156	 2.260857	 1.889093
 5255.186661	 2.260861	 1.896907
 5255.178932	 2.260796	 1.887045
 5270.088578	 2.260749	 1.889863
 5270.063367	 2.260705	 1.851022
 5285.159039	 2.260356	 1.856612
 5285.158092	 2.260194	 1.871912
 5300.06991 	 2.260028	 1.863574
 5300.065113	 2.260116	 1.866745
 5315.156101	 2.259721	 1.854188
 5315.158859	 2.259566	 1.851149
 5330.059696	 2.259415	 1.853594
 5330.05187 	 2.259514	 1.847662
 5345.142683	 2.259111	 1.837602
 5345.138932	 2.259255	 1.839857
 5360.034395	 2.25882 	 1.81799
 5375.128274	 2.258642	 1.815686
 5375.120387	 2.258627	 1.801471
 5390.030128	 2.258278	 1.810524
 5390.039094	 2.258289	 1.823454
 5405.12753 	 2.257962	 1.813543
 5405.12108 	 2.257707	 1.805616
 5420.024875	 2.257463	 1.798014
 5420.025706	 2.257405	 1.804588
 5435.115152	 2.257308	 1.790243
 5435.113842	 2.257314	 1.790556
 5450.020857	 2.256939	 1.77506
 5450.013276	 2.256952	 1.771357
 5465.101553	 2.256368	 1.760982
 5480.186417	 2.256133	 1.762715
 5480.184668	 2.256344	 1.75071
 5495.08571 	 2.255832	 1.741827
 5495.085684	 2.255683	 1.736919
 5510.17677 	 2.255635	 1.73229
 5510.180088	 2.255402	 1.729678
 5525.080256	 2.25507 	 1.727718
 5525.082802	 2.255274	 1.722389
 5540.169289	 2.254653	 1.706857
 5555.064825	 2.254173	 1.696036
 5555.072076	 2.25449 	 1.696246
 5570.151389	 2.253814	 1.672222
 5570.153456	 2.253779	 1.68879
 5585.055097	 2.253679	 1.662098
 5585.060708	 2.25343 	 1.673907
 5600.144484	 2.253062	 1.658848
 5600.136624	 2.253131	 1.656467
 5615.051106	 2.252872	 1.643517
 5615.043445	 2.252613	 1.639199
 5630.136409	 2.252369	 1.640443
 5645.026463	 2.252014	 1.601518
 5645.031677	 2.251966	 1.616989
 5660.119712	 2.251495	 1.606214
 5660.118553	 2.251484	 1.601757
 5675.022982	 2.251017	 1.592204
 5675.023923	 2.250977	 1.58805
 5690.109857	 2.250645	 1.572072
 5690.115214	 2.250485	 1.580734
 5705.00871 	 2.25012 	 1.547154
 5705.017387	 2.250028	 1.55773
 5720.101649	 2.249881	 1.546345
 5720.094518	 2.249623	 1.534213
 5735.183179	 2.249143	 1.527817
 5735.186299	 2.249106	 1.516959
 5750.083212	 2.248611	 1.494506
 5765.174725	 2.24817 	 1.480682
 5765.188357	 2.248103	 1.497524
 5780.076509	 2.247626	 1.465023
 5780.076628	 2.247668	 1.464435
 5795.15828 	 2.247096	 1.458243
 5795.160002	 2.247232	 1.458607
 5810.070969	 2.246589	 1.447582
 5810.060881	 2.246603	 1.424038
 5825.156171	 2.245989	 1.417929
 5825.159697	 2.24606 	 1.426722
 5840.049681	 2.245554	 1.400041
 5855.148547	 2.244916	 1.390893
 5855.140228	 2.244877	 1.381897
 5870.044491	 2.244359	 1.364384
 5870.044294	 2.244436	 1.360417
 5885.137817	 2.243817	 1.345005
 5885.135373	 2.243751	 1.339626
 5900.030513	 2.243323	 1.328565
 5900.033916	 2.243251	 1.32275
 5915.121395	 2.242552	 1.297902
 5915.128014	 2.242467	 1.305383
 5930.02256 	 2.241951	 1.276088
 5945.116724	 2.241261	 1.26073
 5945.102832	 2.241284	 1.254329
 5960.189531	 2.240839	 1.227238
 5960.192541	 2.240655	 1.230919
 5975.095233	 2.239871	 1.197622
 5975.095047	 2.239904	 1.198786
 5990.193939	 2.239153	 1.197454
 5990.186278	 2.239306	 1.183464
 6005.091128	 2.23854 	 1.174289
 6020.189427	 2.237976	 1.15081
 6020.180589	 2.237904	 1.145162
 6035.070745	 2.237116	 1.106999
 6035.084013	 2.236883	 1.114955
 6050.171841	 2.236198	 1.095919
 6050.169056	 2.236228	 1.092414
 6065.065774	 2.235594	 1.060641
 6065.069919	 2.235403	 1.065532
 6080.154716	 2.234657	 1.040155
 6095.060272	 2.233918	 1.01889
 6095.06374 	 2.233892	 1.019251
 6110.145991	 2.233057	 0.974688
 6110.1408  	 2.233006	 0.978811
 6125.055697	 2.232047	 0.963072
 6125.04806 	 2.232038	 0.966578
 6140.128816	 2.231566	 0.929817
 6155.036095	 2.23039 	 0.889584
 6155.029557	 2.230498	 0.898434
 6170.122099	 2.229483	 0.865785
 6170.123342	 2.229268	 0.869046
 6185.023946	 2.228375	 0.832193
 6185.021018	 2.228609	 0.847305
 6200.110688	 2.227558	 0.8024
 6200.121794	 2.227464	 0.80627
 6215.198348	 2.226487	 0.771478
 6215.193509	 2.226643	 0.766226
 6230.096875	 2.225513	 0.738691
 6245.195923	 2.224703	 0.702241
 6245.186495	 2.224395	 0.697061
 6260.088277	 2.223587	 0.666336
 6260.095663	 2.22344 	 0.666118
 6275.178425	 2.222337	 0.63453
 6275.173183	 2.222199	 0.619123
 6290.078812	 2.220909	 0.593733
 6290.078968	 2.221225	 0.596942
 6305.168341	 2.219662	 0.550235
 6307.834365	 2.219664	 0.583054
 6320.067888	 2.218831	 0.517374
 6335.164517	 2.217354	 0.484091
 6335.152246	 2.217233	 0.484135
 6350.054944	 2.216226	 0.443513
 6350.062596	 2.216047	 0.448359
 6365.146947	 2.214754	 0.408633
 6365.144104	 2.214827	 0.402546
 6380.044201	 2.21353 	 0.360464
 6380.034891	 2.213372	 0.351872
 6395.140027	 2.212106	 0.330152
 6410.032258	 2.210558	 0.269313
 6410.037843	 2.210448	 0.279251
 6425.120437	 2.209027	 0.23701
 6425.125131	 2.209127	 0.237844
 6440.028165	 2.207578	 0.188992
 6440.025688	 2.207617	 0.179192
 6455.117097	 2.205929	 0.144693
 6455.106027	 2.205965	 0.142671
 6470.200925	 2.204284	 0.095511
 6470.199234	 2.204254	 0.091584
 6485.105713	 2.202651	 0.046089
 6500.186831	 2.201113	 0.014175
 6500.186652	 2.200866	 -0.004879
 6515.096447	 2.199213	 -0.046626
 6515.094828	 2.199294	 -0.046134
 6530.178268	 2.197143	 -0.09622
 6530.175466	 2.197147	 -0.102046
 6545.069463	 2.195265	 -0.158076
 6545.083235	 2.195358	 -0.153799
 6560.158944	 2.19324 	 -0.205272
 6560.164091	 2.193091	 -0.216499
 6575.063401	 2.191086	 -0.260391
 6590.14705 	 2.189116	 -0.307565
 6590.15065 	 2.189049	 -0.322139
 6605.061864	 2.186892	 -0.365622
 6605.051821	 2.186825	 -0.375555
 6620.134962	 2.184399	 -0.443931
 6620.138906	 2.184559	 -0.436796
 6635.046606	 2.182279	 -0.490999
 6635.04978 	 2.18233 	 -0.486519
 6650.134373	 2.179772	 -0.547986
 6665.037263	 2.177429	 -0.600722
 6665.038747	 2.177269	 -0.61347
 6680.125642	 2.174661	 -0.677733
 6680.121575	 2.174506	 -0.675927
 6695.211301	 2.172141	 -0.732463
 6695.214124	 2.172083	 -0.732792
 6710.109887	 2.169298	 -0.797751
 6710.110379	 2.169055	 -0.808661
 6725.197817	 2.166227	 -0.868686
 6740.101586	 2.16341 	 -0.932361
 6740.100064	 2.163246	 -0.934922
 6755.190045	 2.160191	 -0.997673
 6755.195332	 2.160111	 -0.994718
 6770.089703	 2.157116	 -1.065104
 6770.089107	 2.156955	 -1.064094
 6785.180176	 2.153449	 -1.134689
 6785.167108	 2.153471	 -1.139467
 6800.074764	 2.14998 	 -1.214164
 6815.171031	 2.146622	 -1.278322
 6815.168934	 2.146436	 -1.272525
 6830.080552	 2.142916	 -1.343754
 6830.066162	 2.14272 	 -1.354942
 6845.144635	 2.138986	 -1.439232
 6860.059709	 2.134916	 -1.507006
 6860.057211	 2.135163	 -1.511734
 6875.140312	 2.1307  	 -1.591707
 6875.155663	 2.130489	 -1.574685
 6890.046393	 2.126422	 -1.668056
 6890.046583	 2.126372	 -1.656112
 6905.141887	 2.121862	 -1.733199
 6906.648845	 2.121434	 -1.727917
 6920.040986	 2.117049	 -1.803541
 6935.116577	 2.111991	 -1.901579
 6935.125821	 2.111866	 -1.890347
 6950.218717	 2.106716	 -1.96874
 6950.207483	 2.106618	 -1.998286
 6965.116008	 2.101311	 -2.071739
 6965.118063	 2.101447	 -2.059677
 6980.196898	 2.095775	 -2.145387
 6995.095231	 2.090082	 -2.232632
 6995.08969 	 2.089914	 -2.231138
 7010.181334	 2.083779	 -2.300177
 7010.187153	 2.083709	 -2.30185
 7025.093275	 2.077308	 -2.373314
 7025.090762	 2.07704 	 -2.367035
 7040.185686	 2.070443	 -2.445942
 7055.073625	 2.063713	 -2.5373
 7055.080855	 2.063724	 -2.543503
 7070.168815	 2.056579	 -2.607179
 7070.170649	 2.056287	 -2.605873
 7085.067282	 2.048969	 -2.681733
 7085.065166	 2.048689	 -2.688057
 7100.161405	 2.041023	 -2.756516
 7100.159154	 2.040763	 -2.757322
 7115.049506	 2.032701	 -2.83344
 7130.140384	 2.024323	 -2.895334
 7130.147947	 2.023807	 -2.897157
 7145.041337	 2.015333	 -2.944931
 7145.054483	 2.014868	 -2.940478
 7160.131008	 2.005791	 -2.996774
 7160.130599	 2.005578	 -2.997827
 7175.043541	 1.995866	 -3.045143
 7190.12507 	 1.986168	 -3.103009
 7190.128665	 1.985594	 -3.089908
 7205.205022	 1.975408	 -3.137222
 7205.209818	 1.975067	 -3.132809
 7220.116068	 1.96423 	 -3.149137
 7220.111526	 1.964054	 -3.144721
 7235.198532	 1.952841	 -3.154741
 7250.05398 	 1.942167	 -3.118454
 7250.09952 	 1.941129	 -3.178501
 7265.185302	 1.929209	 -3.166939
 7265.184585	 1.928657	 -3.149201
 7280.093407	 1.916479	 -3.115112
 7280.095392	 1.916332	 356.881359
 7295.185171	 1.903612	 -3.072703
 7295.188763	 1.903258	 -3.060649
 7310.078774	 1.890063	 -3.006243
 7325.170822	 1.877111	 -2.928425
 7325.168483	 1.876532	 -2.918718
 7340.067872	 1.863175	 -2.829903
 7340.067385	 1.862602	 -2.816589
 7355.159929	 1.848493	 -2.673251
 7355.166765	 1.848147	 -2.672606
 7370.06707 	 1.834141	 -2.524631
 7381.886243	 1.824839	 -2.852708
 7385.149154	 1.819383	 -2.332842
 7400.051171	 1.805156	 -2.121446
 7400.06044 	 1.804782	 -2.103664
 7415.145149	 1.790276	 -1.856036
 7415.137761	 1.789838	 -1.845691
 7430.226435	 1.775327	 -1.542917
 7435.788854	 1.770816	 -1.897842
 7445.129305	 1.760932	 -1.229848
 7460.209609	 1.746973	 -0.879624
 7460.213845	 1.746615	 -0.860571
 7475.116558	 1.733027	 -0.464879
 7475.11373 	 1.732738	 -0.449049
 7490.201196	 1.719504	 -0.004217
 7505.105036	 1.707204	 0.448706
 7505.098466	 1.706684	 0.466132
 7520.188055	 1.694991	 0.980472
 7520.186257	 1.694467	 0.988707
 7535.089002	 1.68354 	 1.526436
 7535.099363	 1.683335	 1.5562
 7550.192716	 1.673061	 2.116415
 7561.715277	 1.66694 	 1.744756
 7565.079414	 1.663824	 2.751315
 7580.177746	 1.655674	 3.405931
 7580.176681	 1.655662	 3.410785
 7595.073391	 1.648711	 4.068441
 7595.069162	 1.648532	 4.067489
 7610.162748	 1.642876	 4.777947
 7625.066709	 1.638509	 5.468451
 7625.061193	 1.638403	 5.473578
 7640.148493	 1.635228	 6.187131
 7640.148617	 1.635119	 6.212535
 7655.053953	 1.633576	 6.904261
 7655.052524	 1.633354	 6.91872
 7670.137752	 1.632984	 7.636002
 7685.214106	 1.633723	 8.344097
 7685.215081	 1.633652	 8.344789
 7700.129989	 1.635858	 9.082241
 7700.138525	 1.635808	 9.089071
 7715.209941	 1.639193	 9.758654
 7715.213815	 1.639232	 9.752992
 7730.112397	 1.643777	 10.4334
 7745.203209	 1.649332	 11.106475
 7745.212622	 1.649284	 11.101426
 7760.109627	 1.655826	 11.706629
 7760.094875	 1.655923	 11.706952
 7775.207448	 1.663483	 12.319484
 7775.195731	 1.663461	 12.309778
 7790.091009	 1.671961	 12.87935
 7805.181886	 1.681122	 13.419387
 7805.17244 	 1.681009	 13.413009
 7820.077647	 1.690933	 13.928723
 7820.079597	 1.69108 	 13.913133
 7835.176802	 1.701567	 -345.597016
 7850.073278	 1.712669	 14.837786
 7850.077164	 1.712205	 14.834813
 7865.154633	 1.723768	 15.2451
 7865.163724	 1.723627	 15.2438
 7880.057761	 1.735305	 15.623702
 7887.659864	 1.739208	 15.4361
 7895.148431	 1.747134	 15.960386
 7910.047326	 1.759247	 16.277164
 7910.046462	 1.758872	 16.258901
 7925.13631 	 1.771303	 -343.438813
 7925.130655	 1.771015	 16.550281
 7940.232186	 1.783561	 16.830918
 7955.1287  	 1.795941	 17.047817
 7955.125545	 1.795704	 17.052843
 7970.218076	 1.80806 	 17.274315
 7970.211916	 1.807663	 17.245212
 7985.114086	 1.819917	 17.434788
 8000.218879	 1.83236 	 17.608061
 8000.201612	 1.831649	 17.598549
 8015.102226	 1.8439  	 17.73361
 8015.110641	 1.843511	 17.740261
 8030.192738	 1.855489	 -342.129015
 8030.196284	 1.855018	 17.867032
 8045.09554 	 1.866721	 17.973514
 8060.180264	 1.87812 	 18.060084
 8060.18998 	 1.877789	 18.062058
 8075.089283	 1.888891	 18.134099
 8075.080338	 1.888604	 18.129712
 8090.167366	 1.899567	 18.187743
 8105.070549	 1.91022 	 18.22809
 8105.080062	 1.909907	 18.24438
 8120.158515	 1.920304	 18.272791
 8120.165092	 1.920209	 -341.717617
 8135.069346	 1.930289	 18.314652
 8150.150861	 1.940368	 18.308777
 8150.15254 	 1.939988	 18.315453
 8165.241208	 1.949823	 18.316976
 8165.23131 	 1.949503	 18.315878
 8180.14158 	 1.958782	 18.315123
 8195.22719 	 1.968262	 18.310882
 8195.223689	 1.967761	 -341.694074
 8210.124868	 1.976684	 18.302521
 8210.125262	 1.976209	 18.292825
 8225.210158	 1.985092	 18.26587
 8240.113526	 1.993372	 18.240376
 8240.124466	 1.993081	 18.259974
 8255.199218	 2.001228	 18.206354
 8255.204848	 2.000922	 18.220972
 8270.104747	 2.008786	 -341.833012
 8285.191114	 2.016541	 18.13428
 8285.188807	 2.01636 	 -341.875503
 8300.101899	 2.023721	 18.090554
 8300.097479	 2.023355	 18.097884
 8315.180416	 2.030709	 18.042505
 8330.085126	 2.037612	 -342.007865
 8330.083252	 2.037301	 18.00514
 8345.166261	 2.04426 	 17.939008
 8345.168173	 2.044066	 17.932069
 8360.074081	 2.050535	 17.885763
 8375.159403	 2.056975	 17.821485
 8375.160805	 2.056706	 17.829175
 8390.05783 	 2.062726	 17.761353
 8390.08212 	 2.062658	 17.801235
 8405.146923	 2.068649	 17.706955
 8420.232876	 2.074463	 17.634059
 8420.232912	 2.074259	 17.640409
 8435.138686	 2.079715	 17.586877
 8435.138934	 2.079581	 17.586205
 8450.229729	 2.085189	 17.518812
 8465.127396	 2.09028 	 17.447754
 8465.129425	 2.090036	 17.458143
 8480.21793 	 2.095156	 17.391266
 8495.122056	 2.100129	 17.327791
 8495.114623	 2.0998  	 17.327148
 8510.201865	 2.104825	 17.258795
 8510.206128	 2.104655	 17.257916
 8525.106697	 2.109261	 17.207416
 8540.195776	 2.113651	 17.13927
 8540.199929	 2.113482	 17.134268
 8555.095588	 2.117819	 17.066505
 8555.099959	 2.117613	 17.066388
 8570.195522	 2.121862	 17.013836
 8585.080783	 2.125951	 16.930361
 8585.095579	 2.125769	 16.937687
 8600.166074	 2.129542	 16.870108
 8600.180567	 2.129504	 16.885385
 8615.074706	 2.133378	 16.815176
 8630.162759	 2.137111	 16.746085
 8630.166702	 2.136815	 16.750659
 8645.061357	 2.140378	 16.675763
 8645.065321	 2.140379	 16.678534
 8660.150054	 2.143871	 16.617976
 8675.241484	 2.14721 	 16.552798
 8675.234698	 2.14725 	 16.558177
 8690.140315	 2.150397	 16.491346
 8690.145875	 2.150142	 16.492283
 8705.226551	 2.153325	 16.435877
 8720.12867 	 2.156381	 16.366367
 8720.129029	 2.156307	 16.365958
 8735.207938	 2.159293	 16.298765
 8750.110976	 2.162051	 16.234446
 8750.127254	 2.162136	 16.262791
 8765.206521	 2.164786	 16.199109
 8780.108786	 2.167682	 -343.869446
 8780.115864	 2.167459	 16.13648
 8795.19627 	 2.170189	 16.083119
 8795.195368	 2.170011	 16.066979
 8810.10266 	 2.172294	 16.020531
 8825.183322	 2.174937	 15.961087
 8825.183696	 2.174844	 15.964701
 8840.099903	 2.177368	 15.922894
 8840.077591	 2.177431	 15.910781
 8855.176354	 2.179717	 15.855234
 8870.078082	 2.181792	 15.801093
 8870.074744	 2.181892	 15.796167
 8885.161402	 2.184016	 15.755443
 8900.24757 	 2.186236	 15.688246
 8900.253344	 2.186038	 15.696057
 8915.153033	 2.1883  	 15.651203
 8915.149299	 2.188077	 15.651198
 8930.240519	 2.190169	 15.594371
 8945.145346	 2.191821	 15.549066
 8945.141143	 2.191953	 15.551071
 8960.227661	 2.193742	 15.498795
 8960.2273  	 2.19378 	 15.495569
 8975.139403	 2.195663	 15.45993
 8990.212611	 2.197319	 15.399484
 8990.222424	 2.197301	 15.416271
 9005.12304 	 2.199094	 15.361311
 9020.208013	 2.2008  	 15.319643
 9020.19862 	 2.200819	 15.309024
 9035.113982	 2.202342	 15.2749
 9050.201769	 2.203895	 15.226742
 9050.195075	 2.203948	 15.22494
 9065.094051	 2.205376	 15.184643
 9065.096104	 2.205545	 15.181534
 9080.175733	 2.206875	 15.124808
 9095.088901	 2.208293	 15.102617
 9095.082758	 2.208366	 15.092108
 9110.17209 	 2.209898	 15.055143
 9125.081204	 2.211091	 15.02495
 9125.079433	 2.211206	 15.020064
 9140.164864	 2.212567	 14.976474
 9140.164062	 2.212447	 14.979565
 9155.251962	 2.213794	 14.945633
 9170.154965	 2.215018	 14.91707
 9170.152434	 2.215002	 14.901573
 9185.23435 	 2.216364	 14.852696
 9200.142575	 2.217509	 14.831323
 9200.147163	 2.21756 	 14.840454
 9215.230241	 2.218568	 14.803143
 9215.231985	 2.218624	 14.790349
 9230.1381  	 2.219814	 14.752235
 9245.221981	 2.220901	 14.725888
 9245.224567	 2.221012	 14.728689
 9260.127032	 2.221847	 14.705579
 9275.206114	 2.223108	 14.651934
 9275.213027	 2.222936	 14.666609
 9290.106521	 2.224059	 14.619566
 9290.110511	 2.22423 	 14.624817
 9305.198677	 2.22528 	 14.586948
 9320.099279	 2.22597 	 14.566907
 9320.099366	 2.226008	 14.564733
 9335.178891	 2.227154	 14.522353
 9350.081828	 2.228028	 14.495481
 9350.086968	 2.228022	 14.492038
 9365.171305	 2.228978	 14.461268
 9365.180045	 2.228878	 14.484045
 9380.072234	 2.22974 	 14.4404
 9395.169379	 2.230722	 14.424716
 9395.159496	 2.230594	 14.419999
 9410.250807	 2.231451	 14.383148
 9425.160193	 2.232361	 14.36657
 9425.160101	 2.232336	 14.366795
 9440.248697	 2.233396	 14.336575
 9455.144525	 2.233984	 14.298796
 9455.151264	 2.233886	 14.32102
 9470.23385 	 2.234707	 14.292256
 9485.132708	 2.235474	 14.255786
 9485.131031	 2.235498	 14.251653
 9500.217263	 2.236163	 14.222572
 9500.228509	 2.236132	 14.246326
 9515.116059	 2.236755	 14.206095
 9530.207751	 2.237658	 -345.815096
 9530.211131	 2.237426	 14.1845
 9545.113431	 2.238285	 14.170609
 9560.197349	 2.23883 	 14.150724
 9560.189799	 2.238782	 14.130631
 9575.101623	 2.239571	 14.121682
 9590.185681	 2.240235	 14.090406
 9590.174868	 2.240308	 14.069591
 9605.085624	 2.240962	 14.076216
 9620.173385	 2.241399	 14.036003
 9620.184487	 2.241556	 14.059269
 9635.269092	 2.242088	 14.034611
 9635.26409 	 2.242229	 14.037051
 9650.172026	 2.242812	 14.007015
 9665.253699	 2.243387	 13.992366
 9665.251187	 2.243119	 13.99605
 9680.157116	 2.243947	 13.964355
 9695.24072 	 2.244353	 13.951072
 9695.239645	 2.244362	 13.950365
 9710.147342	 2.244922	 13.942676
 9725.227208	 2.245384	 13.91052
 9725.227935	 2.245394	 13.912654
 9740.147045	 2.24596 	 13.921429
 9755.216479	 2.246449	 13.87915
 9755.22559 	 2.246348	 13.880175
 9770.122271	 2.24703 	 13.86904
 9785.20671 	 2.247431	 13.839814
 9785.206569	 2.247536	 13.841963
 9800.10731 	 2.247858	 13.828576
 9815.201315	 2.248419	 13.81908
 9815.187289	 2.248445	 13.807257
 9830.104201	 2.248742	 13.806318
 9845.19076 	 2.249331	 13.788681
 9845.196578	 2.249057	 13.791748
 9860.090327	 2.249901	 13.774882
 9871.66716 	 2.25017 	 13.777466
 9875.177369	 2.250222	 13.756063
 9890.263648	 2.250492	 13.736483
 9890.265345	 2.250712	 -346.260007
 9905.164608	 2.250963	 13.723225
 9920.258375	 2.2514  	 13.715509
 9920.261755	 2.251489	 13.725531
 9935.151098	 2.251669	 13.687783
 9950.242542	 2.252052	 13.68134
 9950.239529	 2.252106	 13.682038
 9965.149826	 2.252658	 13.687194
 9980.224349	 2.253099	 13.648657
 9980.226458	 2.252954	 13.642254
 9995.126254	 2.253486	 13.624656
10010.23341 	 2.25372 	 13.651334
10010.21459 	 2.253709	 13.642076
10025.12392 	 2.254003	 13.634212
10040.20509 	 2.254371	 13.602784
10040.21192 	 2.2544  	 13.608045
10055.10953 	 2.254663	 13.599375
10070.2013  	 2.255147	 13.593933
10070.19807 	 2.255069	 13.582079
10085.10968 	 2.255384	 13.57842
10100.18823 	 2.255905	 13.567749
10100.18573 	 2.25572 	 13.56897
10115.09009 	 2.256134	 13.552593
10130.18302 	 2.256404	 13.553091
10130.17575 	 2.256415	 13.555019
10145.26249 	 2.256604	 13.534625
10145.26683 	 2.25663 	 13.543804
10160.16137 	 2.256913	 13.531606
10175.24611 	 2.257341	 13.51541
10175.24913 	 2.257225	 13.517824
10190.15878 	 2.257564	 13.51776
10205.25103 	 2.257773	 13.517118
10205.24273 	 2.257926	 13.500897
10220.14509 	 2.258099	 13.489264
10235.24036 	 2.258503	 13.488514
10235.23092 	 2.258492	 13.484829
10250.13876 	 2.258708	 13.482083
10265.2239  	 2.258953	 13.478875
10265.22736 	 2.25905 	 13.472523
10280.12472 	 2.259325	 13.462815
10295.21315 	 2.259412	 13.460239
10295.20917 	 2.259634	 13.460178
10310.12057 	 2.259675	 13.450312
10325.20103 	 2.260159	 -346.560232
10325.19032 	 2.260017	 13.423288
10340.10981 	 2.260208	 13.441691
10355.17927 	 2.260414	 13.413749
10355.18694 	 2.260516	 13.417968
10370.27116 	 2.260862	 13.415352
10385.17839 	 2.261006	 13.407795
10385.1746  	 2.261023	 13.407967
10400.25605 	 2.261333	 13.397277
10415.17652 	 2.261491	 13.426877
10415.1788  	 2.26146 	 13.421391
10430.24968 	 2.261697	 13.389576
10445.16549 	 2.261794	 13.398005
10445.15691 	 2.262023	 13.389021
10460.24455 	 2.262116	 13.381077
10475.14415 	 2.262332	 13.372757
10475.14621 	 2.262112	 13.376157
10490.23425 	 2.262506	 13.368175
10505.1294  	 2.262654	 13.362857
10505.1354  	 2.262818	 13.371133
10520.22052 	 2.262953	 13.372377
10535.12914 	 2.263015	 -346.635066
10535.13035 	 2.263038	 13.368054
10550.20778 	 2.26313 	 13.350975
10565.11288 	 2.26348 	 13.359427
10565.10402 	 2.263559	 13.350421
10580.20122 	 2.263832	 13.354795
10595.10828 	 2.263843	 13.344098
10595.11101 	 2.263989	 13.346796
10610.19166 	 2.263985	 13.356569
10625.27766 	 2.263991	 13.34202
10625.27774 	 2.264101	 13.341445
10640.17488 	 2.264216	 13.341535
10655.26755 	 2.264703	 13.341922
10655.27826 	 2.264629	 13.350679
10670.16782 	 2.264788	 13.336376
10685.25216 	 2.265078	 13.327942
10685.25342 	 2.264932	 13.325766
10700.15087 	 2.265096	 13.325726
10715.24259 	 2.265156	 13.327071
10715.24749 	 2.265088	 13.331992
10730.1466  	 2.265482	 13.317268
10745.23221 	 2.265687	 13.327109
10745.23245 	 2.265571	 13.320084
10760.14531 	 2.265896	 13.332408
10775.22138 	 2.265997	 13.316867
10775.22052 	 2.265756	 13.310946
10790.12574 	 2.266056	 13.315135
10805.21223 	 2.266176	 13.310296
10820.11449 	 2.266331	 13.311094
10820.11542 	 2.266382	 13.317333
10835.20739 	 2.266376	 13.317394
10850.10045 	 2.26663 	 13.308964
10850.10099 	 2.2668  	 13.307838
10865.18933 	 2.266868	 13.300895
10880.27964 	 2.266979	 13.312155
10880.27928 	 2.266566	 13.313474
10895.19103 	 2.267016	 13.3096
10910.27064 	 2.267193	 13.314721
10910.27383 	 2.26723 	 13.315586
10925.1653  	 2.267494	 13.309966
10940.26074 	 2.267462	 13.307969
10941.65577 	 2.268021	 13.300204
10955.16385 	 2.267561	 13.301566
10970.24455 	 2.267409	 13.301359
10985.15348 	 2.267737	 13.310825
10985.14757 	 2.267717	 13.312425
11000.23016 	 2.267893	 13.306103
11015.13419 	 2.268076	 13.304507
11015.13353 	 2.268021	 13.312862
11030.22306 	 2.268263	 13.301857
11045.12353 	 2.268296	 -346.695567
11045.12426 	 2.26817 	 13.309682
11060.21581 	 2.268357	 13.309954
11075.11001 	 2.268542	 13.299436
11075.10712 	 2.268399	 13.302901
11090.20711 	 2.268703	 13.325147
11105.28248 	 2.268618	 13.310741
11105.27625 	 2.26904 	 13.289367
11120.20282 	 2.268921	 13.327882
11135.28446 	 2.268936	 13.327246
11135.27786 	 2.268915	 13.301361
11150.18495 	 2.268907	 13.316658
11165.26268 	 2.269289	 13.302967
11165.2704  	 2.269235	 13.320979
11180.16507 	 2.269271	 13.319168
11195.2607  	 2.269469	 13.321525
11195.25986 	 2.269342	 13.313475
11210.1588  	 2.269524	 13.321094
11225.23994 	 2.269806	 13.323832
11240.15144 	 2.27    	 13.324125
11240.14807 	 2.269777	 13.322741
11255.2339  	 2.269926	 -346.68351
11270.13591 	 2.27    	 13.332683
11270.12432 	 2.26996 	 13.321714
11285.23065 	 2.270207	 13.328614
11300.12299 	 2.26995 	 13.322798
11300.12803 	 2.270312	 13.335178
11315.21215 	 2.270244	 13.327679
11330.11007 	 2.27046 	 13.329961
11330.11369 	 2.270251	 13.327272
11345.20369 	 2.270422	 13.337495
11360.28368 	 2.270304	 13.32941
11375.1918  	 2.270587	 13.336872
11375.19218 	 2.270363	 13.341882
11390.27942 	 2.270528	 13.343321
11405.17807 	 2.270745	 13.342872
11405.17391 	 2.270671	 13.339685
11420.27277 	 2.270962	 13.351925
11435.15992 	 2.27071 	 13.349073
11435.1806  	 2.270924	 13.351823
11450.25208 	 2.271126	 13.346607
11465.16117 	 2.270995	 13.362154
11476.72182 	 2.271036	 13.352466
11480.24945 	 2.27126 	 13.365521
11495.14844 	 2.271252	 13.354149
11510.23935 	 2.271404	 13.365616
11510.23967 	 2.271396	 13.367685
11525.13505 	 2.271281	 13.360534
11540.21948 	 2.271488	 -346.627664
11540.21832 	 2.27134 	 13.362067
11555.12555 	 2.271452	 13.381063
11570.21896 	 2.271457	 13.377331
11570.21749 	 2.271688	 -346.622127
11585.11708 	 2.271749	 13.390831
11600.21089 	 2.27181 	 13.388349
11600.19824 	 2.271939	 13.38467
11615.28824 	 2.271858	 13.385598
11630.18966 	 2.271934	 13.386837
11645.27874 	 2.271862	 13.388561
11645.27271 	 2.271982	 13.387879
11660.18341 	 2.271946	 13.400436
11675.27201 	 2.272177	 13.406719
11675.27744 	 2.272029	 13.410122
11690.17279 	 2.27228 	 13.409719
11705.2557  	 2.272079	 13.405996
11705.26173 	 2.272281	 13.416354
11720.15954 	 2.27221 	 13.414677
11735.24524 	 2.27241 	 13.418685
11750.1521  	 2.272298	 13.434528
11750.15228 	 2.272428	 13.415155
11765.23363 	 2.272362	 13.420802
11780.13773 	 2.272631	 13.432975
11780.14074 	 2.272491	 13.432912
11795.22672 	 2.272791	 13.433325
11810.12522 	 2.272725	 13.447723
11810.1322  	 2.272626	 13.456435
11825.20806 	 2.272686	 13.440307
11840.29693 	 2.272717	 13.448621
11840.30557 	 2.272851	 13.457578
11855.20619 	 2.272788	 13.460438
11870.29192 	 2.272817	 13.462201
11885.19515 	 2.272996	 13.469257
11900.28791 	 2.272984	 13.488569
11900.27819 	 2.27293 	 13.476666
11915.18259 	 2.273222	 13.483115
11930.26488 	 2.27308 	 13.481526
11930.26819 	 2.273178	 13.489422
11945.1695  	 2.273203	 13.48876
11960.25539 	 2.272995	 13.485541
11975.162   	 2.273237	 13.497039
11975.15868 	 2.273214	 13.49443
11990.23929 	 2.273222	 13.498115
12005.15113 	 2.273416	 13.510374
12005.15224 	 2.27345 	 13.509101
12020.22974 	 2.273461	 13.511074
12035.14759 	 2.273346	 13.526533
12050.22247 	 2.273504	 13.521721
12050.23084 	 2.273289	 13.547388
12065.12921 	 2.273585	 13.530509
12080.21656 	 2.273609	 13.535934
12080.21659 	 2.27364 	 13.53593
12095.312   	 2.273528	 13.558656
12110.20498 	 2.273645	 13.548872
12125.29595 	 2.273921	 13.558285
12125.29347 	 2.273481	 13.553886
12140.19286 	 2.273696	 13.545073
12155.27135 	 2.273941	 13.560428
12155.2854  	 2.273868	 13.562796
12170.18914 	 2.273804	 13.576946
12185.27037 	 2.273988	 13.579797
12200.16907 	 2.273906	 13.573388
12200.16477 	 2.273894	 13.578442
12215.26169 	 2.274047	 13.587111
12230.17179 	 2.274058	 13.610389
12230.17861 	 2.273911	 13.606
12245.25159 	 2.274009	 13.598719
12260.15315 	 2.274128	 13.603234
12260.14909 	 2.274015	 13.607648
12275.23781 	 2.273991	 13.622543
12290.14208 	 2.274164	 13.61966
12305.23411 	 2.274119	 13.623743
12305.22824 	 2.274169	 13.618128
12320.13328 	 2.274327	 13.636266
12335.20781 	 2.274304	 13.625932
12335.21387 	 2.274334	 13.643459
12350.30443 	 2.274443	 13.651348
12365.21038 	 2.274441	 13.658101
12380.29402 	 2.274408	 13.652469
12380.29716 	 2.274393	 13.652843
12395.20242 	 2.274363	 13.672196
12410.28078 	 2.274553	 13.669505
12410.27334 	 2.274611	 13.663077
12425.18564 	 2.274489	 13.686669
12440.26874 	 2.27451 	 13.683105
12440.26956 	 2.274547	 13.689904
12455.17335 	 2.27467 	 13.69517
12470.26339 	 2.274717	 13.696744
12485.15721 	 2.274785	 13.706512
12485.16934 	 2.274824	 13.722729
12500.277   	 2.275528	 13.742176
12515.14582 	 2.274834	 13.70396
12515.15175 	 2.27485 	 13.711697
12530.2423  	 2.274809	 13.735426
12545.13912 	 2.274819	 13.732332
12560.22824 	 2.275022	 13.739739
12560.22723 	 2.274854	 13.733155
12575.31665 	 2.275067	 13.745974
12590.22382 	 2.274913	 13.768484
12590.22315 	 2.274996	 13.764465
12605.30081 	 2.274954	 13.752034
12620.2108  	 2.275145	 13.768988
12635.294   	 2.275162	 13.772189
12635.28554 	 2.275173	 13.766844
12650.19854 	 2.2753  	 13.791136
12665.288   	 2.275028	 13.797473
12666.78162 	 2.274593	 13.7762
12680.183   	 2.275175	 13.799647
12695.26918 	 2.275196	 13.804391
12710.18017 	 2.27533 	 13.817708
12710.17282 	 2.275093	 13.815087
12725.25582 	 2.27537 	 13.81786
12740.16334 	 2.2753  	 13.833519
12755.25186 	 2.275281	 13.82997
12755.24934 	 2.275202	 13.835381
12770.15495 	 2.27532 	 13.846446
12785.24184 	 2.275528	 13.849281
12800.13229 	 2.27551 	 13.848845
12800.14615 	 2.275525	 13.866006
12815.23307 	 2.275669	 13.868381
12830.32254 	 2.275463	 13.879386
12830.31678 	 2.275377	 13.867113
12845.21357 	 2.275464	 13.881442
12860.31272 	 2.275633	 13.900013
12860.30146 	 2.275514	 13.877786
12875.20922 	 2.275684	 13.898191
12890.29261 	 2.275513	 13.907892
12905.20045 	 2.275736	 13.912638
12905.19021 	 2.275764	 13.914278
12920.28471 	 2.27569 	 13.921373
12935.18544 	 2.276037	 13.935037
12950.2771  	 2.2759  	 13.939203
12950.27237 	 2.275879	 13.937394
12965.16603 	 2.275873	 13.935049
12980.25862 	 2.275733	 13.94987
12995.17253 	 2.275943	 13.968478
12995.16517 	 2.275952	 -346.049067
13010.24909 	 2.27587 	 13.965082
13025.15459 	 2.275831	 13.981647
13025.15422 	 2.276025	 13.981617
13040.23704 	 2.275959	 13.996743
13055.1402  	 2.27595 	 13.988569
13070.23038 	 2.276079	 14.00317
13070.23316 	 2.276204	 14.000291
13085.31373 	 2.276031	 14.00781
13100.21955 	 2.275866	 14.02039
13102.91105 	 2.276287	 14.008935
13115.30695 	 2.276141	 14.019517
13130.21    	 2.276021	 14.037428
13145.29299 	 2.276192	 14.045916
13145.29007 	 2.276064	 14.040638
13160.20415 	 2.276179	 14.057106
13175.27872 	 2.276203	 14.049745
13190.1854  	 2.276336	 14.063847
13190.17567 	 2.276136	 14.053204
13205.27005 	 2.276176	 -345.927017
13220.17399 	 2.276227	 14.074453
13220.17432 	 2.276199	 14.087861
13235.25881 	 2.276318	 14.094037
13250.17028 	 2.276174	 14.108089
13265.24742 	 2.276361	 14.104856
13265.2561  	 2.276239	 14.115214
13280.15047 	 2.276353	 14.105267
13295.2413  	 2.276534	 14.12581
13310.33107 	 2.276454	 14.141324
13310.32471 	 2.276437	 14.134399
13325.23323 	 2.276319	 14.149293
13340.32036 	 2.276595	 14.161124
13355.22275 	 2.276343	 14.160532
13355.21791 	 2.276488	 14.156082
13370.30933 	 2.276518	 14.174344
13385.20443 	 2.276485	 -345.828565
13385.20379 	 2.276438	 14.171222
13400.30682 	 2.2765  	 14.196263
13415.20028 	 2.2766  	 14.198363
13430.2862  	 2.27642 	 14.211281
13430.28634 	 2.276444	 14.212735
13445.19427 	 2.276385	 14.221625
13460.27583 	 2.276548	 14.224029
13475.17046 	 2.276403	 14.220899
13475.17406 	 2.276522	 14.225515
13490.26152 	 2.276552	 14.236563
13505.16002 	 2.27665 	 14.239663
13520.24848 	 2.276572	 14.256821
13520.2625  	 2.276559	 14.266153
13535.15241 	 2.276475	 14.267539
13550.24401 	 2.276707	 14.268757
13565.32311 	 2.276768	 14.281187
13565.32522 	 2.276704	 14.271492
13580.23247 	 2.27668 	 -345.702361
13595.31935 	 2.276898	 14.300764
13610.21828 	 2.276623	 14.308949
13610.22131 	 2.276758	 14.303181
13625.3086  	 2.276722	 14.315438
13640.20643 	 2.276904	 14.326131
13655.29486 	 2.276709	 14.342336
13655.29601 	 2.276811	 14.339287
13670.19902 	 2.276739	 14.347007
13685.2806  	 2.276889	 14.34963
13700.18596 	 2.276746	 14.363531
13700.19103 	 2.276701	 14.361785
            	         	 
            	         	 
            	         	 
            	         	 
            	         	 
            	         	 
            	         	 
            	         	 
            	         	 
            	         	 
            	         	 
            	         	 
            	         	 
            	         	 
            	         	 
            	         	 
            	         	 
            	         	 
            	         	 
            	         	 
            	         	 
            	         	 
            	         	 
            	         	 
            	         	 
            	         	 
            	         	 
            	         	 
            	         	 
            	         	 
            	         	 
            	         	 
            	         	 
            	         	 
            	         	 
            	         	 
            	         	 
            	         	 
            	         	 
            	         	 
            	         	 
            	         	 
            	         	 
            	         	 
            	         	 
            	         	 
            	         	 
            	         	 
            	         	 
            	         	 
            	         	 
            	         	 
            	         	 
            	         	 
            	         	 
            	         	 
            	         	 
            	         	 
            	         	 
            	         	 
            	         	 
            	         	 
            	         	 
            	         	 
            	         	 
            	         	 
            	         	 
            	         	 
            	         	 
            	         	 
            	         	 
            	         	 
            	         	 
            	         	 
            	         	 
            	         	 
            	         	 
            	         	 
            	         	 
            	         	 
            	         	 
            	         	 
            	         	 
            	         	 
            	         	 
            	         	 
            	         	 
            	         	 
            	         	 
            	         	 
            	         	 
            	         	 
            	         	 
            	         	 
            	         	 
            	         	 
            	         	 
            	         	 
            	         	 
            	         	 
            	         	 
            	         	 
