 2240.047022	 2.150244	 0.75436
 2240.063932	 2.150115	 0.777111
 2254.963578	 2.149995	 0.77429
 2254.955862	 2.150191	 0.764329
 2270.048626	 2.149961	 0.770933
 2270.041569	 2.150063	 0.769376
 2285.134696	 2.150204	 0.772241
 2285.130454	 2.149939	 0.777998
 2300.032185	 2.149988	 0.777417
 2300.034641	 2.150048	 0.77482
 2300.032565	 2.150086	 0.778009
 2315.123406	 2.149920	 0.780398
 2315.124744	 2.149980	 0.782102
 2330.026494	 2.149893	 0.780315
 2330.018394	 2.149985	 0.773694
 2345.105983	 2.149842	 0.78472
 2345.102426	 2.149664	 0.781085
 2360.008060	 2.149721	 0.790809
 2360.013529	 2.149783	 0.801907
 2360.005183	 2.149663	 0.789808
 2375.097447	 2.149863	 0.804589
 2375.100362	 2.149811	 0.790567
 2390.001746	 2.149701	 0.805616
 2390.002934	 2.149696	 0.797449
 2405.094484	 2.149911	 0.805347
 2405.094833	 2.149577	 0.807567
 2419.995428	 2.149491	 0.818461
 2419.988485	 2.149636	 0.803905
 2435.088695	 2.149568	 0.816165
 2435.083651	 2.149576	 0.808069
 2449.982140	 2.149608	 0.825383
 2449.980553	 2.149618	 0.821965
 2449.979197	 2.149497	 0.823643
 2465.068324	 2.149340	 0.817579
 2465.071151	 2.149326	 0.808957
 2479.971591	 2.149250	 0.830066
 2479.970951	 2.149147	 0.811856
 2495.052365	 2.149253	 0.815429
 2495.065163	 2.149272	 0.82538
 2509.955502	 2.149420	 0.817334
 2509.956457	 2.149369	 0.826147
 2525.056045	 2.149369	 0.83624
 2525.038170	 2.149139	 0.816634
 2540.133872	 2.149244	 0.834783
 2540.129928	 2.149252	 0.823745
 2555.034048	 2.149050	 0.832399
 2555.042752	 2.149132	 0.835364
 2570.123201	 2.149025	 0.831471
 2570.124659	 2.148980	 0.841382
 2570.114607	 2.149032	 0.829464
 2585.030762	 2.148798	 0.837097
 2585.018794	 2.148782	 0.841156
 2600.102028	 2.148640	 0.84299
 2600.110447	 2.148856	 0.836131
 2615.014320	 2.148744	 0.835837
 2615.010772	 2.148864	 0.842146
 2630.091935	 2.148738	 0.834759
 2630.105538	 2.148710	 0.845164
 2630.099149	 2.148789	 0.846156
 2644.999562	 2.148639	 0.845077
 2644.999497	 2.148696	 0.842383
 2660.091032	 2.148769	 0.844458
 2660.083161	 2.148631	 0.853147
 2674.995735	 2.148603	 0.85713
 2674.990745	 2.148622	 0.846842
 2690.080241	 2.148535	 0.862033
 2690.077162	 2.148604	 0.860602
 2704.981809	 2.148275	 0.855208
 2704.987579	 2.148378	 0.868696
 2720.067663	 2.148388	 0.858292
 2720.070156	 2.148435	 0.854145
 2734.970242	 2.148223	 0.867988
 2734.975279	 2.148179	 0.867722
 2734.977440	 2.148195	 0.875908
 2750.058185	 2.148356	 0.873175
 2750.059210	 2.148178	 0.866083
 2764.961073	 2.148213	 0.86891
 2764.968856	 2.148101	 0.875872
 2780.049009	 2.148118	 0.87073
 2780.048131	 2.148044	 0.882491
 2795.151930	 2.147968	 0.882287
 2795.132115	 2.148064	 0.867737
 2810.038227	 2.147834	 0.882297
 2810.030850	 2.148031	 0.870502
 2825.123498	 2.148084	 0.876558
 2825.116604	 2.147916	 0.865653
 2840.027124	 2.147871	 0.884847
 2840.021121	 2.148000	 0.878799
 2855.114654	 2.147845	 0.884162
 2855.098288	 2.147793	 0.875082
 2855.364525	 2.147706	 0.86925
 2870.018629	 2.147835	 0.879093
 2870.005752	 2.147839	 0.874842
 2885.098871	 2.147570	 0.882522
 2885.104307	 2.147756	 0.881116
 2899.996474	 2.147685	 0.887877
 2900.003694	 2.147754	 0.889716
 2915.085323	 2.147578	 0.880014
 2915.098990	 2.147630	 0.898388
 2929.993011	 2.147647	 0.896815
 2930.000260	 2.147539	 0.896983
 2945.082405	 2.147470	 0.897397
 2945.077727	 2.147263	 0.901035
 2959.986338	 2.147305	 0.89792
 2959.979485	 2.147475	 0.887471
 2975.063728	 2.147468	 0.895701
 2975.067882	 2.147290	 0.900439
 2975.065596	 2.147281	 0.893419
 2989.974296	 2.147350	 0.890672
 2989.977085	 2.147102	 0.90076
 3005.045964	 2.147153	 0.881779
 3005.052870	 2.147240	 0.901818
 3020.143320	 2.147081	 0.889934
 3020.142878	 2.147158	 0.902448
 3035.044582	 2.146882	 0.907873
 3035.048487	 2.146899	 0.913612
 3050.137354	 2.146858	 0.906238
 3050.127741	 2.146918	 0.898116
 3065.036916	 2.146806	 0.906322
 3065.033193	 2.146995	 0.89974
 3080.123971	 2.146799	 0.905866
 3080.119279	 2.146835	 0.893781
 3095.029562	 2.146597	 0.902002
 3095.029076	 2.146679	 0.912364
 3110.109042	 2.146508	 0.907764
 3110.109030	 2.146498	 0.912672
 3110.118327	 2.146486	 0.915956
 3125.016999	 2.146457	 0.921796
 3125.014216	 2.146595	 0.912639
 3140.106146	 2.146399	 0.916874
 3140.101120	 2.146559	 0.907285
 3155.005193	 2.146475	 0.922629
 3155.004859	 2.146319	 0.910802
 3170.090587	 2.146212	 0.913367
 3170.093662	 2.146183	 0.911728
 3184.977801	 2.146080	 0.902614
 3185.004665	 2.146142	 0.934365
 3200.078833	 2.145966	 0.912262
 3200.069769	 2.146141	 0.904434
 3214.983284	 2.146035	 0.918673
 3214.982709	 2.145918	 0.912558
 3230.078724	 2.146004	 0.922401
 3230.064539	 2.146024	 0.921447
 3244.967260	 2.145861	 0.916308
 3244.968534	 2.146020	 0.920484
 3244.975866	 2.145869	 0.930611
 3260.063753	 2.145906	 0.92382
 3260.050731	 2.145864	 0.905314
 3275.146949	 2.145896	 0.910507
 3275.141109	 2.145666	 0.931301
 3290.043245	 2.145704	 0.912718
 3290.046160	 2.145712	 0.917953
 3305.131787	 2.145575	 0.911734
 3305.142553	 2.145648	 0.927057
 3320.039966	 2.145455	 0.921418
 3320.041589	 2.145507	 0.915121
 3335.109588	 2.145314	 0.903442
 3335.108787	 2.145452	 0.909689
 3350.023877	 2.145036	 0.91109
 3350.031541	 2.145302	 0.92427
 3365.114224	 2.145292	 0.910256
 3365.113456	 2.145073	 0.91906
 3380.024495	 2.145216	 0.935678
 3380.008627	 2.145068	 0.911162
 3395.103013	 2.144988	 0.916052
 3395.102493	 2.144992	 0.920078
 3410.002506	 2.145026	 0.920578
 3409.999037	 2.145078	 0.92014
 3425.096608	 2.144850	 0.921468
 3425.091924	 2.144877	 0.914988
 3439.999365	 2.144665	 0.930225
 3439.988680	 2.144974	 0.921363
 3455.087791	 2.144793	 0.932357
 3455.071304	 2.144752	 0.90853
 3469.980899	 2.144724	 0.915408
 3469.984967	 2.144500	 0.915632
 3485.070870	 2.144619	 0.915851
 3485.067793	 2.144373	 0.919387
 3499.972050	 2.144326	 0.921646
 3499.970682	 2.144336	 0.909158
 3515.058524	 2.144156	 0.91641
 3515.058432	 2.144258	 0.915366
 3530.143736	 2.144199	 0.918807
 3530.147621	 2.144222	 0.924312
 3545.043934	 2.144087	 0.919287
 3545.050177	 2.144068	 0.911108
 3560.138756	 2.143951	 0.915577
 3560.127799	 2.144192	 0.909558
 3575.039405	 2.143833	 0.916891
 3575.049306	 2.143857	 0.933194
 3590.127718	 2.143677	 0.910434
 3590.128325	 2.143639	 0.916786
 3605.026930	 2.143755	 0.904273
 3605.035811	 2.143835	 0.918206
 3620.119220	 2.143725	 0.916007
 3620.108597	 2.143437	 0.900269
 3635.013916	 2.143336	 0.91025
 3635.012639	 2.143645	 0.91577
 3650.100475	 2.143332	 0.900063
 3650.102091	 2.143423	 0.901586
 3665.004074	 2.143298	 0.907254
 3665.003324	 2.143438	 0.900303
 3680.100257	 2.143225	 0.908821
 3680.091401	 2.143084	 0.899444
 3694.990626	 2.143258	 0.903785
 3694.992476	 2.142984	 0.90699
 3710.083653	 2.142737	 0.903013
 3710.083810	 2.142842	 0.896674
 3724.978391	 2.142737	 0.889152
 3724.984503	 2.142910	 0.897396
 3740.075550	 2.142663	 0.897865
 3740.071366	 2.142749	 0.899433
 3740.065767	 2.142816	 0.897891
 3755.153537	 2.142678	 0.897623
 3770.057310	 2.142483	 0.893364
 3770.055587	 2.142653	 0.885435
 3785.145762	 2.142395	 0.88718
 3785.143450	 2.142360	 0.892036
 3800.028152	 2.142255	 0.875784
 3800.052911	 2.142204	 0.892681
 3815.132864	 2.142243	 0.876984
 3815.136600	 2.142170	 0.875304
 3830.045316	 2.142056	 0.888624
 3830.034974	 2.141813	 0.886338
 3845.121880	 2.141675	 0.877203
 3845.111611	 2.141867	 0.867871
 3860.032557	 2.141745	 0.877998
 3860.021600	 2.141851	 0.882556
 3875.112897	 2.141720	 0.870076
 3875.110526	 2.141693	 0.867499
 3890.009417	 2.141597	 0.86603
 3890.011833	 2.141577	 0.865286
 3905.100629	 2.141446	 0.864575
 3905.102464	 2.141569	 0.871663
 3920.002722	 2.141504	 0.862081
 3919.998510	 2.141321	 0.856234
 3935.095450	 2.141219	 0.867737
 3935.089023	 2.141327	 0.86541
 3949.999262	 2.141038	 0.867715
 3949.988729	 2.140940	 0.852876
 3965.082862	 2.141041	 0.859418
 3965.070784	 2.140908	 0.850427
 3979.983358	 2.140788	 0.858826
 3979.974195	 2.140816	 0.847584
 3995.069291	 2.140548	 0.854239
 3995.075270	 2.140585	 0.830212
 4010.160501	 2.140358	 0.84831
 4010.164429	 2.140629	 0.858189
 4025.057610	 2.140265	 0.838652
 4025.063618	 2.140275	 0.832899
 4040.158860	 2.140064	 0.841918
 4040.142135	 2.140153	 0.828835
 4055.047592	 2.139936	 0.829755
 4055.043696	 2.140054	 0.829488
 4070.138896	 2.139847	 0.82779
 4070.134583	 2.139955	 0.826455
 4085.034949	 2.139839	 0.810767
 4100.122995	 2.139653	 0.812942
 4100.126154	 2.139773	 0.808436
 4115.029669	 2.139581	 0.816938
 4115.029056	 2.139341	 0.814855
 4130.118856	 2.139192	 0.813161
 4130.114517	 2.139198	 0.813709
 4145.018514	 2.139101	 0.810218
 4145.018859	 2.139216	 0.809208
 4160.096349	 2.139118	 0.79267
 4160.107667	 2.139079	 0.803345
 4175.001279	 2.139023	 0.790874
 4175.010073	 2.138903	 0.801039
 4190.085569	 2.138739	 0.780555
 4190.079444	 2.138603	 0.781844
 4204.993095	 2.138529	 0.787772
 4204.994880	 2.138555	 0.778849
 4220.073035	 2.138453	 0.776119
 4220.078266	 2.138568	 0.772585
 4234.979444	 2.138411	 0.769095
 4234.983188	 2.138193	 0.770185
 4250.065204	 2.138065	 0.770218
 4250.069123	 2.138121	 0.76418
 4265.161575	 2.137812	 0.761078
 4265.155631	 2.138066	 0.759799
 4280.062147	 2.137662	 0.761646
 4280.059692	 2.137816	 0.750601
 4295.151296	 2.137519	 0.748463
 4295.146073	 2.137418	 0.748943
 4310.049450	 2.137630	 0.744296
 4310.046363	 2.137430	 0.747979
 4325.136537	 2.137320	 0.7333
 4325.137043	 2.137144	 0.743737
 4340.035379	 2.136923	 0.716989
 4340.041863	 2.137104	 0.729064
 4355.128343	 2.136743	 0.718177
 4370.025124	 2.136785	 0.710546
 4370.031719	 2.136635	 0.722364
 4385.100818	 2.136492	 0.691773
 4385.115984	 2.136266	 0.693981
 4400.013358	 2.136342	 0.699781
 4400.022845	 2.136337	 0.703605
 4415.109694	 2.135986	 0.697797
 4415.102941	 2.136183	 0.683614
 4430.006044	 2.136052	 0.685027
 4430.008050	 2.135989	 0.685199
 4445.097021	 2.135519	 0.682781
 4445.090253	 2.135608	 0.682402
 4460.002180	 2.135497	 0.673125
 4459.990530	 2.135570	 0.664841
 4475.086166	 2.135230	 0.675248
 4475.087101	 2.135436	 0.665138
 4490.170718	 2.135193	 0.653646
 4490.168007	 2.135114	 0.653982
 4505.073892	 2.134895	 0.648085
 4505.073661	 2.134901	 0.646921
 4520.165171	 2.134618	 0.639778
 4520.155538	 2.134818	 0.632529
 4535.066562	 2.134615	 0.630819
 4535.056238	 2.134518	 0.62364
 4550.147719	 2.134401	 0.621545
 4565.051399	 2.134057	 0.605853
 4565.049350	 2.133973	 0.610988
 4580.134791	 2.133812	 0.600134
 4580.137541	 2.133727	 0.603111
 4595.037675	 2.133611	 0.589638
 4595.034332	 2.133655	 0.595226
 4610.130268	 2.133360	 0.575172
 4610.131186	 2.133361	 0.580662
 4625.018870	 2.133233	 0.562673
 4625.026891	 2.133082	 0.562012
 4640.120784	 2.132860	 0.555851
 4640.114176	 2.132861	 0.551738
 4655.015104	 2.132627	 0.554211
 4655.019240	 2.132578	 0.551192
 4670.113634	 2.132372	 0.54422
 4670.097979	 2.132358	 0.531534
 4685.007704	 2.132153	 0.519153
 4685.003380	 2.132171	 0.524088
 4700.089370	 2.132022	 0.512038
 4700.092819	 2.132081	 0.511423
 4715.002124	 2.131826	 0.508976
 4714.992255	 2.131846	 0.497657
 4730.080256	 2.131562	 0.491775
 4730.088959	 2.131472	 0.49982
 4745.169848	 2.131145	 0.484055
 4745.161287	 2.131066	 0.482548
 4760.070455	 2.130919	 0.478795
 4760.073904	 2.131049	 0.466064
 4775.161811	 2.130811	 0.474462
 4775.168837	 2.130638	 0.476443
 4790.063078	 2.130382	 0.459737
 4805.151583	 2.130106	 0.434469
 4805.146949	 2.130298	 0.432734
 4820.042637	 2.129886	 0.41706
 4820.046064	 2.129880	 0.424703
 4835.136965	 2.129610	 0.409233
 4835.141399	 2.129498	 0.409493
 4850.039588	 2.129354	 0.389438
 4850.042703	 2.129362	 0.402635
 4865.129676	 2.128967	 0.382518
 4865.124390	 2.129145	 0.380363
 4880.026129	 2.128820	 0.366489
 4880.026585	 2.128790	 0.366805
 4895.118440	 2.128388	 0.36036
 4895.113243	 2.128531	 0.35338
 4910.018647	 2.128131	 0.340069
 4925.107857	 2.127822	 0.331303
 4925.115232	 2.127946	 0.342173
 4940.002808	 2.127511	 0.305031
 4940.013422	 2.127592	 0.314204
 4955.093393	 2.127259	 0.2991
 4955.093890	 2.127260	 0.296474
 4969.999284	 2.126928	 0.285293
 4970.000565	 2.127179	 0.294558
 4985.080127	 2.126681	 0.259287
 4985.085102	 2.126460	 0.270854
 5000.162696	 2.126220	 0.256793
 5000.158275	 2.126109	 0.238579
 5015.070248	 2.125981	 0.232472
 5015.069462	 2.125929	 0.235293
 5030.160471	 2.125707	 0.217794
 5030.162178	 2.125540	 0.231376
 5045.062235	 2.125176	 0.205188
 5045.060036	 2.125221	 0.21668
 5060.137309	 2.124925	 0.181966
 5060.148855	 2.124868	 0.180131
 5075.048658	 2.124627	 0.164481
 5090.132939	 2.124101	 0.150964
 5090.140040	 2.124162	 0.161846
 5105.034415	 2.123647	 0.132142
 5105.040077	 2.123763	 0.138741
 5120.128923	 2.123444	 0.125788
 5120.125645	 2.123443	 0.111117
 5135.021390	 2.123165	 0.099742
 5135.025877	 2.123065	 0.093656
 5150.110686	 2.122735	 0.082287
 5150.113119	 2.122720	 0.074953
 5165.008232	 2.122453	 0.061357
 5165.015304	 2.122327	 0.056773
 5180.101347	 2.121927	 0.036566
 5180.111467	 2.121830	 0.051766
 5195.010022	 2.121550	 0.026494
 5195.011028	 2.121606	 0.029743
 5210.096894	 2.120981	 0.004567
 5210.090717	 2.121174	 0.001625
 5225.174655	 2.120913	 -0.028676
 5225.189848	 2.120716	 -0.007711
 5240.085408	 2.120400	 -0.033862
 5255.176032	 2.119783	 -0.042333
 5255.190077	 2.119857	 -0.03014
 5270.080240	 2.119555	 -0.073412
 5270.082955	 2.119382	 -0.061264
 5285.158598	 2.119121	 -0.103936
 5285.165355	 2.119116	 -0.099451
 5300.062479	 2.118507	 -0.123094
 5300.058641	 2.118552	 -0.118553
 5315.145104	 2.118118	 -0.15434
 5315.146652	 2.118235	 -0.145657
 5330.047017	 2.117830	 -0.169434
 5330.054295	 2.117740	 -0.170381
 5345.135061	 2.117004	 -0.191982
 5345.135488	 2.117054	 -0.199184
 5360.037733	 2.116368	 -0.218679
 5360.035305	 2.116518	 -0.231643
 5375.127140	 2.116264	 -0.232243
 5390.021271	 2.115677	 -0.271864
 5390.034748	 2.115562	 -0.259524
 5405.108041	 2.114994	 -0.279676
 5405.111890	 2.115123	 -0.288817
 5420.015471	 2.114707	 -0.320591
 5420.014791	 2.114606	 -0.330791
 5435.107310	 2.114017	 -0.339309
 5435.105872	 2.113948	 -0.34031
 5450.004591	 2.113432	 -0.36944
 5450.008485	 2.113450	 -0.368698
 5465.092583	 2.112856	 -0.389706
 5465.084979	 2.113026	 -0.398646
 5480.191964	 2.112271	 -0.414881
 5480.185599	 2.112415	 -0.41869
 5495.081498	 2.111888	 -0.448159
 5510.173907	 2.111438	 -0.462782
 5510.176213	 2.111308	 -0.462205
 5525.066868	 2.110663	 -0.507361
 5525.074250	 2.110803	 -0.504543
 5540.161885	 2.110099	 -0.527047
 5540.163949	 2.110139	 -0.527935
 5555.061517	 2.109562	 -0.570102
 5555.063526	 2.109510	 -0.548685
 5570.154448	 2.108772	 -0.587187
 5570.161682	 2.108952	 -0.578896
 5585.053715	 2.108240	 -0.615421
 5600.134413	 2.107530	 -0.654849
 5600.137682	 2.107468	 -0.655135
 5615.039205	 2.107061	 -0.685658
 5615.043133	 2.107031	 -0.682398
 5630.129826	 2.106200	 -0.711229
 5630.131899	 2.106149	 -0.714827
 5645.027734	 2.105446	 -0.75752
 5645.025034	 2.105468	 -0.746587
 5660.122374	 2.104733	 -0.772271
 5660.116743	 2.104849	 -0.783443
 5675.016870	 2.103972	 -0.816406
 5675.028183	 2.104167	 -0.801918
 5690.102092	 2.103324	 -0.84773
 5705.011631	 2.102545	 -0.871237
 5705.007917	 2.102748	 -0.881922
 5720.094415	 2.101881	 -0.918369
 5720.097113	 2.101875	 -0.913453
 5735.190442	 2.100974	 -0.945282
 5735.187257	 2.100813	 -0.949443
 5750.089468	 2.100176	 -0.984859
 5750.084647	 2.100218	 -0.987864
 5765.180828	 2.099521	 -1.026229
 5765.180082	 2.099248	 -1.023114
 5780.083895	 2.098731	 -1.061464
 5795.161764	 2.097850	 -1.108205
 5795.151853	 2.097899	 -1.107927
 5810.062730	 2.096913	 -1.152498
 5810.053527	 2.096967	 -1.146691
 5825.158751	 2.096069	 -1.174797
 5825.152245	 2.095960	 -1.171981
 5840.055839	 2.095065	 -1.21208
 5840.053791	 2.095057	 -1.218323
 5855.137403	 2.094274	 -1.264452
 5855.134325	 2.094276	 -1.256805
 5870.049415	 2.093508	 -1.303317
 5870.039616	 2.093392	 -1.308833
 5885.142301	 2.092333	 -1.33044
 5900.028832	 2.091360	 -1.391712
 5900.024131	 2.091292	 -1.400277
 5915.116800	 2.090286	 -1.439181
 5915.114022	 2.090211	 -1.444106
 5930.024719	 2.089244	 -1.478544
 5930.023644	 2.089335	 -1.478362
 5945.113182	 2.088295	 -1.521544
 5945.112261	 2.088283	 -1.521297
 5960.192464	 2.087112	 -1.569263
 5975.089316	 2.086089	 -1.629716
 5975.098782	 2.086147	 -1.6034
 5990.178423	 2.084830	 -1.674927
 5990.180778	 2.084988	 -1.667209
 6005.087904	 2.083867	 -1.710126
 6005.094501	 2.083809	 -1.706744
 6020.169788	 2.082785	 -1.771902
 6020.170387	 2.082735	 -1.774727
 6035.074779	 2.081521	 -1.814541
 6039.217897	 2.079912	 -1.796127
 6050.163564	 2.079967	 -1.868257
 6065.057500	 2.078910	 -1.923845
 6065.063933	 2.078803	 -1.918677
 6080.144319	 2.077465	 -1.989959
 6080.153578	 2.077560	 -1.981828
 6095.057074	 2.076044	 -2.018531
 6095.051720	 2.076107	 -2.029272
 6110.141568	 2.074731	 -2.083249
 6110.141748	 2.074666	 -2.084116
 6125.047592	 2.073224	 -2.147153
 6140.130044	 2.072016	 -2.194244
 6140.128536	 2.071798	 -2.196927
 6155.031903	 2.070361	 -2.262755
 6155.033945	 2.070357	 -2.253645
 6170.119984	 2.068891	 -2.307761
 6170.119120	 2.068948	 357.677016
 6185.024140	 2.067397	 -2.361272
 6185.023507	 2.067332	 -2.381262
 6200.101705	 2.065811	 -2.436956
 6215.200560	 2.064237	 -2.497659
 6215.204751	 2.064078	 -2.489808
 6230.108638	 2.062494	 -2.561904
 6230.095100	 2.062436	 -2.568332
 6245.190793	 2.060769	 -2.630543
 6245.187712	 2.060781	 -2.625349
 6260.082506	 2.059153	 -2.700405
 6260.079117	 2.059101	 -2.697725
 6275.170116	 2.057104	 -2.761424
 6290.081924	 2.055329	 -2.822062
 6290.074080	 2.055167	 -2.826422
 6305.163749	 2.053442	 -2.893833
 6305.166000	 2.053498	 -2.889489
 6320.064958	 2.051354	 -2.960735
 6320.068092	 2.051449	 -2.960655
 6335.158179	 2.049228	 -3.033458
 6336.598752	 2.049359	 -3.005604
 6350.050270	 2.047121	 -3.112768
 6365.140613	 2.044955	 -3.191603
 6365.139108	 2.044811	 -3.195085
 6380.042019	 2.042939	 -3.268616
 6380.045674	 2.042727	 -3.248862
 6395.131090	 2.040680	 -3.324655
 6410.030925	 2.038300	 -3.417226
 6410.037412	 2.038324	 -3.420094
 6425.122982	 2.035861	 -3.493422
 6425.124219	 2.035700	 -3.504416
 6440.024211	 2.033382	 -3.57027
 6440.024059	 2.033418	 -3.568716
 6455.109739	 2.030814	 -3.658947
 6455.106500	 2.030652	 -3.663414
 6470.193236	 2.028053	 -3.753593
 6470.197439	 2.028062	 -3.734566
 6485.101280	 2.025258	 -3.822567
 6500.183415	 2.022465	 -3.913754
 6500.178162	 2.022515	 -3.925575
 6515.089291	 2.019634	 -3.995569
 6515.084308	 2.019646	 -4.004354
 6530.178781	 2.016472	 -4.095613
 6530.175880	 2.016601	 -4.089504
 6545.079790	 2.013564	 -4.186758
 6545.070965	 2.013388	 -4.179109
 6560.168979	 2.010271	 -4.267416
 6575.058640	 2.007006	 -4.364163
 6575.060655	 2.006845	 -4.379893
 6590.157911	 2.003486	 -4.459328
 6590.170236	 2.003578	 -4.457046
 6605.063788	 1.999972	 -4.556979
 6605.064500	 2.000041	 -4.555805
 6620.141804	 1.996459	 -4.661992
 6620.142145	 1.996205	 -4.664798
 6635.041079	 1.992472	 -4.763908
 6650.138647	 1.988704	 -4.852721
 6650.131456	 1.988683	 -4.868232
 6665.030015	 1.984604	 -4.969501
 6665.033491	 1.984487	 -4.959636
 6680.129389	 1.980605	 -5.052425
 6680.119837	 1.980426	 -5.069993
 6695.209982	 1.976412	 -5.176116
 6710.111927	 1.971889	 -5.285887
 6710.100098	 1.971677	 -5.294477
 6725.192702	 1.967132	 -5.386606
 6725.190344	 1.967173	 -5.394516
 6740.101264	 1.962419	 -5.493972
 6740.096866	 1.962171	 -5.502139
 6755.185762	 1.957392	 -5.615399
 6755.186776	 1.957345	 -5.611807
 6770.089048	 1.952231	 -5.715972
 6785.173632	 1.947120	 -5.824665
 6785.177542	 1.946952	 -5.832058
 6800.083764	 1.941562	 -5.94133
 6800.072956	 1.941414	 -5.952054
 6815.167310	 1.935650	 -6.063604
 6815.165295	 1.935523	 -6.065106
 6830.074651	 1.929766	 -6.170195
 6845.159495	 1.923599	 -6.285131
 6845.157644	 1.923467	 -6.284955
 6860.052808	 1.917551	 -6.413544
 6860.055633	 1.917198	 -6.408945
 6875.142238	 1.910638	 -6.523348
 6875.147306	 1.910604	 -6.532362
 6890.045722	 1.903798	 -6.652673
 6905.137015	 1.896813	 -6.755892
 6905.129698	 1.896446	 -6.764806
 6920.032613	 1.889188	 -6.878644
 6920.039125	 1.889129	 -6.873626
 6935.121162	 1.881472	 -6.992658
 6935.122073	 1.881363	 -6.985326
 6950.205625	 1.873493	 -7.114538
 6965.102776	 1.865587	 -7.216955
 6965.105621	 1.865363	 -7.213898
 6980.189291	 1.856801	 -7.333905
 6980.194451	 1.856519	 -7.34385
 6995.096174	 1.847939	 -7.432182
 6995.090150	 1.847637	 -7.439061
 7010.191355	 1.838498	 -7.544128
 7025.086891	 1.829228	 -7.636095
 7025.088981	 1.828801	 -7.653033
 7040.169460	 1.819073	 -7.740765
 7040.172256	 1.818730	 -7.749291
 7055.080824	 1.808846	 -7.824012
 7055.068728	 1.808395	 -7.836062
 7070.160838	 1.797768	 -7.914666
 7085.067118	 1.787303	 -7.996135
 7085.073155	 1.786695	 -7.989919
 7100.155472	 1.775378	 -8.057977
 7100.161689	 1.775199	 -8.051103
 7115.053126	 1.763595	 -8.129889
 7115.049281	 1.763132	 -8.131517
 7130.146777	 1.751124	 -8.169117
 7145.051221	 1.739166	 -8.19292
 7145.054184	 1.738535	 -8.213613
 7160.132897	 1.725416	 -8.24697
 7160.134748	 1.725099	 -8.243529
 7175.030930	 1.711957	 -8.262185
 7175.035298	 1.711455	 -8.259404
 7190.112719	 1.697909	 -8.267286
 7203.449199	 1.687394	 -8.004511
 7205.212012	 1.683526	 -8.246122
 7220.109518	 1.669383	 -8.197646
 7220.106413	 1.668943	 -8.194539
 7235.202716	 1.654257	 -8.139704
 7235.197517	 1.653534	 -8.132135
 7250.104868	 1.638584	 -8.046946
 7250.099375	 1.638332	 -8.05214
 7265.181294	 1.622855	 -7.949502
 7280.089365	 1.607414	 -7.814717
 7280.082803	 1.606805	 352.186479
 7295.178847	 1.590898	 -7.635212
 7295.182934	 1.590426	 -7.623874
 7310.075478	 1.574337	 -7.448658
 7310.076716	 1.574058	 -7.437091
 7325.167798	 1.557589	 -7.204029
 7340.061928	 1.541466	 -6.960069
 7340.070323	 1.541073	 -6.932563
 7355.149678	 1.524428	 -6.630785
 7355.156700	 1.523980	 -6.622983
 7370.052807	 1.507870	 -6.274954
 7370.059171	 1.507367	 -6.256219
 7385.137682	 1.490816	 -5.879354
 7400.052603	 1.475018	 -5.434405
 7400.053444	 1.474485	 -5.404759
 7415.124219	 1.458569	 -4.948338
 7415.123212	 1.458280	 -4.935459
 7430.223008	 1.442715	 -4.391641
 7445.118822	 1.427831	 -3.821997
 7445.116826	 1.427485	 -3.807544
 7460.201922	 1.412801	 -3.182679
 7460.211094	 1.412664	 -3.172079
 7475.120232	 1.398845	 -2.481605
 7475.113423	 1.398538	 -2.482847
 7490.191824	 1.385384	 -1.764089
 7505.100425	 1.373383	 -0.985272
 7505.101559	 1.373209	 -0.952543
 7520.185301	 1.361949	 -0.145351
 7520.187412	 1.361668	 -0.123028
 7535.089514	 1.351658	 0.73211
 7535.086455	 1.351509	 0.762078
 7550.168173	 1.342508	 1.652679
 7565.081924	 1.334447	 2.590348
 7565.079076	 1.334526	 2.605517
 7580.167408	 1.327958	 3.570391
 7580.167863	 1.328000	 3.587605
 7595.060002	 1.322758	 4.526446
 7595.061895	 1.323003	 4.546642
 7610.157955	 1.318894	 5.57552
 7625.061323	 1.316556	 6.585551
 7625.061671	 1.316550	 6.586032
 7640.140753	 1.315592	 7.587438
 7640.142304	 1.315445	 7.607493
 7655.050763	 1.315959	 8.60029
 7655.046222	 1.315862	 8.611989
 7670.132754	 1.317507	 9.606417
 7685.215521	 1.320554	 10.603142
 7685.232243	 1.320702	 10.634784
 7700.112059	 1.325056	 11.547763
 7700.135686	 1.324969	 11.599505
 7715.205244	 1.330611	 12.515397
 7715.903250	 1.331120	 12.309833
 7730.109522	 1.337277	 13.417147
 7745.199886	 1.345304	 14.303113
 7745.197804	 1.345199	 14.29681
 7760.104266	 1.354028	 15.137753
 7760.099335	 1.353995	 15.118695
 7775.192877	 1.363804	 15.924705
 7790.089372	 1.374360	 16.695794
 7790.085304	 1.374357	 16.668687
 7805.168174	 1.385481	 17.39148
 7805.177716	 1.385477	 17.40395
 7820.067205	 1.397648	 18.036896
 7820.073892	 1.397212	 18.043033
 7835.169240	 1.409789	 -341.306705
 7850.065001	 1.422955	 19.2733
 7850.066875	 1.422802	 19.265624
 7865.156407	 1.436218	 19.812844
 7865.153488	 1.436194	 19.808956
 7880.057066	 1.449709	 20.301167
 7895.142551	 1.464105	 20.76436
 7895.141706	 1.463573	 20.747698
 7910.043908	 1.477649	 21.179062
 7910.052811	 1.477440	 21.174114
 7925.134967	 1.491627	 21.572571
 7940.218963	 1.506408	 21.922698
 7940.211308	 1.505826	 21.895401
 7955.120072	 1.520296	 22.216059
 7955.128621	 1.520019	 22.213838
 7970.212637	 1.534402	 22.49108
 7970.202249	 1.534177	 22.481519
 7985.105701	 1.548375	 22.757368
 8000.208255	 1.562466	 22.979202
 8000.203278	 1.562371	 22.962963
 8015.098351	 1.576254	 23.137546
 8015.097593	 1.575751	 23.162092
 8030.191560	 1.589722	 23.342081
 8045.085445	 1.603477	 -336.527084
 8045.087888	 1.603082	 23.47177
 8060.173515	 1.616773	 23.603487
 8060.182357	 1.616426	 -336.393243
 8075.078216	 1.629491	 23.71771
 8075.083131	 1.629204	 23.713326
 8090.173559	 1.642248	 23.797972
 8105.075242	 1.654949	 23.866962
 8105.066175	 1.654409	 23.886957
 8120.161315	 1.667184	 23.936716
 8120.151153	 1.666834	 23.915346
 8135.062183	 1.678955	 -336.03046
 8150.138123	 1.690968	 23.983025
 8150.138110	 1.690712	 23.986069
 8165.231741	 1.702419	 24.006178
 8165.226377	 1.702300	 24.003439
 8180.127871	 1.713689	 24.014867
 8195.218456	 1.724757	 24.014143
 8195.215965	 1.724353	 24.002524
 8210.117461	 1.735273	 23.98214
 8210.121675	 1.735015	 23.996936
 8225.221896	 1.745524	 23.991075
 8240.113294	 1.755793	 23.92737
 8240.118746	 1.755363	 23.947934
 8255.204907	 1.765436	 23.909344
 8255.197230	 1.765237	 -336.092234
 8270.104605	 1.774897	 23.863053
 8285.187569	 1.784609	 23.811675
 8285.184380	 1.784133	 23.789146
 8300.092604	 1.793335	 23.760837
 8300.093647	 1.793041	 -336.233988
 8315.179808	 1.801875	 23.69542
 8330.085204	 1.810712	 23.637636
 8330.076487	 1.810375	 -336.351704
 8345.160502	 1.819057	 23.544143
 8345.172885	 1.818739	 23.573415
 8360.067787	 1.827167	 23.502145
 8375.159986	 1.835167	 23.411319
 8375.150500	 1.834518	 23.413606
 8390.057074	 1.842581	 23.337788
 8390.054908	 1.842582	 23.341063
 8405.146578	 1.850053	 23.25446
 8420.235705	 1.857555	 23.180388
 8420.243204	 1.857365	 23.192287
 8435.136005	 1.864378	 23.083449
 8435.133153	 1.864115	 23.09204
 8450.215739	 1.871150	 23.013079
 8465.123978	 1.877944	 22.919491
 8465.127700	 1.877630	 22.9304
 8480.207526	 1.884477	 22.816865
 8480.212726	 1.884098	 -337.165222
 8495.110645	 1.890479	 22.741446
 8510.204954	 1.896828	 22.645614
 8510.205776	 1.896566	 22.649734
 8525.095685	 1.902558	 22.549893
 8525.107252	 1.902360	 -337.421816
 8540.192563	 1.908395	 22.469178
 8555.090753	 1.914118	 22.37533
 8555.087786	 1.913833	 22.359476
 8570.184013	 1.919360	 22.28313
 8570.191403	 1.918964	 22.280999
 8585.083367	 1.924377	 22.197128
 8600.170783	 1.929764	 22.102081
 8600.174659	 1.929571	 22.115099
 8615.071802	 1.934734	 22.02109
 8630.153141	 1.939646	 21.905315
 8630.166029	 1.939475	 21.92297
 8645.056825	 1.944236	 21.835546
 8645.062297	 1.944015	 21.841453
 8660.144923	 1.948654	 21.740107
 8675.238224	 1.953295	 21.644855
 8675.237771	 1.953157	 21.64615
 8690.129546	 1.957270	 21.556987
 8690.125400	 1.957356	 21.553846
 8705.220202	 1.961698	 21.464222
 8720.138920	 1.965854	 21.393946
 8720.115156	 1.965537	 -338.637208
 8735.214989	 1.969822	 21.291806
 8735.206680	 1.969737	 21.292343
 8750.116780	 1.973491	 21.205904
 8765.198032	 1.977415	 21.12643
 8765.198877	 1.977222	 21.115701
 8780.099010	 1.980990	 -338.975254
 8795.193786	 1.984710	 20.942213
 8795.195305	 1.984458	 20.955127
 8810.098975	 1.988089	 20.86969
 8810.096060	 1.987825	 20.876442
 8825.188925	 1.991306	 20.787251
 8840.079504	 1.994683	 20.697073
 8840.086847	 1.994348	 20.70472
 8855.173635	 1.997585	 20.619301
 8870.077333	 2.001031	 20.528993
 8870.064439	 2.000967	 20.532755
 8885.152680	 2.004034	 20.436787
 8885.165142	 2.003881	 20.463179
 8900.248022	 2.006729	 20.378084
 8915.143923	 2.009854	 20.29796
 8915.145011	 2.009607	 20.298556
 8930.236808	 2.012525	 20.230162
 8930.929815	 2.013183	 -339.741349
 8945.132030	 2.015270	 20.136678
 8960.220328	 2.017993	 20.074046
 8960.228214	 2.017989	 20.07719
 8975.127951	 2.020593	 20.001106
 8990.214626	 2.023007	 19.91746
 8990.202130	 2.023087	 19.924239
 9005.107007	 2.025365	 19.842078
 9020.190133	 2.028149	 19.765536
 9020.198764	 2.027785	 19.766292
 9035.105565	 2.030296	 19.706095
 9035.104276	 2.030318	 19.702091
 9050.191031	 2.032819	 19.638216
 9065.094011	 2.034779	 19.569172
 9065.091152	 2.034740	 19.572808
 9080.189662	 2.037177	 19.501226
 9095.075353	 2.039211	 19.413762
 9095.086310	 2.039092	 19.442792
 9110.167232	 2.041182	 19.35755
 9110.171479	 2.041058	 19.360689
 9125.070061	 2.043208	 19.306733
 9140.154222	 2.045222	 19.228249
 9140.166044	 2.045208	 19.226529
 9155.250150	 2.047032	 19.174001
 9170.156806	 2.048940	 19.117781
 9170.139202	 2.048950	 19.110635
 9185.235775	 2.050818	 19.040826
 9185.233513	 2.050916	 19.051634
 9200.145236	 2.052721	 18.999832
 9215.225953	 2.054361	 18.930052
 9215.221774	 2.054489	 18.918645
 9230.131060	 2.056094	 18.861166
 9245.215982	 2.057669	 18.812906
 9245.217723	 2.057705	 18.804592
 9260.113943	 2.059201	 -341.251712
 9275.207806	 2.060909	 18.688624
 9275.203320	 2.060992	 18.694656
 9290.107395	 2.062533	 18.636895
 9290.102032	 2.062615	 18.642017
 9305.193068	 2.064085	 18.58522
 9320.094064	 2.065346	 18.522613
 9320.095503	 2.065346	 18.52672
 9335.176221	 2.066923	 18.463083
 9350.084604	 2.068413	 18.409164
 9350.083810	 2.068219	 18.417402
 9365.165117	 2.069636	 18.361038
 9380.069501	 2.070994	 18.308891
 9380.078478	 2.071015	 18.320258
 9395.163294	 2.072540	 18.263196
 9410.244286	 2.073874	 18.1996
 9410.247849	 2.073589	 -341.804924
 9425.158150	 2.074992	 18.158381
 9440.229001	 2.076270	 18.098024
 9440.230486	 2.076230	 18.101431
 9455.139455	 2.077298	 18.066483
 9455.142578	 2.077240	 18.076778
 9470.220199	 2.078650	 18.006087
 9485.128423	 2.079810	 17.968797
 9485.126159	 2.079956	 17.972785
 9500.216680	 2.080882	 17.920448
 9515.111696	 2.082137	 17.878864
 9515.108775	 2.081980	 17.875167
 9530.202752	 2.083164	 17.839227
 9545.110211	 2.084213	 17.789852
 9545.102115	 2.084137	 17.789786
 9560.188955	 2.085441	 17.744806
 9575.100842	 2.086303	 17.710262
 9575.103483	 2.086163	 17.716974
 9590.182868	 2.087158	 17.677927
 9590.186156	 2.087071	 17.685527
 9605.084366	 2.088252	 17.618128
 9620.172219	 2.089143	 17.585915
 9620.173147	 2.089277	 17.585717
 9635.261506	 2.090159	 17.550338
 9650.166723	 2.091035	 17.513258
 9650.160222	 2.091141	 17.499341
 9665.248445	 2.091960	 17.464943
 9680.141043	 2.092862	 17.414602
 9680.143482	 2.092921	 17.41711
 9695.236390	 2.093814	 17.390072
 9710.132012	 2.094578	 17.333986
 9710.143862	 2.094465	 17.36085
 9725.230870	 2.095306	 17.318438
 9740.126246	 2.096189	 17.273206
 9740.135859	 2.096277	 -342.707881
 9755.218716	 2.096974	 17.243018
 9770.115327	 2.097833	 17.20714
 9770.118683	 2.097713	 17.210484
 9785.204803	 2.098484	 17.169312
 9785.208708	 2.098679	 -342.81709
 9800.102676	 2.099375	 17.134216
 9815.183336	 2.100240	 -342.891537
 9815.192803	 2.099919	 17.113923
 9830.090762	 2.100835	 17.076921
 9845.178638	 2.101710	 17.04079
 9845.182082	 2.101538	 17.051028
 9860.084981	 2.102343	 17.013658
 9875.173846	 2.103020	 16.978495
 9875.175357	 2.103087	 16.979318
 9890.262960	 2.103711	 16.948315
 9905.160628	 2.104158	 16.912773
 9905.163143	 2.104074	 16.920503
 9920.243035	 2.104831	 16.878108
 9935.149840	 2.105541	 -343.142319
 9935.148799	 2.105499	 16.857976
 9950.242478	 2.106192	 16.830115
 9965.136892	 2.106690	 16.792211
 9965.141422	 2.106882	 16.798448
 9980.230025	 2.107281	 16.773251
 9995.128681	 2.108062	 16.745354
 9995.133114	 2.107976	 16.758484
10010.215806	 2.108487	 16.719945
10025.110591	 2.108930	 16.681154
10025.119419	 2.109250	 16.685442
10040.207291	 2.109646	 16.667794
10055.103071	 2.110368	 16.632954
10055.112867	 2.110311	 16.639239
10070.191051	 2.110778	 16.594555
10085.099762	 2.111478	 16.589971
10085.096871	 2.111361	 16.589538
10100.175705	 2.111997	 16.552831
10115.081416	 2.112360	 16.522395
10115.086184	 2.112405	 16.531219
10130.171951	 2.112776	 -343.490792
10137.782590	 2.112708	 16.535262
10145.261650	 2.113283	 16.476757
10160.161402	 2.113835	 16.461957
10160.171339	 2.113959	 16.470376
10175.246095	 2.114336	 16.427476
10190.153530	 2.115106	 16.412931
10190.151627	 2.114978	 16.410672
10205.224632	 2.115275	 16.38651
10220.139012	 2.115748	 16.374779
10220.139315	 2.115791	 -343.628566
10235.233888	 2.116265	 16.362558
10250.132252	 2.116727	 16.334828
10250.122015	 2.116684	 16.318796
10265.215971	 2.117031	 16.300787
10280.118126	 2.117472	 16.286525
10280.110834	 2.117441	 16.281079
10295.208361	 2.117998	 16.271035
10310.105782	 2.118373	 16.255292
10310.111627	 2.118235	 16.254665
10325.196838	 2.118621	 16.235551
10340.083605	 2.119178	 16.183664
10340.098534	 2.119101	 16.210877
10355.183299	 2.119592	 -343.805776
10370.271281	 2.119935	 16.168002
10370.273987	 2.119823	 16.166575
10385.170045	 2.120385	 16.142205
10400.263286	 2.120642	 16.147256
10400.259525	 2.120584	 16.135557
10415.160490	 2.121049	 16.121665
10430.247678	 2.121289	 16.099564
10430.248072	 2.121324	 16.100235
10445.150209	 2.121955	 16.079953
10460.235695	 2.122109	 16.059182
10460.235849	 2.122077	 16.057585
10475.142593	 2.122421	 16.048652
10475.139611	 2.122515	 16.040301
10490.230480	 2.122828	 16.032689
10505.132535	 2.123033	 16.010988
10505.127896	 2.123082	 16.010956
10520.224948	 2.123553	 15.997643
10535.121159	 2.123873	 15.985467
10535.111535	 2.123905	 15.985559
10550.199124	 2.123985	 15.961445
10565.101117	 2.124501	 15.949792
10565.108362	 2.124661	 15.96612
10580.195663	 2.124878	 15.939541
10595.100266	 2.125305	 15.929436
10595.104389	 2.124946	 15.936935
10610.193610	 2.125329	 15.920615
10625.269123	 2.125604	 15.892843
10625.271310	 2.125617	 15.894212
10640.178911	 2.125884	 15.893593
10655.268027	 2.126228	 15.877403
10655.265466	 2.126279	 15.873621
10670.161398	 2.126620	 15.863378
10685.240911	 2.126687	 15.833835
10685.240955	 2.126821	 15.840934
10700.151660	 2.127077	 15.830895
10715.236265	 2.127218	 15.826366
10715.232993	 2.127323	 15.808312
10730.142046	 2.127678	 -344.190712
10745.235332	 2.127885	 15.791107
10745.229265	 2.127878	 15.793543
10760.122394	 2.128231	 15.774723
10775.215971	 2.128451	 15.775619
10775.223993	 2.128415	 15.779043
10790.127509	 2.128518	 15.766863
10805.200840	 2.128953	 15.760922
10805.395539	 2.128802	 15.755669
10820.105599	 2.129076	 15.732839
10835.199290	 2.129323	 15.74801
10835.197573	 2.129514	 15.724344
10850.083052	 2.129690	 15.712248
10865.190035	 2.130129	 15.71633
10880.270815	 2.130030	 15.693357
10880.268005	 2.130095	 15.690864
10895.172128	 2.130347	 15.688794
10910.265620	 2.130694	 15.681148
10910.260067	 2.130621	 15.675456
10925.162167	 2.130923	 15.664332
10940.255761	 2.131041	 -344.341335
10940.250301	 2.130944	 15.664928
10955.148846	 2.131356	 15.651486
10970.244390	 2.131599	 15.650136
10970.241803	 2.131533	 15.646279
10985.148607	 2.131715	 15.620756
11000.231995	 2.131927	 15.626664
11000.223559	 2.132090	 15.616729
11015.140460	 2.131942	 15.625429
11030.207567	 2.132203	 15.59187
11030.216534	 2.132238	 15.606141
11045.129605	 2.132443	 15.609503
11060.206736	 2.132743	 15.58656
11060.196608	 2.132565	 15.575168
11075.098018	 2.132838	 15.566864
11090.196414	 2.133008	 15.573341
11090.204594	 2.132995	 15.595996
11105.304608	 2.133238	 15.579682
11120.192350	 2.133352	 15.575019
11120.198981	 2.133391	 15.588826
11135.271708	 2.133687	 15.557893
11150.178863	 2.133870	 15.544447
11150.175804	 2.133733	 15.540127
11165.264175	 2.134048	 -344.472289
11180.161600	 2.134023	 15.544841
11180.156823	 2.134012	 15.530685
11195.256486	 2.134321	 15.524572
11210.161248	 2.134322	 15.535694
11210.153755	 2.134518	 15.520911
11225.231110	 2.134659	 15.509438
11240.141206	 2.134982	 15.504707
11255.231662	 2.134940	 15.503543
11255.224996	 2.135164	 15.483064
11270.134411	 2.135032	 15.488096
11285.218768	 2.135354	 15.491347
11285.223972	 2.135496	 15.499037
11300.118903	 2.135489	 15.48346
11315.213640	 2.135697	 -344.516653
11315.207530	 2.135591	 15.477824
11330.111087	 2.135788	 15.475406
11345.202940	 2.136052	 15.469704
11345.187646	 2.136048	 15.447046
11360.289832	 2.135998	 15.483747
11375.175120	 2.136242	 15.451931
11377.509684	 2.136243	 15.466324
11390.263964	 2.136288	 15.442308
11405.180843	 2.136476	 15.461443
11420.266795	 2.136591	 15.455416
11420.271280	 2.136545	 -344.540746
11435.156422	 2.136652	 15.435032
11450.252045	 2.136847	 15.437504
11450.254201	 2.136898	 15.435585
11465.151982	 2.136964	 15.427946
11480.242493	 2.137202	 15.422816
11480.238811	 2.137249	 15.420085
11495.140867	 2.137273	 15.42173
11510.224921	 2.137313	 15.414134
11525.139992	 2.137644	 15.429406
11525.131877	 2.137380	 15.412411
11540.216509	 2.137624	 15.415198
11555.119242	 2.137862	 15.404296
11555.119208	 2.138090	 15.403701
11570.212591	 2.137944	 15.413955
11585.105046	 2.138184	 15.413683
11585.112241	 2.138298	 15.40642
11600.192577	 2.138198	 15.393913
11615.294626	 2.138379	 15.406084
11630.189337	 2.138555	 15.391947
11630.182932	 2.138406	 15.389542
11645.273018	 2.138721	 15.397253
11660.176776	 2.138791	 15.383407
11660.185832	 2.138870	 15.400536
11675.265474	 2.138908	 15.386663
11690.167868	 2.139063	 15.391698
11690.165733	 2.139063	 15.383368
11705.257170	 2.139084	 15.385714
11720.154165	 2.139341	 15.388342
11720.155265	 2.139209	 15.382984
11735.244990	 2.139369	 15.376201
11750.140045	 2.139558	 15.371788
11765.226582	 2.139576	 15.376822
11765.227973	 2.139581	 15.358326
11780.141754	 2.139639	 15.397871
11795.207864	 2.139772	 15.355774
11795.215923	 2.139813	 15.368838
11810.112873	 2.139987	 15.358543
11825.212310	 2.139876	 -344.627789
11825.204193	 2.139903	 15.372385
11840.290741	 2.140217	 15.361501
11855.197831	 2.140112	 15.371703
11870.286574	 2.140368	 15.368146
11870.286824	 2.140315	 -344.635648
11885.180355	 2.140345	 15.362313
11900.279963	 2.140491	 -344.632511
11900.278844	 2.140515	 15.366128
11915.179533	 2.140694	 15.378552
11930.262466	 2.140743	 15.376785
11930.260105	 2.140762	 15.361446
11945.150306	 2.140660	 15.352922
11960.255910	 2.141018	 15.36881
11975.158326	 2.140910	 15.366733
11975.154883	 2.140987	 15.359594
11990.246740	 2.141101	 15.36022
12005.149058	 2.141214	 15.373971
12005.144493	 2.141302	 -344.64234
12020.228508	 2.141321	 -344.63735
12035.123167	 2.141332	 15.355092
12050.220902	 2.141481	 15.359597
12050.222013	 2.141474	 15.366644
12065.117372	 2.141546	 15.355838
12080.211144	 2.141712	 15.359091
12080.207746	 2.141698	 15.36183
12095.291388	 2.141686	 15.342975
12110.193811	 2.141749	 15.365208
12121.782932	 2.140901	 15.36221
12125.293056	 2.141910	 15.368075
12140.186460	 2.141907	 15.371484
12155.281770	 2.142022	 15.373959
12155.284282	 2.142140	 15.38065
12170.173495	 2.141950	 15.355873
12185.261735	 2.142277	 15.366772
12185.264879	 2.142225	 15.368742
12200.166952	 2.142088	 15.373725
12215.255490	 2.142332	 15.367264
12230.163191	 2.142364	 15.367568
12230.154041	 2.142250	 15.374882
12245.243719	 2.142485	 15.367873
12260.144613	 2.142591	 15.371236
12260.145298	 2.142591	 15.378645
12275.226133	 2.142645	 15.364851
12290.128230	 2.142829	 15.375499
12305.226021	 2.142754	 15.377609
12305.222890	 2.142865	 15.390945
12320.122943	 2.142826	 15.383606
12335.215877	 2.142911	 15.384485
12335.885896	 2.143328	 15.379616
12350.305066	 2.143087	 15.388535
12365.198594	 2.143096	 15.3888
12380.292601	 2.143215	 15.393837
12380.289770	 2.143206	 15.378091
12395.195147	 2.143159	 15.403212
12410.277657	 2.143328	 15.393479
12425.172366	 2.143607	 15.397576
12425.177981	 2.143435	 15.394151
12440.259682	 2.143441	 15.387831
12455.160792	 2.143458	 15.391759
12455.169890	 2.143653	 15.403636
12470.251914	 2.143552	 15.399824
12485.159914	 2.143750	 -344.590741
12500.260912	 2.143508	 15.434898
12500.218932	 2.143549	 15.394865
12515.152448	 2.143683	 15.432223
12530.230559	 2.143821	 15.395464
12545.133924	 2.143895	 15.41335
12545.134727	 2.143863	 15.414982
12560.221637	 2.143918	 15.409094
12575.303087	 2.144111	 15.402799
12575.310629	 2.143925	 15.410794
12590.205146	 2.143950	 15.421324
12605.291534	 2.143934	 15.424695
12620.200714	 2.144302	 15.424292
12620.196776	 2.144153	 15.416046
12635.284475	 2.144146	 15.428418
12650.186246	 2.144296	 15.426225
12650.187302	 2.144342	 15.435517
12665.265072	 2.144318	 15.415338
12680.177867	 2.144299	 15.432178
12695.262126	 2.144407	 15.438219
12695.263022	 2.144422	 15.441908
12710.164597	 2.144538	 15.443935
12725.259267	 2.144837	 15.456995
12740.151730	 2.144738	 15.455574
12740.157323	 2.144658	 15.448605
12755.242245	 2.144880	 15.455377
12770.142431	 2.144835	 15.471933
12770.143514	 2.144767	 15.455052
12785.230298	 2.144769	 15.457061
12800.139591	 2.144910	 15.480551
12815.218940	 2.144951	 15.471531
12815.226212	 2.144994	 15.466637
12830.317015	 2.144922	 15.483877
12845.208646	 2.145130	 15.467766
12860.296235	 2.145037	 15.468455
12860.293933	 2.145039	 15.472424
12875.202870	 2.145168	 15.494818
12890.286015	 2.145249	 15.486137
12905.183808	 2.145451	 -344.510321
12905.183586	 2.145276	 -344.504473
12920.282397	 2.145215	 15.50188
12935.186779	 2.145393	 15.503084
12935.179834	 2.145229	 15.504724
12950.264576	 2.145281	 15.502066
12965.178824	 2.145467	 15.524604
12980.254956	 2.145399	 15.510504
12980.259385	 2.145521	 15.514573
12995.156628	 2.145567	 15.513896
13010.241762	 2.145566	 15.522206
13010.239373	 2.145637	 15.527144
13025.137087	 2.145555	 15.515962
13040.232261	 2.145562	 15.520832
13055.140040	 2.145743	 15.535531
13055.134280	 2.145568	 15.533564
13070.218227	 2.145581	 15.52745
13085.309040	 2.145865	 15.543696
13100.210273	 2.145726	 -344.455932
13100.202645	 2.145849	 15.538102
13115.297409	 2.145869	 15.550521
13130.204317	 2.145882	 15.562335
13145.289007	 2.145982	 -344.431217
13145.299762	 2.146017	 15.570557
13160.185766	 2.145833	 15.553447
13175.275948	 2.146067	 15.569118
13190.174357	 2.146071	 15.576929
13190.179162	 2.145989	 15.593203
13205.267246	 2.146041	 15.587229
13220.167325	 2.146104	 15.583872
13235.264206	 2.146101	 -344.401409
13235.264547	 2.146337	 15.59253
13250.162046	 2.146113	 15.605385
13265.242047	 2.146001	 15.597325
13265.242952	 2.146190	 15.599662
13280.148213	 2.146227	 15.604119
13295.234628	 2.146301	 15.617996
13310.320779	 2.146298	 15.621451
13310.324653	 2.146316	 15.618573
13325.222555	 2.146399	 15.620105
13340.308043	 2.146428	 15.622573
13355.213597	 2.146412	 15.638457
13355.216208	 2.146597	 15.629289
13370.296373	 2.146756	 15.640793
13385.208300	 2.146568	 15.655097
13400.278662	 2.146824	 15.63737
13400.287672	 2.146700	 15.648668
13415.188203	 2.146759	 15.652616
13430.284805	 2.146716	 15.661314
13445.184720	 2.146837	 15.677105
13445.186384	 2.146899	 15.674943
13460.274681	 2.146691	 15.684044
13475.165219	 2.146709	 15.669997
13490.251792	 2.146891	 15.684512
13490.258494	 2.146818	 15.682111
13505.155797	 2.146985	 15.688222
13520.245449	 2.146827	 15.68733
13535.150287	 2.146946	 -344.28934
13550.229396	 2.147099	 -344.300042
13550.234731	 2.147037	 15.701873
13565.335760	 2.147110	 15.726181
13580.223600	 2.147058	 15.7247
13580.226445	 2.147018	 15.717187
13595.308406	 2.147121	 15.722476
13610.210462	 2.147179	 15.730508
13625.302688	 2.147067	 15.745013
13625.300122	 2.147179	 15.73401
13640.198880	 2.147137	 15.743205
13655.298093	 2.147249	 15.754068
13670.196797	 2.147190	 15.763622
13670.190477	 2.147370	 15.749287
13685.288392	 2.147368	 15.768524
13700.184307	 2.147477	 15.773071
13715.269590	 2.147250	 15.774548
13715.268244	 2.147282	 15.76991
13730.172080	 2.147552	 15.788778
13745.254835	 2.147433	 15.790159
13760.162172	 2.147525	 15.788605
13760.149977	 2.147447	 15.779964
13775.246367	 2.147600	 15.798415
            	         	 
            	         	 
            	         	 
            	         	 
            	         	 
            	         	 
            	         	 
            	         	 
            	         	 
            	         	 
            	         	 
            	         	 
            	         	 
            	         	 
            	         	 
            	         	 
            	         	 
            	         	 
            	         	 
            	         	 
            	         	 
            	         	 
            	         	 
            	         	 
            	         	 
            	         	 
            	         	 
            	         	 
            	         	 
            	         	 
            	         	 
            	         	 
            	         	 
            	         	 
            	         	 
            	         	 
            	         	 
            	         	 
            	         	 
            	         	 
            	         	 
            	         	 
            	         	 
            	         	 
            	         	 
            	         	 
            	         	 
            	         	 
            	         	 
            	         	 
            	         	 
            	         	 
            	         	 
            	         	 
            	         	 
            	         	 
            	         	 
            	         	 
            	         	 
            	         	 
            	         	 
            	         	 
            	         	 
            	         	 
            	         	 
            	         	 
            	         	 
            	         	 
            	         	 
            	         	 
            	         	 
            	         	 
            	         	 
            	         	 
            	         	 
            	         	 
            	         	 
            	         	 
            	         	 
            	         	 
            	         	 
            	         	 
            	         	 
            	         	 
            	         	 
            	         	 
            	         	 
            	         	 
            	         	 
            	         	 
            	         	 
            	         	 
            	         	 
            	         	 
            	         	 
            	         	 
            	         	 
            	         	 
