 2254.958157	 1.623201	 -2.094142
 2270.047779	 1.623277	 -2.119706
 2270.049682	 1.623137	 -2.114588
 2285.138428	 1.623044	 -2.13196
 2285.133484	 1.623148	 -2.136206
 2300.03118 	 1.622996	 -2.157507
 2300.03205 	 1.62284 	 -2.149617
 2300.03398 	 1.623133	 -2.15338
 2315.11712 	 1.622922	 -2.182934
 2315.121817	 1.622785	 -2.179359
 2330.021878	 1.622605	 -2.189103
 2330.018414	 1.622597	 -2.205651
 2345.110089	 1.622611	 -2.219131
 2345.115665	 1.622584	 -2.209524
 2360.018596	 1.622536	 -2.239333
 2360.015659	 1.622614	 -2.233
 2375.103019	 1.622423	 -2.245255
 2375.100431	 1.622511	 -2.255198
 2389.995305	 1.622225	 -2.265601
 2389.995606	 1.622345	 -2.27387
 2405.0971  	 1.622218	 -2.283534
 2405.091571	 1.622183	 -2.293561
 2419.989976	 1.622092	 -2.303478
 2419.989791	 1.622178	 -2.306809
 2435.092632	 1.621986	 -2.321823
 2435.082727	 1.62204 	 -2.313244
 2435.076204	 1.622036	 -2.338915
 2449.980378	 1.621879	 -2.350535
 2449.980921	 1.62195 	 -2.348603
 2465.068852	 1.621884	 -2.368163
 2465.06836 	 1.621778	 -2.369079
 2479.966514	 1.621802	 -2.405383
 2479.961899	 1.621642	 -2.389534
 2495.059212	 1.621629	 -2.407753
 2495.064597	 1.621583	 -2.409611
 2509.955494	 1.621525	 -2.4375
 2509.958175	 1.621596	 -2.435345
 2525.044718	 1.62127 	 -2.461938
 2525.044834	 1.621363	 -2.4497
 2525.044766	 1.621482	 -2.45052
 2540.140334	 1.621305	 -2.463503
 2540.136774	 1.621196	 -2.471032
 2555.035991	 1.621123	 -2.496077
 2555.029774	 1.62106 	 -2.500826
 2570.13121 	 1.621016	 -2.496888
 2570.125236	 1.621025	 -2.511511
 2585.019939	 1.620924	 -2.534918
 2585.031175	 1.620891	 -2.542241
 2600.113425	 1.620806	 -2.555349
 2600.109052	 1.620773	 -2.566702
 2615.015582	 1.620715	 -2.571507
 2615.009108	 1.620519	 -2.585339
 2615.009893	 1.620643	 -2.585309
 2630.10468 	 1.620494	 -2.597815
 2630.084929	 1.620517	 -2.599279
 2644.999993	 1.620405	 -2.623588
 2645.010257	 1.620265	 -2.621589
 2660.089319	 1.620223	 -2.642307
 2660.078109	 1.620191	 -2.659811
 2674.986252	 1.620045	 -2.665783
 2674.979841	 1.619988	 -2.675122
 2690.07276 	 1.620129	 -2.69104
 2690.079497	 1.619936	 -2.692776
 2704.983141	 1.619751	 -2.708885
 2704.980714	 1.619806	 -2.707463
 2720.078781	 1.619736	 -2.729643
 2720.067439	 1.619656	 -2.729758
 2734.972235	 1.619545	 -2.756911
 2734.954943	 1.619575	 -2.76916
 2750.059413	 1.619416	 -2.772126
 2750.052043	 1.619502	 -2.773023
 2764.960082	 1.619199	 -2.801471
 2764.943683	 1.619188	 -2.82021
 2764.951626	 1.619394	 -2.805937
 2780.047797	 1.619121	 -2.820899
 2780.054296	 1.61907 	 -2.824099
 2795.136776	 1.61909 	 -2.846304
 2795.144877	 1.619141	 -2.835471
 2810.038698	 1.618841	 -2.873623
 2810.037635	 1.618987	 -2.871622
 2825.132875	 1.618583	 -2.875008
 2825.121036	 1.618738	 -2.905
 2840.022595	 1.618612	 -2.922073
 2840.020381	 1.618565	 -2.922037
 2855.109997	 1.618532	 -2.947859
 2855.1084  	 1.618413	 -2.94352
 2870.012974	 1.618342	 -2.960231
 2870.006978	 1.618355	 -2.972466
 2885.104075	 1.618117	 -2.993017
 2885.100599	 1.618144	 -2.995807
 2885.096834	 1.618015	 -2.986977
 2900.005029	 1.618051	 -3.011017
 2900.012093	 1.618054	 -3.00587
 2915.083775	 1.617755	 -3.052315
 2915.084264	 1.617885	 -3.038502
 2929.986443	 1.617655	 -3.069654
 2929.997669	 1.617718	 -3.065094
 2945.08043 	 1.617656	 -3.095125
 2945.081592	 1.617507	 -3.076474
 2959.98264 	 1.617469	 -3.112691
 2959.984029	 1.617498	 -3.12246
 2975.073199	 1.617334	 -3.135743
 2975.066296	 1.617289	 -3.130358
 2989.96366 	 1.617193	 -3.165335
 2989.974566	 1.617217	 -3.158269
 2989.982437	 1.616937	 -3.140156
 3005.060694	 1.616906	 -3.1759
 3020.133294	 1.61679 	 -3.221953
 3020.150722	 1.616809	 -3.202603
 3020.148153	 1.616696	 -3.207732
 3035.057296	 1.616681	 -3.231612
 3035.037741	 1.616556	 -3.244018
 3050.13058 	 1.616646	 -3.262771
 3050.134136	 1.616402	 -3.263036
 3065.033709	 1.616361	 -3.284649
 3065.030419	 1.616373	 -3.288905
 3080.129575	 1.616182	 -3.316428
 3080.128622	 1.616234	 -3.31313
 3095.024753	 1.616078	 -3.340251
 3095.024645	 1.615828	 -3.342304
 3110.117243	 1.615832	 -3.364125
 3110.113437	 1.615792	 -3.360005
 3125.015414	 1.615533	 -3.385545
 3125.018254	 1.615556	 -3.386663
 3140.103129	 1.615423	 -3.413407
 3140.105933	 1.615407	 -3.41475
 3155.002615	 1.615291	 -3.452911
 3155.003808	 1.615237	 -3.449758
 3170.089528	 1.615028	 -3.474862
 3170.094767	 1.615064	 -3.475835
 3185.00191 	 1.61492 	 -3.476074
 3184.998482	 1.614998	 -3.511321
 3200.078033	 1.614782	 -3.528223
 3200.079065	 1.614816	 -3.534811
 3214.977733	 1.614545	 -3.564948
 3214.985307	 1.614608	 -3.552707
 3230.059503	 1.61442 	 -3.587858
 3230.063698	 1.61443 	 -3.58976
 3244.975055	 1.614131	 -3.620738
 3244.972691	 1.614111	 -3.614329
 3260.066925	 1.613965	 -3.63244
 3260.066264	 1.614028	 -3.636354
 3275.145642	 1.613794	 -3.670266
 3275.14223 	 1.61382 	 -3.672439
 3290.043704	 1.613535	 -3.704269
 3290.05174 	 1.613658	 -3.687227
 3305.13512 	 1.613317	 -3.735891
 3305.135319	 1.613198	 -3.731845
 3305.141225	 1.613469	 -3.724222
 3320.032548	 1.613224	 -3.768226
 3335.117058	 1.612985	 -3.776562
 3335.128591	 1.613077	 -3.780855
 3350.024932	 1.61284 	 -3.823016
 3350.025215	 1.612767	 -3.818482
 3365.115263	 1.612605	 -3.836131
 3365.115947	 1.612569	 -3.846313
 3365.117337	 1.612466	 -3.853793
 3380.009147	 1.612383	 -3.880592
 3380.020399	 1.612403	 -3.881612
 3395.119349	 1.612083	 -3.894418
 3395.112472	 1.612236	 -3.909107
 3410.016129	 1.611934	 -3.92669
 3410.002206	 1.611996	 -3.946896
 3425.089218	 1.611882	 -3.971055
 3425.094583	 1.611826	 -3.976048
 3439.996339	 1.611525	 -3.991669
 3439.990098	 1.611588	 -4.008699
 3455.089689	 1.611392	 -4.024808
 3455.073792	 1.611453	 -4.041471
 3469.982892	 1.611125	 -4.064403
 3469.971459	 1.611148	 -4.072882
 3485.068967	 1.610901	 -4.08955
 3485.068937	 1.611068	 -4.09619
 3499.971152	 1.610731	 -4.123066
 3499.966007	 1.610667	 -4.141895
 3515.062604	 1.610506	 -4.157887
 3515.057466	 1.610465	 -4.15609
 3530.146204	 1.610289	 -4.185028
 3530.154196	 1.610278	 -4.187977
 3545.056188	 1.610019	 -4.220421
 3545.057836	 1.610169	 -4.210853
 3560.129715	 1.609774	 -4.259885
 3560.141891	 1.609806	 -4.262711
 3575.039827	 1.60957 	 -4.298314
 3575.043302	 1.609501	 -4.285731
 3590.130256	 1.609328	 -4.315056
 3590.121648	 1.609362	 -4.338959
 3605.032279	 1.609128	 -4.354244
 3605.028719	 1.60914 	 -4.360857
 3620.103193	 1.608805	 -4.396759
 3620.128014	 1.608863	 -4.387503
 3635.019607	 1.608602	 -4.427774
 3635.015099	 1.608598	 -4.419382
 3650.093479	 1.608301	 -4.457557
 3650.110068	 1.608495	 -4.453236
 3665.004187	 1.608038	 -4.496068
 3665.009681	 1.608144	 -4.495319
 3665.001853	 1.608168	 -4.491168
 3680.099172	 1.607958	 -4.528313
 3680.080502	 1.607908	 -4.536529
 3694.993898	 1.607596	 -4.569064
 3694.999192	 1.607577	 -4.569807
 3710.08582 	 1.607401	 -4.605276
 3710.077804	 1.60743 	 -4.609708
 3724.985155	 1.606998	 -4.628674
 3724.987454	 1.607131	 -4.638574
 3740.075697	 1.606919	 -4.670972
 3740.070553	 1.606641	 -4.675002
 3755.159138	 1.606504	 -4.707548
 3755.166591	 1.606554	 -4.706288
 3770.06146 	 1.606335	 355.252481
 3770.058509	 1.606245	 -4.746792
 3785.147493	 1.606106	 -4.783328
 3785.145434	 1.606004	 -4.790305
 3800.050513	 1.605747	 -4.809471
 3800.048818	 1.605734	 -4.814488
 3815.143903	 1.605514	 -4.853333
 3815.139489	 1.605486	 -4.856823
 3830.034402	 1.605112	 -4.895004
 3830.032886	 1.605182	 -4.892367
 3845.124135	 1.604901	 -4.93552
 3845.119964	 1.604917	 -4.94342
 3860.039029	 1.604593	 355.03445
 3860.02162 	 1.604575	 -4.975671
 3875.119166	 1.604407	 -5.006598
 3875.120566	 1.604289	 -5.003457
 3890.016563	 1.604115	 -5.050398
 3890.006651	 1.604068	 -5.066752
 3905.104671	 1.603729	 -5.079992
 3905.101108	 1.603663	 -5.088613
 3920.01195 	 1.603387	 -5.12497
 3920.004302	 1.603355	 -5.135106
 3935.090511	 1.60322 	 -5.171539
 3935.093357	 1.603145	 -5.167989
 3949.994528	 1.602749	 -5.215869
 3949.997356	 1.602845	 -5.196167
 3965.084813	 1.602545	 -5.242269
 3965.079506	 1.60254 	 -5.241462
 3979.990325	 1.602143	 -5.281994
 3979.989573	 1.602156	 -5.284924
 3995.080453	 1.601844	 -5.334958
 3995.07441 	 1.601857	 -5.326255
 4010.164137	 1.601475	 -5.371621
 4010.162128	 1.601586	 -5.378978
 4025.054012	 1.601184	 -5.422935
 4025.059571	 1.601135	 -5.42297
 4040.143757	 1.600812	 -5.457349
 4040.153134	 1.600695	 -5.451399
 4055.054186	 1.600603	 -5.49796
 4055.046182	 1.6005  	 -5.512508
 4070.141635	 1.600105	 -5.538844
 4070.137752	 1.600229	 -5.549461
 4085.046107	 1.599886	 -5.58626
 4085.041229	 1.599918	 -5.579419
 4100.118532	 1.599537	 -5.643772
 4100.125175	 1.599406	 -5.634409
 4115.031179	 1.598927	 -5.672427
 4115.031639	 1.598966	 -5.672807
 4130.107037	 1.598753	 -5.728785
 4130.117011	 1.59873 	 -5.716379
 4145.009385	 1.598404	 -5.775532
 4145.013806	 1.598268	 -5.776292
 4160.102401	 1.59795 	 -5.818125
 4160.103408	 1.597888	 -5.808351
 4160.714818	 1.598335	 -5.808192
 4175.009338	 1.597648	 -5.850029
 4174.995233	 1.597736	 -5.869684
 4190.096177	 1.597244	 -5.906719
 4190.125509	 1.597338	 -5.90251
 4204.990208	 1.596868	 -5.953098
 4220.089997	 1.596535	 -5.98303
 4220.091844	 1.596591	 354.006687
 4234.979083	 1.596217	 -6.049103
 4234.98344 	 1.596052	 -6.046931
 4250.069952	 1.595876	 -6.096026
 4250.071927	 1.595711	 -6.084996
 4265.159634	 1.595305	 -6.134344
 4265.158843	 1.595374	 -6.145223
 4280.063666	 1.594827	 -6.187617
 4280.060741	 1.594919	 -6.183011
 4295.150688	 1.59445 	 -6.231996
 4295.151394	 1.594432	 -6.230558
 4310.042348	 1.594184	 -6.288492
 4310.049024	 1.594052	 -6.293318
 4325.149398	 1.593796	 -6.326619
 4325.144334	 1.593655	 -6.328031
 4340.037249	 1.593247	 -6.386929
 4340.043102	 1.593293	 -6.372083
 4355.12419 	 1.592806	 -6.440999
 4355.126523	 1.592885	 -6.43197
 4370.029273	 1.592425	 -6.479364
 4370.024155	 1.592382	 -6.489748
 4385.100591	 1.591916	 -6.565123
 4385.113549	 1.591946	 -6.538583
 4400.01474 	 1.591561	 -6.584334
 4400.022553	 1.591583	 -6.586127
 4415.096335	 1.591126	 -6.655404
 4415.104267	 1.591065	 -6.644457
 4430.018341	 1.59068 	 -6.696085
 4430.004716	 1.590512	 -6.699419
 4445.090049	 1.589992	 -6.748092
 4445.092994	 1.58998 	 -6.748716
 4459.991601	 1.589624	 -6.801821
 4459.989281	 1.589672	 -6.808441
 4475.090609	 1.589113	 -6.852908
 4475.084438	 1.589029	 -6.852302
 4490.176878	 1.588649	 -6.899655
 4490.173523	 1.588685	 -6.899246
 4505.081905	 1.588141	 -6.961087
 4505.074351	 1.588236	 -6.968267
 4520.161011	 1.587667	 -7.017263
 4520.165394	 1.587557	 -7.019356
 4535.065723	 1.587034	 -7.083479
 4535.060942	 1.58695 	 -7.083714
 4550.149826	 1.586492	 -7.130669
 4550.142646	 1.586808	 -7.134787
 4565.052421	 1.586155	 -7.195555
 4565.043542	 1.586121	 -7.194024
 4580.136448	 1.585457	 -7.264061
 4580.146533	 1.585616	 -7.243441
 4595.047246	 1.585019	 -7.289592
 4595.032473	 1.584988	 -7.313975
 4610.125947	 1.584474	 -7.359409
 4610.131096	 1.584404	 -7.362268
 4625.032764	 1.583939	 -7.430295
 4625.024502	 1.583842	 -7.438195
 4640.119725	 1.583244	 -7.479475
 4640.12393 	 1.58335 	 352.521656
 4655.02157 	 1.582698	 -7.541783
 4655.023249	 1.582769	 -7.542665
 4670.107524	 1.582201	 352.384821
 4670.107414	 1.582203	 -7.611346
 4685.014168	 1.581638	 -7.656242
 4685.014404	 1.581497	 -7.665916
 4700.095173	 1.581084	 -7.733478
 4700.094546	 1.581028	 -7.730114
 4715.000719	 1.58033 	 -7.793931
 4714.989592	 1.580413	 -7.796333
 4730.087284	 1.579798	 -7.866189
 4730.08702 	 1.579815	 -7.847826
 4745.169568	 1.579216	 -7.923763
 4745.176003	 1.579153	 -7.912762
 4760.058611	 1.578426	 -7.997889
 4760.085293	 1.578601	 -7.97979
 4775.15905 	 1.578074	 -8.037857
 4775.166985	 1.577835	 -8.040947
 4790.066337	 1.577256	 -8.112139
 4790.067147	 1.577245	 -8.115467
 4805.14591 	 1.576595	 -8.19227
 4805.151771	 1.576669	 -8.184918
 4820.048024	 1.575927	 -8.243581
 4820.039614	 1.575957	 -8.242891
 4835.137981	 1.575249	 -8.320257
 4835.140913	 1.575319	 -8.324379
 4850.043501	 1.574508	 -8.377882
 4850.033335	 1.574522	 -8.397428
 4865.12783 	 1.573997	 -8.455974
 4865.125894	 1.573842	 -8.467069
 4880.023987	 1.573256	 351.468843
 4880.038224	 1.573177	 -8.519744
 4895.113316	 1.572327	 -8.60058
 4895.116998	 1.572262	 -8.603618
 4910.020782	 1.571664	 -8.657633
 4910.025344	 1.571806	 -8.654101
 4925.11099 	 1.571041	 -8.738641
 4925.112651	 1.570899	 -8.729106
 4940.017015	 1.570127	 -8.806479
 4940.009244	 1.570158	 -8.801476
 4955.103738	 1.569326	 -8.87645
 4955.100022	 1.569417	 -8.874289
 4969.998288	 1.568797	 -8.94025
 4969.999621	 1.568686	 -8.948258
 4985.092704	 1.56785 	 -9.038354
 4985.088507	 1.56785 	 -9.030209
 5000.162138	 1.567277	 -9.107718
 5000.164557	 1.567109	 -9.121397
 5015.080571	 1.566204	 -9.170731
 5015.073401	 1.566161	 350.819616
 5030.168766	 1.565385	 -9.246951
 5030.160548	 1.565575	 -9.261537
 5045.068059	 1.56459 	 -9.325114
 5045.06136 	 1.564676	 -9.337607
 5060.151491	 1.563648	 -9.40822
 5060.153781	 1.563673	 -9.416412
 5075.056477	 1.562844	 -9.488814
 5090.138624	 1.56195 	 -9.564433
 5090.144247	 1.562042	 -9.560925
 5105.039686	 1.561141	 -9.656803
 5105.041163	 1.561274	 -9.647858
 5120.127627	 1.560272	 -9.730103
 5120.136511	 1.560204	 -9.727059
 5135.031783	 1.559268	 -9.818278
 5135.02466 	 1.559325	 -9.820164
 5150.115973	 1.558407	 -9.893201
 5150.119475	 1.558278	 -9.897504
 5165.019018	 1.557446	 -9.967334
 5165.025242	 1.557468	 -9.979514
 5180.097564	 1.556391	 -10.057891
 5180.094337	 1.556323	 -10.077478
 5195.014491	 1.555404	 -10.152993
 5195.003256	 1.555253	 -10.145817
 5210.096201	 1.55431 	 -10.223782
 5210.097151	 1.554411	 -10.232606
 5225.183   	 1.55334 	 -10.315142
 5225.182368	 1.553318	 -10.323377
 5240.08703 	 1.552306	 -10.400767
 5240.085648	 1.552429	 -10.404392
 5255.174925	 1.551308	 -10.490123
 5255.17038 	 1.551388	 -10.510408
 5270.069968	 1.550258	 -10.599555
 5270.079084	 1.550161	 -10.578652
 5285.159957	 1.548978	 -10.663787
 5285.155022	 1.549084	 -10.678744
 5300.063334	 1.547963	 -10.767206
 5300.064598	 1.548137	 -10.762995
 5315.154888	 1.546956	 -10.854883
 5315.152371	 1.546966	 -10.859067
 5330.056932	 1.54583 	 -10.947403
 5345.140327	 1.544625	 -11.050073
 5345.136704	 1.544552	 -11.046695
 5360.041579	 1.543479	 -11.137841
 5360.035133	 1.543527	 -11.131079
 5375.124724	 1.542262	 -11.237846
 5375.119993	 1.542134	 -11.24794
 5390.02174 	 1.540949	 -11.336469
 5390.028475	 1.54104 	 -11.318477
 5405.112262	 1.539616	 -11.417838
 5405.130594	 1.539752	 -11.409727
 5420.012416	 1.5385  	 -11.533127
 5420.017161	 1.53842 	 -11.536447
 5435.100558	 1.537155	 -11.62655
 5435.112197	 1.537123	 -11.620897
 5450.002386	 1.535828	 -11.732278
 5450.01321 	 1.535853	 -11.720752
 5465.103279	 1.534482	 -11.82628
 5465.106536	 1.534627	 -11.818093
 5480.186085	 1.533054	 -11.929916
 5480.466717	 1.532968	 -11.917719
 5495.088913	 1.531684	 -12.029079
 5500.837159	 1.530752	 -11.967503
 5510.177449	 1.530309	 -12.136425
 5525.076046	 1.528818	 -12.239797
 5525.071195	 1.528743	 -12.248146
 5540.16125 	 1.527236	 -12.349437
 5540.164583	 1.527276	 -12.357683
 5555.067309	 1.525764	 -12.461877
 5555.076977	 1.525839	 -12.451989
 5570.145086	 1.524481	 -12.561142
 5570.151504	 1.524289	 -12.569384
 5585.058499	 1.522729	 -12.676901
 5585.055715	 1.52265 	 -12.678409
 5600.139663	 1.521106	 -12.787049
 5600.139689	 1.521147	 -12.79849
 5615.044684	 1.519516	 -12.895512
 5615.037357	 1.519677	 -12.904382
 5630.136407	 1.517871	 -13.008306
 5645.030502	 1.516255	 -13.127267
 5645.031765	 1.516218	 -13.123295
 5660.118273	 1.514422	 -13.225204
 5660.122119	 1.514402	 -13.238199
 5675.021674	 1.51271 	 346.648416
 5675.017153	 1.512717	 346.64352
 5690.105168	 1.511052	 -13.475929
 5690.107538	 1.51091 	 -13.481244
 5705.002982	 1.509126	 -13.599728
 5705.00723 	 1.50899 	 -13.597153
 5720.096818	 1.50734 	 -13.710293
 5735.192847	 1.505406	 -13.824291
 5735.185699	 1.505297	 -13.842066
 5750.083088	 1.503389	 -13.963851
 5750.097126	 1.503315	 -13.962247
 5765.182102	 1.501356	 -14.079385
 5765.178676	 1.501444	 -14.074631
 5780.074509	 1.4995  	 -14.193397
 5780.069533	 1.499491	 -14.216795
 5795.164107	 1.497404	 -14.3311
 5795.171035	 1.497388	 -14.333606
 5810.073596	 1.495392	 -14.443899
 5810.065752	 1.495267	 -14.468295
 5825.152962	 1.493156	 -14.591261
 5825.149475	 1.49303 	 -14.584138
 5840.055337	 1.490933	 345.281861
 5855.135281	 1.488644	 -14.849061
 5855.144615	 1.488613	 -14.847027
 5870.043781	 1.486604	 -14.985377
 5870.045059	 1.486451	 -14.977354
 5885.134589	 1.484021	 -15.109915
 5885.129183	 1.484217	 -15.114768
 5900.033926	 1.481861	 -15.245392
 5900.033839	 1.481659	 -15.245577
 5915.116509	 1.479364	 -15.385372
 5915.117529	 1.479324	 -15.376157
 5930.01944 	 1.476833	 -15.522491
 5930.018253	 1.476866	 -15.52
 5945.108085	 1.474401	 -15.65025
 5960.195062	 1.471726	 -15.796943
 5960.197284	 1.471774	 -15.802118
 5975.102449	 1.469047	 -15.930252
 5975.092559	 1.46912 	 -15.938357
 5990.179096	 1.466479	 -16.08634
 5990.188403	 1.466515	 -16.089327
 6005.092195	 1.463904	 343.780462
 6005.092901	 1.463794	 -16.217731
 6020.171377	 1.460985	 343.637309
 6020.174777	 1.460933	 -16.364349
 6035.077268	 1.458029	 -16.501416
 6035.084161	 1.457881	 -16.501328
 6050.163469	 1.455126	 -16.665181
 6065.062752	 1.452234	 -16.800062
 6065.064921	 1.452121	 -16.800821
 6080.152929	 1.449111	 -16.950827
 6080.156561	 1.448935	 -16.953214
 6095.05083 	 1.445958	 -17.098953
 6095.051511	 1.44589 	 -17.107208
 6110.138765	 1.442803	 -17.250267
 6110.146547	 1.44264 	 342.744172
 6125.048898	 1.439318	 -17.406935
 6125.041284	 1.439422	 -17.420667
 6140.127428	 1.43597 	 -17.565238
 6140.130109	 1.436136	 -17.550052
 6155.036631	 1.43269 	 -17.711393
 6155.041775	 1.432589	 -17.707904
 6170.117271	 1.429126	 -17.869189
 6185.02683 	 1.425691	 -18.015241
 6185.012318	 1.425411	 -18.03803
 6200.109486	 1.421935	 -18.171743
 6200.121953	 1.421922	 -18.17419
 6215.203559	 1.418109	 -18.340357
 6215.208937	 1.418043	 -18.340676
 6230.095542	 1.414398	 -18.505213
 6230.089488	 1.414245	 -18.507377
 6245.190136	 1.410376	 -18.654564
 6245.189781	 1.410317	 -18.649373
 6260.082121	 1.406431	 -18.824805
 6275.175365	 1.40228 	 -18.9817
 6275.178619	 1.402216	 -18.973676
 6290.071686	 1.398077	 -19.14011
 6290.07079 	 1.397893	 -19.150941
 6305.161291	 1.393776	 -19.298114
 6305.16358 	 1.393676	 -19.305447
 6320.06678 	 1.389308	 -19.471452
 6320.062908	 1.389214	 -19.468994
 6335.150808	 1.384705	 -19.622104
 6350.051994	 1.38021 	 -19.794095
 6350.051353	 1.380171	 -19.802597
 6365.137445	 1.375405	 -19.965694
 6365.148191	 1.375355	 -19.96279
 6380.048452	 1.370547	 -20.120612
 6380.042041	 1.370352	 -20.125086
 6395.121571	 1.365364	 -20.300032
 6395.133035	 1.365466	 -20.288759
 6410.025126	 1.360172	 -20.449778
 6425.125683	 1.35512 	 -20.613468
 6425.118415	 1.355027	 -20.616442
 6440.022123	 1.349806	 -20.784472
 6440.015166	 1.349659	 -20.78779
 6455.108054	 1.344217	 -20.956184
 6455.111948	 1.344283	 -20.945626
 6470.191623	 1.338662	 -21.119864
 6470.198379	 1.338502	 -21.114641
 6485.097296	 1.332919	 -21.281036
 6500.189681	 1.327237	 -21.429167
 6500.191201	 1.326982	 -21.438441
 6515.08736 	 1.321013	 -21.608205
 6515.093818	 1.320847	 -21.600441
 6530.176324	 1.314821	 -21.763757
 6530.173221	 1.314567	 -21.769772
 6545.075147	 1.308348	 -21.92189
 6545.077451	 1.308327	 338.084609
 6560.172258	 1.301756	 -22.098396
 6560.170432	 1.301684	 -22.081704
 6575.064117	 1.29523 	 -22.244946
 6590.147502	 1.288454	 -22.407712
 6590.1602  	 1.28839 	 -22.393269
 6605.063982	 1.281502	 -22.538022
 6605.053214	 1.28133 	 -22.551028
 6620.140632	 1.274214	 -22.693151
 6620.144028	 1.274196	 -22.702562
 6635.039776	 1.266878	 -22.835623
 6635.042944	 1.266783	 -22.845461
 6650.133348	 1.259311	 -22.984116
 6665.03683 	 1.251875	 -23.118355
 6665.031249	 1.251592	 336.875947
 6680.125105	 1.24402 	 -23.258451
 6680.121814	 1.243713	 -23.263168
 6695.211314	 1.235773	 -23.397232
 6695.210595	 1.235581	 -23.394828
 6710.101708	 1.227647	 -23.527291
 6710.111244	 1.227393	 -23.520396
 6725.197034	 1.219049	 -23.638123
 6740.100903	 1.210609	 -23.751535
 6740.100159	 1.210469	 -23.763754
 6755.18436 	 1.201685	 -23.88146
 6755.179224	 1.201502	 -23.879783
 6770.090808	 1.192739	 -23.975223
 6770.088305	 1.192363	 -23.963602
 6785.169318	 1.183223	 -24.079375
 6785.18219 	 1.183112	 -24.058628
 6800.0857  	 1.173876	 -24.168003
 6815.163814	 1.16438 	 -24.228979
 6815.168005	 1.164195	 -24.248603
 6830.069506	 1.154408	 -24.298703
 6830.065649	 1.154189	 -24.313406
 6845.153696	 1.144338	 335.631103
 6845.155613	 1.144037	 -24.362643
 6860.049399	 1.133997	 -24.436581
 6860.053622	 1.133916	 -24.424464
 6875.147664	 1.123475	 -24.468959
 6875.144078	 1.123314	 -24.463044
 6890.050237	 1.112849	 -24.482931
 6905.136092	 1.102062	 -24.517075
 6905.131657	 1.101768	 -24.510831
 6920.038386	 1.090894	 -24.508396
 6920.031807	 1.090683	 -24.505192
 6935.122851	 1.079417	 -24.502407
 6935.130258	 1.079276	 -24.48485
 6950.210197	 1.067771	 -24.476342
 6965.109391	 1.056369	 -24.428342
 6965.105053	 1.056012	 -24.431729
 6980.203346	 1.044337	 -24.343802
 6980.200581	 1.04423 	 -24.354871
 6995.107211	 1.03238 	 -24.272764
 6995.106306	 1.032121	 -24.265423
 7010.192541	 1.020103	 -24.160735
 7010.189535	 1.019748	 -24.162121
 7025.09289 	 1.007716	 -24.046651
 7025.089345	 1.007495	 -24.04573
 7040.185278	 0.994924	 -23.881973
 7040.17392 	 0.994736	 -23.882013
 7055.080284	 0.982396	 -23.711577
 7055.08193 	 0.982227	 336.290859
 7070.172928	 0.969382	 -23.501471
 7070.171496	 0.969203	 -23.491342
 7085.069456	 0.956363	 -23.269977
 7085.067664	 0.956218	 -23.266437
 7100.154573	 0.943274	 336.963589
 7100.153696	 0.942959	 -23.017527
 7115.058997	 0.930163	 337.276453
 7130.14783 	 0.917033	 -22.410803
 7130.140281	 0.916779	 -22.390683
 7145.037452	 0.903577	 -22.077593
 7145.038752	 0.903411	 -22.040125
 7160.139815	 0.8902  	 -21.630894
 7160.136274	 0.890041	 -21.629203
 7175.032731	 0.876992	 -21.195532
 7175.048943	 0.876815	 -21.195512
 7190.117976	 0.863496	 -20.727144
 7190.118381	 0.863352	 -20.708272
 7205.208972	 0.850139	 -20.19398
 7205.357055	 0.849682	 -20.306424
 7220.111375	 0.837062	 -19.612091
 7235.1961  	 0.824091	 -19.00312
 7235.19307 	 0.823855	 -18.995286
 7250.102543	 0.811201	 -18.337685
 7250.101673	 0.810907	 -18.321449
 7265.19437 	 0.798299	 -17.60681
 7265.193055	 0.79812 	 -17.597075
 7280.089495	 0.785835	 -16.856119
 7280.089793	 0.785676	 -16.85353
 7295.181622	 0.773488	 -16.008611
 7295.182602	 0.773314	 -16.021965
 7310.079464	 0.761569	 -15.14689
 7310.077625	 0.761358	 -15.12657
 7325.166489	 0.749668	 -14.189491
 7325.165002	 0.749689	 -14.160822
 7340.070837	 0.7384  	 -13.203903
 7340.071749	 0.738376	 -13.176354
 7355.160044	 0.727514	 -12.115645
 7355.160157	 0.727438	 -12.117708
 7370.061079	 0.717193	 -11.012634
 7370.065965	 0.717255	 -11.007627
 7385.149913	 0.707159	 -9.831187
 7400.049586	 0.698101	 -8.621835
 7400.048663	 0.697892	 -8.615454
 7415.130547	 0.689057	 -7.35695
 7415.138446	 0.689158	 -7.32538
 7430.222748	 0.680858	 -5.98159
 7430.225104	 0.680904	 -5.950974
 7445.124199	 0.673635	 -4.607171
 7445.1217  	 0.673685	 -4.597179
 7460.212253	 0.666784	 -3.146341
 7460.208545	 0.66693 	 -3.152953
 7475.109455	 0.660998	 -1.680474
 7475.110818	 0.660954	 -1.660001
 7490.197887	 0.655819	 -0.158178
 7490.200645	 0.655869	 -0.122259
 7505.098776	 0.651561	 1.376889
 7520.187884	 0.647943	 2.978929
 7520.186197	 0.648083	 2.993996
 7535.09038 	 0.645399	 4.549906
 7535.086083	 0.645422	 4.576268
 7550.17559 	 0.643603	 6.177988
 7550.181854	 0.643623	 6.197338
 7565.076605	 0.642698	 7.81338
 7565.076602	 0.642757	 7.809017
 7580.163642	 0.642686	 -350.560841
 7580.169764	 0.64261 	 9.416358
 7595.067048	 0.643419	 11.032594
 7595.061991	 0.643554	 11.034115
 7610.159652	 0.645177	 12.641053
 7625.063282	 0.647701	 14.208358
 7625.062592	 0.647798	 14.213491
 7640.143459	 0.65118 	 15.747153
 7640.148516	 0.651093	 15.758585
 7655.04648 	 0.655209	 17.270506
 7655.045359	 0.655251	 17.255345
 7670.134472	 0.659983	 -341.242133
 7670.14171 	 0.660096	 18.755979
 7685.224114	 0.665554	 20.221731
 7685.225448	 0.665698	 20.217462
 7700.11456 	 0.67191 	 21.579612
 7707.490515	 0.674454	 20.754441
 7715.212176	 0.678821	 22.931428
 7730.11445 	 0.686327	 24.227547
 7730.11348 	 0.686155	 24.215436
 7745.210308	 0.69437 	 25.465228
 7745.203655	 0.694342	 25.463964
 7760.106728	 0.702849	 26.664503
 7760.105255	 0.702825	 26.652322
 7775.186702	 0.711832	 27.774012
 7790.090997	 0.721472	 28.852419
 7790.097655	 0.72132 	 28.857117
 7805.185578	 0.731293	 29.882989
 7805.187578	 0.731222	 29.8617
 7820.091846	 0.74141 	 30.865315
 7820.079616	 0.741224	 30.842716
 7835.1619  	 0.751904	 31.751899
 7835.167536	 0.751715	 31.746875
 7850.070035	 0.762647	 32.583979
 7850.068206	 0.762355	 32.595659
 7865.164112	 0.77354 	 33.404841
 7865.160009	 0.773431	 33.381253
 7880.061172	 0.784653	 34.164582
 7895.143595	 0.796081	 34.858591
 7895.146697	 0.796061	 34.868118
 7910.047069	 0.807392	 -324.467871
 7910.049752	 0.807254	 35.51875
 7925.140256	 0.818949	 -323.852682
 7925.138874	 0.818752	 36.153238
 7940.225378	 0.830587	 36.734847
 7940.226273	 0.830363	 36.732178
 7955.130532	 0.842117	 37.269851
 7955.125091	 0.841928	 37.260067
 7970.214384	 0.853736	 37.75364
 7985.109312	 0.865558	 38.251415
 7985.11428 	 0.865335	 38.213705
 8000.20117 	 0.877359	 38.64649
 8000.197699	 0.877107	 -321.352215
 8015.100692	 0.888696	 39.048366
 8015.104028	 0.888692	 39.033474
 8030.186399	 0.90032 	 39.421392
 8030.192686	 0.900206	 39.425537
 8045.088852	 0.911729	 39.740033
 8045.093549	 0.911705	 39.750814
 8060.183079	 0.923352	 40.051814
 8075.078195	 0.934698	 40.337054
 8075.078002	 0.934452	 40.334124
 8090.165344	 0.946055	 40.576869
 8090.170861	 0.945878	 40.593807
 8105.067911	 0.95698 	 40.822639
 8105.067299	 0.956946	 40.806075
 8120.157399	 0.96818 	 41.031857
 8120.160283	 0.968072	 41.026345
 8135.056306	 0.979001	 41.19459
 8150.144713	 0.990162	 -318.633548
 8150.148327	 0.989896	 41.361196
 8165.23667 	 1.000684	 41.521862
 8165.236247	 1.000487	 41.526727
 8180.140376	 1.011174	 41.651576
 8180.142686	 1.011073	 41.65946
 8195.228965	 1.02154 	 -318.225925
 8210.129524	 1.032095	 41.88129
 8210.122915	 1.031776	 41.872805
 8225.216914	 1.042164	 41.948126
 8225.211461	 1.041945	 41.970633
 8240.116975	 1.051968	 42.023664
 8240.11804 	 1.05182 	 42.033806
 8255.194168	 1.061827	 42.091011
 8255.202193	 1.061732	 42.094403
 8270.105167	 1.071359	 42.142563
 8275.732832	 1.074321	 42.230969
 8285.192935	 1.0809  	 42.173167
 8300.095676	 1.090402	 42.192369
 8300.095734	 1.09034 	 42.183946
 8315.182788	 1.099623	 42.204989
 8315.182108	 1.099311	 42.20711
 8330.083844	 1.10861 	 42.196476
 8330.081162	 1.108213	 42.1996
 8345.168977	 1.11733 	 42.183498
 8345.169909	 1.117223	 42.228088
 8360.08015 	 1.126039	 42.210482
 8375.162369	 1.134914	 42.150891
 8375.154995	 1.1347  	 42.173528
 8390.053966	 1.143199	 42.132966
 8390.060783	 1.142995	 42.160386
 8405.150087	 1.151579	 42.108303
 8405.151383	 1.151314	 42.107176
 8420.232919	 1.159607	 42.059876
 8420.235124	 1.159651	 42.063101
 8435.136995	 1.167512	 42.01593
 8450.224966	 1.175629	 41.941525
 8450.221828	 1.175444	 41.960671
 8465.122979	 1.183174	 41.886156
 8465.12935 	 1.183147	 41.890123
 8480.214442	 1.190678	 41.832575
 8480.218472	 1.190815	 41.832426
 8495.112061	 1.198095	 41.748289
 8510.200568	 1.20558 	 41.685501
 8510.204992	 1.205557	 41.706449
 8525.109151	 1.212602	 41.611405
 8525.106188	 1.212501	 41.602098
 8540.198557	 1.219661	 41.521896
 8540.191584	 1.219571	 41.518145
 8555.094436	 1.226532	 41.442187
 8555.089869	 1.226345	 41.429643
 8570.188638	 1.233279	 41.357347
 8585.08497 	 1.239888	 41.242559
 8585.089366	 1.239686	 41.283215
 8600.165402	 1.246327	 41.148923
 8600.17596 	 1.246245	 41.159169
 8615.068023	 1.252461	 41.061613
 8630.157323	 1.258914	 40.9636
 8630.158258	 1.258655	 40.967063
 8645.062232	 1.264894	 40.854286
 8660.142997	 1.271033	 40.751401
 8660.140311	 1.270797	 40.753007
 8675.241995	 1.276894	 40.652217
 8690.128754	 1.282693	 40.544465
 8690.135851	 1.282416	 40.555298
 8705.234115	 1.288304	 40.430924
 8705.224259	 1.2882  	 40.441463
 8720.128283	 1.293617	 40.3231
 8720.130132	 1.293599	 40.323913
 8735.21036 	 1.299216	 40.195324
 8750.110366	 1.304575	 40.080715
 8750.11078 	 1.304405	 40.096284
 8765.203556	 1.309786	 39.975942
 8765.204174	 1.309692	 -320.013363
 8780.105648	 1.31475 	 39.867793
 8795.187642	 1.319917	 -320.26512
 8795.192538	 1.319656	 39.75196
 8810.092376	 1.324686	 -320.379587
 8810.092783	 1.324563	 39.63783
 8825.18456 	 1.329523	 39.507926
 8825.176591	 1.329528	 39.502091
 8840.078705	 1.334252	 39.375869
 8855.17207 	 1.338916	 39.272499
 8855.168768	 1.338845	 39.274358
 8870.074513	 1.343493	 39.150369
 8870.07722 	 1.34346 	 39.148185
 8885.160245	 1.347866	 -320.96882
 8889.391883	 1.348724	 39.186097
 8900.245781	 1.35225 	 38.907967
 8915.149292	 1.356586	 38.793749
 8915.147146	 1.35648 	 38.796542
 8930.229013	 1.36066 	 -321.349562
 8945.134509	 1.364817	 -321.470601
 8945.132769	 1.364704	 38.544032
 8960.236343	 1.368991	 38.435536
 8960.222034	 1.368798	 38.420043
 8975.140616	 1.372729	 38.335336
 8990.222148	 1.376856	 38.179597
 8990.213253	 1.37675 	 38.193726
 9005.117319	 1.380536	 38.06402
 9005.113532	 1.380388	 38.083218
 9020.207402	 1.384253	 37.94825
 9020.213897	 1.384008	 37.960847
 9035.112037	 1.387824	 37.827698
 9050.195788	 1.391559	 37.701661
 9050.191196	 1.391414	 37.702312
 9065.100226	 1.394965	 37.589595
 9080.176342	 1.398492	 37.455643
 9080.179893	 1.39843 	 37.443508
 9095.090434	 1.401834	 37.354594
 9095.092257	 1.401715	 37.356011
 9110.174089	 1.405213	 37.227735
 9110.168465	 1.405055	 -322.778138
 9125.071018	 1.408455	 -322.888094
 9140.162699	 1.41177 	 36.982985
 9140.159848	 1.411697	 36.993365
 9155.255442	 1.414791	 36.87301
 9155.252408	 1.414874	 36.876032
 9170.15762 	 1.417951	 36.751878
 9185.242   	 1.420988	 36.632943
 9185.241428	 1.420928	 36.635143
 9200.134511	 1.423819	 -323.481255
 9200.143296	 1.423927	 36.526506
 9215.238288	 1.426814	 36.426969
 9230.124641	 1.429754	 36.281207
 9230.134212	 1.429769	 36.281372
 9245.221833	 1.432536	 36.174691
 9245.218252	 1.432442	 36.179746
 9260.126318	 1.435315	 36.077376
 9275.207104	 1.438059	 35.944465
 9275.204277	 1.438023	 35.954923
 9290.110508	 1.440819	 35.839468
 9290.106719	 1.440644	 35.84461
 9305.199937	 1.443286	 35.715083
 9320.10058 	 1.445809	 35.610825
 9320.092634	 1.445858	 -324.39573
 9335.181587	 1.448436	 35.491343
 9335.185738	 1.448441	 35.505223
 9350.080958	 1.450954	 35.400447
 9365.177167	 1.453163	 35.267153
 9365.168108	 1.45329 	 35.266231
 9380.082972	 1.455772	 35.167539
 9380.077669	 1.455682	 35.167397
 9395.158641	 1.457929	 35.077515
 9410.24937 	 1.460505	 34.95823
 9410.25503 	 1.460432	 34.965722
 9425.151637	 1.462782	 -325.168872
 9440.243744	 1.465025	 34.735784
 9440.241876	 1.464879	 34.752417
 9455.144504	 1.467059	 34.634587
 9455.138974	 1.46696 	 34.638913
 9470.219083	 1.469198	 -325.473556
 9485.129453	 1.471449	 -325.565466
 9485.127512	 1.471251	 34.418209
 9500.215433	 1.473345	 34.322522
 9500.221967	 1.473551	 34.330669
 9515.125915	 1.475549	 34.2366
 9530.21227 	 1.477443	 34.123728
 9530.206218	 1.477659	 -325.877807
 9545.107767	 1.479366	 34.02568
 9545.107114	 1.479466	 -325.974226
 9560.19282 	 1.48146 	 33.924374
 9575.09766 	 1.483475	 33.824748
 9575.096256	 1.483478	 33.830739
 9590.181637	 1.485139	 33.716636
 9590.197174	 1.485293	 33.734925
 9605.099393	 1.487011	 33.645794
 9620.171552	 1.488913	 33.509845
 9620.17764 	 1.489012	 33.520392
 9635.256316	 1.490824	 33.430474
 9650.166022	 1.492624	 33.325916
 9650.167357	 1.492404	 33.338404
 9665.252061	 1.49418 	 33.236985
 9665.249765	 1.494206	 33.237164
 9680.150467	 1.495959	 33.144816
 9695.238698	 1.497688	 33.052612
 9695.238164	 1.497751	 33.044519
 9710.13639 	 1.499257	 32.950537
 9710.134042	 1.499299	 32.941606
 9725.233462	 1.500973	 32.872801
 9740.128964	 1.50254 	 32.768236
 9740.118256	 1.502524	 32.768539
 9755.212038	 1.504154	 32.682113
 9770.123714	 1.505709	 32.60697
 9770.117556	 1.505492	 32.597958
 9785.205178	 1.50713 	 32.487287
 9787.410265	 1.507312	 32.552382
 9800.109917	 1.508639	 32.413557
 9815.196727	 1.509973	 32.320634
 9815.204911	 1.510169	 32.31757
 9830.089643	 1.51154 	 32.231911
 9845.176847	 1.513022	 32.146738
 9845.184683	 1.513025	 32.143582
 9860.088715	 1.514295	 32.06026
 9875.178652	 1.515772	 31.973911
 9890.255938	 1.517133	 31.875715
 9905.165127	 1.518433	 31.815121
 9905.159259	 1.518452	 31.806727
 9920.247249	 1.519822	 31.710867
 9935.142193	 1.521105	 31.641199
 9935.149955	 1.521124	 31.643444
 9950.252093	 1.522468	 31.572426
 9965.148522	 1.523701	 31.489818
 9965.14723 	 1.52376 	 31.485283
 9980.233531	 1.52484 	 31.410341
 9995.115179	 1.526258	 31.284596
 9995.11837 	 1.526167	 31.309386
10010.21465 	 1.527356	 31.231898
10025.11023 	 1.528585	 31.150726
10025.12134 	 1.528505	 31.151363
10040.2015  	 1.529759	 31.060742
10055.1106  	 1.530856	 31.00682
10055.10101 	 1.53072 	 31.006488
10070.18824 	 1.531799	 30.916483
10074.39865 	 1.531881	 31.00735
10085.0997  	 1.533002	 30.860722
10100.18192 	 1.533957	 30.77188
10100.264   	 1.533946	 30.788007
10115.0846  	 1.535253	 30.690122
10130.17471 	 1.536199	 30.613811
10145.25916 	 1.53732 	 30.537646
10145.27125 	 1.537285	 30.550835
10160.16318 	 1.538329	 30.501093
10175.24561 	 1.539381	 30.400215
10175.25313 	 1.539381	 30.405662
10190.15166 	 1.540442	 30.338594
10205.24303 	 1.541634	 30.267007
10205.23943 	 1.541353	 30.277247
10220.14121 	 1.542244	 30.19704
10235.23237 	 1.543383	 -329.872858
10235.22105 	 1.543401	 30.128438
10250.12836 	 1.54429 	 30.059986
10265.21526 	 1.545184	 29.998223
10265.21472 	 1.545203	 29.992291
10280.11894 	 1.546102	 29.927984
10295.20576 	 1.547087	 29.859494
10295.20219 	 1.547111	 -330.135016
10310.11249 	 1.547819	 29.820404
10325.19651 	 1.548788	 29.72841
10340.0997  	 1.549627	 29.664664
10340.09968 	 1.549704	 29.654614
10355.18132 	 1.550547	 29.596475
10370.26546 	 1.551323	 29.520225
10370.2771  	 1.551306	 29.546601
10385.16391 	 1.552259	 29.45851
10400.26755 	 1.553171	 29.398488
10400.27467 	 1.552995	 29.424547
10415.17604 	 1.553915	 29.351436
10430.25915 	 1.554694	 29.285582
10430.25613 	 1.554544	 -330.708962
10445.14993 	 1.555339	 29.221266
10460.24853 	 1.556141	 29.174829
10475.14341 	 1.557006	 29.106169
10475.13685 	 1.556922	 29.106706
10490.22472 	 1.557617	 29.041556
10505.13259 	 1.558437	 28.993322
10505.13148 	 1.558409	 28.983832
10520.21208 	 1.559225	 28.927938
10535.11838 	 1.56005 	 28.873443
10535.1137  	 1.559936	 28.867033
10550.2152  	 1.560668	 28.81583
10565.10376 	 1.561445	 28.752515
10565.11659 	 1.561403	 28.756766
10580.20359 	 1.562058	 28.706192
10595.09914 	 1.562789	 28.649814
10595.10079 	 1.562865	 28.643194
10610.18575 	 1.563494	 28.593118
10625.2749  	 1.564111	 28.525199
10625.3209  	 1.56413 	 28.518322
10640.16624 	 1.564729	 28.468125
10655.26285 	 1.565443	 28.414167
10670.16489 	 1.566082	 28.362914
10670.16171 	 1.566162	 28.368105
10685.25299 	 1.56665 	 28.315583
10700.15891 	 1.567298	 28.265487
10700.15471 	 1.567383	 28.257813
10715.24657 	 1.568047	 28.201379
10730.14082 	 1.568595	 28.158067
10731.61222 	 1.569187	 28.193691
10745.22969 	 1.569237	 28.115404
10760.13232 	 1.569842	 28.055349
10775.21879 	 1.57043 	 28.001387
10775.2189  	 1.570397	 28.010645
10790.13193 	 1.571034	 27.955553
10805.21063 	 1.571788	 -332.101855
10820.11168 	 1.572288	 27.858696
10820.11411 	 1.572202	 27.864295
10835.1969  	 1.572781	 27.801083
10850.10053 	 1.573373	 27.762924
10850.10426 	 1.573376	 27.762015
10865.18517 	 1.573893	 27.704574
10880.27475 	 1.57441 	 27.651841
10880.28268 	 1.574335	 27.658809
10895.17221 	 1.575083	 -332.392916
10910.265   	 1.575645	 27.564892
10925.16444 	 1.576105	 27.5211
10925.1639  	 1.575988	 27.510698
10940.2547  	 1.576547	 27.476636
10955.15508 	 1.577082	 -332.569573
10970.23997 	 1.577671	 27.38573
10970.24167 	 1.577598	 -332.625045
10985.13941 	 1.578128	 27.338781
11000.22468 	 1.57859 	 27.286072
11000.23124 	 1.578688	 27.295098
11015.13407 	 1.5791  	 27.249589
11030.22509 	 1.579535	 27.210616
11030.46256 	 1.579399	 27.216301
11045.12905 	 1.579916	 27.164682
11060.20838 	 1.58043 	 27.114078
11075.1052  	 1.580879	 27.068814
11075.10759 	 1.580849	 27.072572
11090.20429 	 1.581283	 27.03658
11105.28062 	 1.58183 	 26.979775
11105.2711  	 1.581834	 -333.031845
11120.17502 	 1.582172	 26.926048
11135.27157 	 1.582676	 26.900043
11150.18064 	 1.583193	 26.87524
11150.17881 	 1.583153	 26.86349
11165.27596 	 1.583619	 26.846194
11180.16707 	 1.584136	 26.804503
11180.16507 	 1.583982	 26.787704
11195.24242 	 1.584444	 26.736434
11210.15241 	 1.584946	 26.702701
11225.24764 	 1.585298	 26.661787
11225.24026 	 1.585287	 26.663064
11240.14188 	 1.585713	 -333.369298
11255.22852 	 1.58607 	 26.590719
11255.23753 	 1.586112	 26.599282
11270.13594 	 1.586545	 26.55563
11285.22637 	 1.58706 	 26.532187
11300.07519 	 1.587374	 26.494407
11300.12284 	 1.587345	 26.48357
11315.20575 	 1.587852	 26.441156
11330.11382 	 1.588208	 26.404054
11330.12145 	 1.588059	 26.414833
11345.20685 	 1.588587	 26.386553
11360.29698 	 1.588984	 26.360562
11375.18621 	 1.589194	 26.297273
11375.19255 	 1.58939 	 26.304567
11390.27262 	 1.589659	 26.255283
11405.172   	 1.589939	 26.219795
11405.18259 	 1.589996	 26.241861
11420.26358 	 1.590324	 26.195828
11435.17089 	 1.590621	 26.161519
11446.82089 	 1.591222	 26.166049
11450.2547  	 1.591291	 26.113928
11465.15771 	 1.591415	 26.09408
11480.24863 	 1.591735	 26.060691
11480.2423  	 1.591757	 26.054737
11495.13565 	 1.59211 	 26.015414
11510.23021 	 1.592475	 25.994843
11525.13713 	 1.592705	 25.964647
11525.13441 	 1.59279 	 25.96176
11540.21464 	 1.593008	 25.917125
11555.12218 	 1.593403	 25.893339
11555.12599 	 1.593532	 25.904253
11570.20728 	 1.593708	 25.853673
11585.10757 	 1.59408 	 25.836992
11600.19395 	 1.594305	 25.796022
11600.19875 	 1.594442	 25.800047
11615.28763 	 1.594689	 25.772638
11630.18626 	 1.595032	 25.735363
11630.19185 	 1.595046	 25.741205
11645.27489 	 1.595387	 25.703503
11660.17618 	 1.595673	 25.683166
11675.2743  	 1.595952	 25.646905
11675.26409 	 1.595998	 25.645967
11690.16321 	 1.596315	 25.614481
11705.26041 	 1.596482	 25.595222
11705.26385 	 1.596636	 25.588733
11720.15696 	 1.596835	 25.557728
11735.24595 	 1.597119	 25.532885
11750.15309 	 1.597487	 25.503525
11750.14977 	 1.597401	 -334.496787
11765.23123 	 1.597717	 25.473088
11780.12855 	 1.598104	 25.444234
11780.1339  	 1.598013	 25.45041
11795.22251 	 1.598309	 25.406501
11810.12277 	 1.598537	 25.378477
11825.20883 	 1.598791	 25.357887
11825.20789 	 1.598805	 25.3506
11840.29972 	 1.599107	 25.328187
11855.20884 	 1.599444	 -334.693706
11857.89333 	 1.598859	 -334.674375
11870.28581 	 1.59962 	 25.269792
11885.19502 	 1.599839	 25.251912
11900.27484 	 1.600125	 25.232728
11900.27741 	 1.60008 	 -334.780556
11915.18074 	 1.60048 	 25.195663
11930.26307 	 1.600741	 25.174321
11945.16399 	 1.600961	 25.147456
11945.16369 	 1.600867	 25.137318
11960.25914 	 1.60105 	 25.129181
11975.1572  	 1.601411	 25.106824
11990.24384 	 1.601694	 25.069941
11990.24746 	 1.601595	 25.072099
12005.14116 	 1.602001	 25.035515
12020.24004 	 1.602137	 25.027756
12020.22752 	 1.602208	 25.009285
12035.13391 	 1.602405	 25.002103
12050.23656 	 1.60266 	 24.979594
12065.12453 	 1.602856	 24.947596
12065.12299 	 1.602849	 24.946499
12080.2146  	 1.603091	 24.918868
12095.30871 	 1.603251	 24.916015
12110.1981  	 1.603494	 24.874037
12110.19871 	 1.603523	 24.875161
12125.288   	 1.603774	 24.853856
12140.18451 	 1.603927	 24.824791
12141.60357 	 1.604375	 24.847188
12155.28081 	 1.60419 	 24.811987
12170.18874 	 1.604546	 24.79855
12185.26941 	 1.604511	 24.764583
12185.25842 	 1.604534	 24.758
12200.17795 	 1.604744	 -335.241749
12215.25661 	 1.604993	 24.723689
12230.16805 	 1.605315	 24.699069
12230.15227 	 1.605328	 24.694763
12245.24267 	 1.605407	 24.681727
12260.14757 	 1.605693	 24.646654
12260.14471 	 1.605773	 24.650666
12275.23771 	 1.605814	 24.638885
12290.13753 	 1.606155	 24.613474
12305.21916 	 1.606278	 24.597604
12305.23386 	 1.606223	 24.603325
12320.12561 	 1.606437	 24.573572
12335.21245 	 1.60673 	 24.543774
12350.29684 	 1.606806	 24.5199
12350.30495 	 1.606844	 24.540288
12365.20611 	 1.606974	 24.519909
12380.28953 	 1.607263	 24.486925
12395.19073 	 1.607413	 24.469019
12395.20109 	 1.607333	 24.480048
12410.27981 	 1.607596	 24.437912
12425.17372 	 1.607756	 24.4208
12425.17885 	 1.607821	 24.42835
12440.26019 	 1.60805 	 24.401628
12455.16088 	 1.608181	 24.388616
12470.26369 	 1.608298	 24.376058
12470.26031 	 1.608362	 24.377677
12485.17279 	 1.60856 	 24.381124
12500.2483  	 1.608984	 24.326095
12515.15601 	 1.608946	 24.324577
12515.14315 	 1.608804	 24.31924
12530.2356  	 1.609003	 24.290733
12545.13268 	 1.609317	 24.269918
12560.23182 	 1.609492	 24.272246
12560.22649 	 1.609439	 24.251732
12575.31733 	 1.609683	 24.249214
12590.21663 	 1.609858	 24.225703
12605.30319 	 1.609936	 24.201268
12605.29908 	 1.609854	 24.205618
12620.20253 	 1.610057	 24.178894
12635.29568 	 1.610308	 -335.832127
12635.29118 	 1.610251	 24.167461
12650.19255 	 1.610319	 24.150158
12665.27928 	 1.610507	 24.139529
12680.1801  	 1.610878	 24.107741
12680.17599 	 1.610651	 24.115936
12695.2701  	 1.610919	 24.097495
12710.16702 	 1.611155	 24.079695
12725.25429 	 1.611165	 -335.935803
12725.26006 	 1.611305	 24.066062
12740.15664 	 1.611358	 24.045063
12755.24954 	 1.611542	 24.044859
12770.16104 	 1.611718	 24.016288
12770.14591 	 1.611708	 24.024923
12785.23619 	 1.611815	 23.996338
12800.14075 	 1.611919	 23.993222
12815.23161 	 1.61218 	 23.974931
12815.22829 	 1.612255	 23.975186
12830.32244 	 1.612346	 23.962365
12845.21903 	 1.612402	 23.954906
12860.30211 	 1.612666	 23.922439
12860.30684 	 1.61267 	 23.930299
12875.20003 	 1.612824	 23.906152
12890.29656 	 1.612952	 23.892058
12905.19583 	 1.613042	 23.875818
12905.20031 	 1.613076	 23.876696
12920.27632 	 1.613176	 23.854711
12935.18249 	 1.6133  	 23.856519
12950.26664 	 1.613577	 23.834827
12950.26268 	 1.613494	 23.832032
12965.1648  	 1.613589	 -336.174632
12980.25983 	 1.613661	 23.818616
12995.16101 	 1.613807	 23.804878
12995.1548  	 1.613893	 23.78754
13010.23567 	 1.614059	 23.774474
13025.14549 	 1.61415 	 23.765455
13040.23797 	 1.614409	 23.759917
13040.24596 	 1.614244	 23.772336
13055.1367  	 1.614475	 23.745402
13070.22513 	 1.614521	 -336.268605
13085.31155 	 1.614668	 23.707859
13085.31058 	 1.614598	 23.712388
13100.2123  	 1.614783	 23.698791
13115.30589 	 1.615004	 23.692449
13130.21005 	 1.615045	 23.686547
13130.2041  	 1.615118	 23.6711
13145.27561 	 1.615316	 23.648321
13160.18778 	 1.615366	 23.644273
13175.28378 	 1.615313	 23.637222
13175.28391 	 1.615359	 23.635152
13190.18268 	 1.615411	 23.621849
13205.26907 	 1.615583	 23.6035
13220.16903 	 1.615787	 23.601827
13220.16708 	 1.615811	 -336.401669
13235.25778 	 1.615856	 23.600707
13250.1634  	 1.615982	 23.59167
13265.25134 	 1.616187	 23.577135
13265.25174 	 1.615999	 23.570672
13280.15148 	 1.616312	 23.556441
13295.23751 	 1.616391	 23.545111
13310.32511 	 1.616567	 23.533879
13310.33    	 1.616418	 23.53674
13325.2199  	 1.616591	 23.525888
13340.31555 	 1.616692	 23.50691
13355.22062 	 1.616816	 23.498592
13355.21419 	 1.616861	 23.494005
13370.30727 	 1.616912	 23.487804
13385.20885 	 1.616908	 23.486609
13400.29154 	 1.617169	 23.467046
13415.19631 	 1.617157	 23.46171
13415.2034  	 1.617253	 23.468138
13430.28687 	 1.617246	 -336.545685
13445.17857 	 1.617495	 23.434464
13460.265   	 1.617527	 23.418245
13460.26313 	 1.617581	 23.412651
13475.16802 	 1.61778 	 23.412315
13490.25154 	 1.617752	 23.397265
13505.16471 	 1.617826	 23.397668
13505.1632  	 1.617905	 23.401208
13520.25362 	 1.618079	 23.396153
13535.15164 	 1.618178	 23.38368
13550.23972 	 1.618219	 23.370423
13565.32622 	 1.618207	 23.350527
13565.32775 	 1.618214	 23.358682
13580.22957 	 1.618245	 23.345625
13595.30712 	 1.61859 	 23.324891
13610.21566 	 1.618508	 23.328168
13610.22302 	 1.618476	 -336.669039
13625.30203 	 1.618593	 23.321098
13640.20735 	 1.618557	 23.314925
13655.29764 	 1.618939	 23.300967
13655.29763 	 1.61895 	 23.301042
13670.19297 	 1.618987	 23.290935
13685.2782  	 1.619054	 23.280618
13700.19351 	 1.619272	 23.281729
13715.26869 	 1.619234	 23.263485
13715.27093 	 1.619328	 23.25866
13730.17113 	 1.619573	 23.259868
13745.2607  	 1.619498	 23.2491
13760.16421 	 1.619567	 23.246093
13760.16373 	 1.619556	 23.245058
13775.24055 	 1.619687	 23.226746
13790.15582 	 1.619703	 23.224387
13805.23763 	 1.619712	 23.221755
13820.33089 	 1.619884	 23.211759
            	         	 
            	         	 
            	         	 
            	         	 
            	         	 
            	         	 
            	         	 
            	         	 
            	         	 
            	         	 
            	         	 
            	         	 
            	         	 
            	         	 
            	         	 
            	         	 
            	         	 
            	         	 
            	         	 
            	         	 
            	         	 
            	         	 
            	         	 
            	         	 
            	         	 
            	         	 
            	         	 
            	         	 
            	         	 
            	         	 
            	         	 
            	         	 
            	         	 
            	         	 
            	         	 
            	         	 
            	         	 
            	         	 
            	         	 
            	         	 
            	         	 
            	         	 
            	         	 
            	         	 
            	         	 
            	         	 
            	         	 
            	         	 
            	         	 
            	         	 
            	         	 
            	         	 
            	         	 
            	         	 
            	         	 
            	         	 
            	         	 
            	         	 
            	         	 
            	         	 
            	         	 
            	         	 
            	         	 
            	         	 
            	         	 
            	         	 
            	         	 
            	         	 
            	         	 
            	         	 
            	         	 
            	         	 
            	         	 
            	         	 
            	         	 
            	         	 
            	         	 
            	         	 
            	         	 
            	         	 
            	         	 
            	         	 
