 2210.059663	 1.623199	 -2.058799
 2224.974295	 1.622977	 -2.059406
 2224.964996	 1.623101	 -2.059351
 2240.058812	 1.623058	 -2.085491
 2240.071005	 1.623052	 -2.075775
 2254.954568	 1.622839	 -2.099892
 2254.962979	 1.622778	 -2.102119
 2254.96468 	 1.622861	 -2.094725
 2270.044957	 1.622815	 -2.119735
 2270.052033	 1.622839	 -2.120656
 2285.135409	 1.62264 	 -2.131374
 2285.12961 	 1.622573	 -2.132349
 2300.034444	 1.622684	 -2.160569
 2300.029601	 1.622559	 -2.159559
 2300.031104	 1.622735	 -2.156473
 2315.120723	 1.622503	 -2.180588
 2315.117167	 1.622479	 -2.181549
 2330.027316	 1.622335	 -2.189422
 2330.025982	 1.622502	 -2.190303
 2345.116159	 1.622181	 -2.212408
 2345.117531	 1.622379	 -2.202901
 2360.013756	 1.62233 	 -2.236067
 2360.014081	 1.622122	 -2.236783
 2375.104023	 1.621919	 -2.261952
 2375.095352	 1.622067	 -2.261118
 2389.999191	 1.621888	 -2.27129
 2390.018665	 1.621948	 -2.260996
 2405.086491	 1.621913	 -2.304425
 2405.093854	 1.621886	 -2.297045
 2419.99418 	 1.621801	 -2.304661
 2419.983364	 1.621848	 -2.323377
 2419.983626	 1.621726	 -2.316195
 2435.07818 	 1.621769	 -2.339034
 2435.087465	 1.62174 	 -2.324925
 2449.985945	 1.621499	 -2.345372
 2449.979853	 1.621449	 -2.356631
 2465.070887	 1.621366	 -2.368079
 2465.069694	 1.62144 	 -2.362759
 2479.97179 	 1.621463	 -2.392219
 2479.972488	 1.621391	 -2.380751
 2495.061532	 1.62123 	 -2.411744
 2495.064281	 1.621205	 -2.402856
 2509.95798 	 1.620999	 -2.436692
 2509.957894	 1.621109	 -2.427756
 2515.681034	 1.620769	 -2.426429
 2525.044049	 1.62097 	 -2.464378
 2525.040651	 1.621   	 -2.459661
 2540.138933	 1.620912	 -2.46676
 2540.138178	 1.620902	 -2.46574
 2555.036564	 1.620788	 -2.497319
 2555.042875	 1.620812	 -2.483599
 2570.117037	 1.620659	 -2.523949
 2570.119753	 1.620753	 -2.520065
 2570.126495	 1.620669	 -2.510089
 2585.016546	 1.620583	 -2.556735
 2585.020594	 1.620629	 -2.534293
 2600.109972	 1.620448	 -2.557732
 2600.103677	 1.620455	 -2.569558
 2615.018324	 1.620408	 -2.577103
 2615.018038	 1.620311	 -2.591577
 2630.095857	 1.620153	 -2.603661
 2630.107814	 1.620191	 -2.599834
 2630.105528	 1.62025 	 -2.588951
 2644.987121	 1.620178	 -2.63744
 2645.000844	 1.620042	 -2.620851
 2660.085877	 1.619957	 -2.64724
 2660.091418	 1.619884	 -2.654227
 2674.985508	 1.61967 	 -2.670702
 2674.997231	 1.619772	 -2.662962
 2690.086944	 1.619609	 -2.683744
 2690.082144	 1.619575	 -2.690964
 2704.987523	 1.619566	 -2.702495
 2704.986924	 1.619492	 -2.709562
 2720.065829	 1.619519	 -2.725189
 2720.078876	 1.619402	 -2.727177
 2725.704093	 1.619228	 -2.719566
 2734.974038	 1.619299	 -2.751251
 2734.962361	 1.619259	 -2.774538
 2750.061196	 1.619058	 -2.77915
 2750.055914	 1.619045	 -2.784818
 2764.959277	 1.618881	 -2.793401
 2764.962538	 1.619013	 -2.80074
 2780.037295	 1.618769	 -2.826569
 2780.047865	 1.618851	 -2.822217
 2795.138605	 1.618747	 357.149732
 2795.125884	 1.618746	 -2.847009
 2802.762936	 1.618167	 -2.824231
 2810.037159	 1.618562	 -2.85
 2810.030992	 1.618635	 -2.880338
 2825.122286	 1.61847 	 -2.890405
 2825.117489	 1.618442	 -2.908711
 2840.026352	 1.618288	 -2.920724
 2840.018008	 1.618348	 -2.915518
 2855.114459	 1.618099	 -2.951518
 2855.110747	 1.618081	 -2.943935
 2870.010091	 1.617925	 -2.963002
 2870.012426	 1.61797 	 -2.960682
 2885.102753	 1.617977	 -2.995532
 2885.097237	 1.617859	 -2.991414
 2900.007509	 1.617662	 -3.011913
 2900.00338 	 1.617592	 -3.009044
 2900.010691	 1.617807	 -3.011289
 2915.085779	 1.617573	 -3.050843
 2915.082717	 1.617507	 -3.055506
 2929.996728	 1.617476	 -3.058101
 2929.993185	 1.61744 	 -3.063157
 2945.072641	 1.617291	 -3.098853
 2945.071953	 1.617283	 -3.094221
 2959.976565	 1.617142	 -3.129541
 2959.987709	 1.617209	 -3.109153
 2975.065729	 1.616983	 -3.135818
 2975.074192	 1.616961	 -3.144154
 2989.975997	 1.616757	 -3.153742
 2989.980868	 1.616783	 -3.163846
 3005.060519	 1.616636	 -3.176258
 3005.054476	 1.616725	 -3.193969
 3005.215286	 1.616583	 -3.202826
 3020.15175 	 1.616225	 -3.204801
 3020.141114	 1.616518	 -3.221699
 3035.047225	 1.616314	 -3.241323
 3035.044852	 1.616264	 -3.24079
 3050.133478	 1.616089	 -3.265498
 3050.145947	 1.616127	 -3.249902
 3065.034714	 1.61586 	 -3.288834
 3065.035744	 1.615977	 -3.295632
 3080.134417	 1.615914	 -3.308937
 3080.128669	 1.61584 	 -3.313811
 3095.026911	 1.615652	 -3.345561
 3095.027546	 1.615748	 -3.346632
 3110.11157 	 1.615659	 -3.368013
 3110.113026	 1.61551 	 -3.36628
 3125.011386	 1.615211	 -3.403013
 3125.006278	 1.615219	 -3.40443
 3140.107116	 1.61525 	 -3.417275
 3140.109902	 1.615151	 -3.42024
 3155.004771	 1.615021	 -3.449914
 3155.006209	 1.61506 	 -3.445258
 3170.093501	 1.614827	 -3.472845
 3170.08776 	 1.61479 	 -3.48339
 3184.985807	 1.614628	 -3.511917
 3184.993027	 1.614643	 -3.504648
 3200.077456	 1.614366	 -3.539589
 3200.081349	 1.614519	 -3.521429
 3214.981625	 1.614299	 -3.557725
 3214.982854	 1.614356	 -3.560453
 3230.081223	 1.61397 	 -3.579949
 3230.070579	 1.614172	 -3.593171
 3244.965737	 1.613928	 -3.620933
 3244.974306	 1.613986	 -3.622869
 3244.978235	 1.613893	 -3.604336
 3260.057328	 1.613709	 -3.649781
 3260.06677 	 1.613789	 -3.634606
 3275.144855	 1.613441	 -3.675797
 3275.147412	 1.613501	 -3.674983
 3290.05088 	 1.613249	 -3.70475
 3290.048932	 1.61337 	 -3.704811
 3305.137865	 1.613269	 -3.73069
 3305.140355	 1.613205	 -3.719727
 3320.034541	 1.613017	 -3.761363
 3320.038902	 1.613039	 -3.759035
 3335.119035	 1.612702	 -3.796641
 3335.125847	 1.612796	 -3.798778
 3350.032271	 1.612529	 -3.81329
 3350.025689	 1.612553	 -3.823734
 3365.121456	 1.612426	 -3.850209
 3365.114618	 1.612464	 -3.844325
 3380.005663	 1.612157	 -3.893063
 3380.014439	 1.612282	 -3.884562
 3395.105984	 1.611968	 -3.902185
 3395.100127	 1.611969	 -3.922961
 3409.99914 	 1.611765	 -3.944464
 3410.011244	 1.611633	 -3.947261
 3425.093924	 1.611402	 -3.981894
 3425.091658	 1.611483	 -3.968922
 3439.992389	 1.611322	 -4.003847
 3439.989067	 1.611357	 -4.009771
 3455.086085	 1.611177	 -4.036132
 3455.08076 	 1.611154	 -4.041097
 3469.980217	 1.610891	 -4.067223
 3469.97692 	 1.610804	 -4.067465
 3485.070306	 1.610567	 -4.104552
 3485.073967	 1.61062 	 -4.097616
 3499.979207	 1.610416	 -4.133423
 3499.967452	 1.610487	 -4.144778
 3515.053163	 1.610207	 -4.171622
 3515.06324 	 1.610168	 -4.166645
 3517.751714	 1.610206	 -4.144127
 3530.148537	 1.609948	 -4.190284
 3545.050519	 1.609833	 -4.22459
 3545.052794	 1.609899	 -4.222616
 3560.140232	 1.609343	 -4.274461
 3560.139466	 1.609486	 -4.262565
 3560.365023	 1.609515	 -4.254275
 3575.038145	 1.609243	 -4.285667
 3575.049943	 1.609247	 -4.278995
 3590.121033	 1.608974	 -4.32958
 3590.125441	 1.608944	 -4.343112
 3605.03447 	 1.608812	 -4.365901
 3605.032913	 1.608772	 -4.357242
 3620.114921	 1.608366	 -4.393295
 3620.119722	 1.608482	 -4.399838
 3635.01953 	 1.608175	 -4.422773
 3635.014502	 1.608305	 -4.433653
 3650.104075	 1.608005	 -4.46929
 3650.10506 	 1.607998	 -4.463118
 3665.000676	 1.607919	 -4.493245
 3665.006111	 1.607716	 -4.507901
 3680.081506	 1.607496	 -4.53696
 3680.094918	 1.607522	 -4.532735
 3694.990415	 1.607265	 -4.569285
 3695.001526	 1.607203	 -4.571965
 3710.086873	 1.607057	 -4.605741
 3710.074818	 1.607169	 -4.617266
 3724.97875 	 1.606722	 -4.646349
 3724.986083	 1.606673	 -4.632884
 3740.075524	 1.60647 	 -4.673513
 3740.065588	 1.606423	 -4.697852
 3755.165389	 1.606082	 -4.715785
 3755.16207 	 1.60634 	 -4.713046
 3770.05531 	 1.606082	 -4.751062
 3770.050979	 1.605999	 -4.760389
 3785.143042	 1.605699	 -4.796287
 3785.145033	 1.605626	 -4.803055
 3800.045602	 1.605394	 -4.827534
 3800.041031	 1.605446	 -4.831291
 3815.135728	 1.604949	 -4.86688
 3815.144276	 1.605115	 -4.864691
 3830.039814	 1.604757	 -4.904799
 3830.043228	 1.604854	 -4.901282
 3845.14207 	 1.604632	 -4.912902
 3845.129845	 1.604461	 -4.9496
 3860.040033	 1.604189	 -4.972086
 3860.033631	 1.604155	 -4.971264
 3875.123715	 1.603824	 -5.017886
 3875.114218	 1.603912	 -5.020908
 3890.01551 	 1.603558	 -5.05584
 3890.010326	 1.603566	 -5.067506
 3905.10608 	 1.603269	 -5.092321
 3905.098977	 1.603266	 -5.103531
 3920.005273	 1.603037	 -5.138716
 3920.00807 	 1.602989	 -5.141174
 3935.087475	 1.602736	 -5.180814
 3935.094996	 1.602655	 -5.171595
 3950.002563	 1.602461	 -5.203285
 3949.996981	 1.602412	 -5.21037
 3965.08073 	 1.60211 	 -5.262474
 3965.079452	 1.602132	 -5.258117
 3979.98096 	 1.60184 	 -5.305054
 3979.975944	 1.60175 	 -5.305329
 3995.060204	 1.60152 	 -5.357025
 3995.076651	 1.601353	 -5.334102
 4010.161565	 1.601135	 -5.379174
 4010.157064	 1.601069	 -5.38847
 4025.062013	 1.600765	 -5.42699
 4025.056691	 1.600767	 -5.433767
 4040.155568	 1.600474	 -5.455362
 4040.155235	 1.600464	 -5.461497
 4055.049476	 1.600208	 -5.516459
 4055.039913	 1.600124	 -5.529122
 4070.138985	 1.599932	 -5.562129
 4070.137484	 1.599657	 -5.554604
 4085.045014	 1.599276	 -5.598191
 4085.038751	 1.599469	 -5.592632
 4100.130539	 1.599068	 -5.644905
 4100.133244	 1.599149	 -5.63325
 4115.033961	 1.598609	 -5.684117
 4115.022838	 1.598721	 -5.695455
 4130.124032	 1.598355	 -5.727274
 4130.126017	 1.598275	 354.27418
 4145.013611	 1.598023	 -5.770087
 4145.020557	 1.597826	 -5.773012
 4160.095068	 1.597566	 -5.83008
 4160.111195	 1.597685	 -5.815268
 4175.011364	 1.597377	 -5.854486
 4175.014807	 1.59725 	 354.139825
 4190.086862	 1.596888	 -5.913131
 4190.089921	 1.596861	 -5.918262
 4204.991845	 1.596619	 -5.962382
 4205.007265	 1.596477	 -5.949307
 4220.076063	 1.596051	 -6.014397
 4220.081122	 1.59612 	 -6.020557
 4234.976673	 1.595624	 -6.059393
 4234.987351	 1.595591	 -6.046131
 4250.072454	 1.595247	 -6.101633
 4265.161776	 1.594971	 -6.147991
 4265.164943	 1.594858	 -6.142101
 4280.060873	 1.594467	 -6.206546
 4280.058282	 1.594744	 -6.207826
 4295.146772	 1.594106	 -6.254936
 4295.157536	 1.5942  	 -6.241666
 4310.046976	 1.593629	 -6.29273
 4310.047645	 1.593532	 -6.305687
 4325.138716	 1.593263	 -6.346978
 4325.139785	 1.593169	 -6.347964
 4340.04837 	 1.593064	 -6.381062
 4340.045131	 1.592859	 -6.391872
 4355.133102	 1.592374	 -6.431531
 4355.122149	 1.592395	 -6.459617
 4370.030694	 1.59196 	 -6.49673
 4370.028994	 1.592061	 -6.494873
 4374.022665	 1.591818	 -6.454546
 4385.122787	 1.591464	 -6.570157
 4400.027607	 1.590891	 -6.589294
 4400.019878	 1.590996	 -6.603439
 4415.109225	 1.590613	 -6.651009
 4415.110213	 1.590633	 -6.657833
 4430.001395	 1.590026	 -6.713331
 4430.01182 	 1.590075	 -6.700287
 4445.096887	 1.589614	 -6.759625
 4445.087012	 1.589694	 -6.764089
 4459.994568	 1.5892  	 -6.813323
 4459.997207	 1.589242	 -6.809458
 4475.086225	 1.588702	 -6.865793
 4475.083224	 1.588664	 -6.875199
 4490.176163	 1.58814 	 -6.92472
 4490.168236	 1.588128	 -6.927964
 4505.079227	 1.587701	 -6.97563
 4505.06601 	 1.587725	 -6.981478
 4520.158407	 1.587142	 -7.023615
 4520.162524	 1.587369	 -7.040179
 4535.06039 	 1.586629	 -7.088498
 4535.067097	 1.586564	 -7.089371
 4550.14951 	 1.586089	 -7.1398
 4550.15275 	 1.586084	 -7.143356
 4565.04154 	 1.585643	 -7.216969
 4565.058267	 1.585626	 -7.203709
 4580.132504	 1.585087	 -7.26232
 4580.150068	 1.585066	 -7.269401
 4595.036432	 1.584636	 -7.324114
 4595.036153	 1.584461	 -7.335152
 4610.121402	 1.583989	 -7.395938
 4610.134551	 1.583918	 -7.377462
 4625.029256	 1.583492	 -7.440679
 4625.043677	 1.58353 	 -7.430027
 4640.113596	 1.582885	 -7.508878
 4640.123892	 1.582694	 -7.49161
 4655.019562	 1.582313	 -7.561093
 4655.022078	 1.582243	 -7.554503
 4670.10163 	 1.581701	 -7.631882
 4670.109205	 1.581734	 -7.627686
 4685.007515	 1.581239	 352.319729
 4685.010393	 1.5812  	 -7.682503
 4700.090795	 1.580701	 -7.747152
 4700.091302	 1.580457	 -7.748452
 4714.993688	 1.579966	 -7.817687
 4715.002655	 1.579919	 -7.808866
 4730.088818	 1.579277	 -7.873353
 4730.095528	 1.579201	 -7.857433
 4745.169312	 1.578581	 -7.941724
 4745.172971	 1.578777	 -7.944833
 4760.075582	 1.577994	 -8.005703
 4760.083192	 1.577906	 -7.997125
 4775.155126	 1.577347	 -8.080202
 4775.155684	 1.577478	 -8.090446
 4790.065877	 1.576752	 -8.128555
 4790.059565	 1.576614	 -8.122249
 4805.14836 	 1.576136	 -8.194801
 4805.154854	 1.576106	 -8.202428
 4820.044539	 1.57545 	 -8.270626
 4820.066301	 1.575426	 -8.263597
 4835.137564	 1.57473 	 -8.332864
 4835.131439	 1.57473 	 -8.343851
 4850.04045 	 1.574055	 -8.401689
 4850.044912	 1.574043	 -8.397973
 4865.122585	 1.5733  	 -8.482318
 4880.029491	 1.572642	 -8.546791
 4880.028653	 1.57272 	 -8.547609
 4895.11547 	 1.571868	 -8.617699
 4895.120214	 1.571868	 -8.599706
 4910.019987	 1.571089	 -8.6873
 4910.019253	 1.571105	 -8.675905
 4925.113172	 1.570453	 -8.758498
 4925.105168	 1.570443	 -8.752713
 4940.007645	 1.569606	 -8.835641
 4940.006567	 1.569603	 -8.830659
 4955.097697	 1.56896 	 -8.888379
 4955.095635	 1.568863	 -8.900015
 4969.9919  	 1.567959	 -8.969523
 4969.991119	 1.568048	 -8.975955
 4985.088831	 1.56733 	 -9.049568
 4985.077367	 1.5674  	 -9.038394
 5000.183383	 1.566764	 -9.1055
 5000.179392	 1.566327	 350.891725
 5015.075595	 1.565627	 -9.203133
 5015.082442	 1.565658	 -9.191301
 5030.158799	 1.564821	 -9.273163
 5030.159582	 1.564906	 -9.286523
 5045.060393	 1.563958	 -9.352005
 5045.064399	 1.563999	 -9.344105
 5060.149273	 1.563187	 -9.430495
 5060.151163	 1.563119	 -9.425699
 5075.053685	 1.562294	 -9.508471
 5090.142162	 1.561395	 -9.586161
 5090.138479	 1.561302	 -9.594724
 5105.043249	 1.560495	 -9.653866
 5105.039855	 1.560536	 -9.673779
 5120.131087	 1.559485	 -9.749206
 5120.130161	 1.559509	 -9.761012
 5135.032227	 1.558623	 -9.82565
 5135.034959	 1.558528	 -9.827245
 5150.114091	 1.557601	 -9.907194
 5150.129195	 1.557691	 -9.903831
 5165.024562	 1.55684 	 -9.991127
 5165.02098 	 1.556713	 -9.997993
 5180.111419	 1.55569 	 -10.079168
 5180.101567	 1.555806	 -10.085661
 5195.008142	 1.554772	 -10.154035
 5195.003141	 1.55465 	 -10.185605
 5210.095162	 1.553726	 -10.254636
 5210.099446	 1.55378 	 -10.266273
 5225.187299	 1.552801	 -10.327808
 5240.08453 	 1.551635	 -10.431899
 5240.092473	 1.551634	 -10.428881
 5255.161757	 1.55065 	 -10.53084
 5255.169285	 1.550594	 -10.519354
 5270.079188	 1.549482	 -10.609723
 5270.076382	 1.549507	 -10.602969
 5285.16179 	 1.548368	 -10.700364
 5285.166954	 1.548395	 -10.701789
 5300.060643	 1.547283	 -10.794751
 5300.064503	 1.547149	 -10.789228
 5315.154833	 1.546195	 -10.881756
 5315.158917	 1.5461  	 -10.87919
 5330.058092	 1.545008	 -10.970779
 5330.046724	 1.544968	 -10.98362
 5345.141532	 1.543856	 -11.068511
 5347.699645	 1.543825	 -11.025203
 5360.044654	 1.542658	 -11.162194
 5375.136519	 1.541384	 -11.265239
 5375.12636 	 1.541376	 -11.269506
 5390.028826	 1.540119	 -11.341817
 5390.019923	 1.540152	 -11.364983
 5405.107189	 1.53893 	 -11.46613
 5405.118644	 1.538861	 -11.456144
 5420.019538	 1.537654	 -11.554155
 5420.014337	 1.537698	 -11.573865
 5435.109486	 1.536121	 -11.653485
 5435.110483	 1.536268	 -11.666832
 5450.015813	 1.534822	 -11.756096
 5450.008392	 1.53493 	 -11.766407
 5465.102664	 1.533602	 -11.86373
 5465.098863	 1.533359	 -11.856883
 5480.178552	 1.532254	 -11.964007
 5495.088434	 1.530705	 -12.064318
 5495.085335	 1.530844	 -12.073192
 5510.179504	 1.529296	 -12.164026
 5510.171705	 1.529285	 -12.176376
 5525.075536	 1.527894	 -12.272167
 5525.072666	 1.527787	 -12.285865
 5540.174775	 1.526274	 -12.379261
 5540.169072	 1.526189	 -12.377821
 5555.058874	 1.52484 	 -12.503562
 5555.07404 	 1.52487 	 -12.497428
 5570.144226	 1.52316 	 347.396302
 5570.15514 	 1.523232	 -12.601992
 5585.050881	 1.52159 	 -12.709608
 5600.14386 	 1.520102	 -12.818278
 5600.142072	 1.520054	 -12.816122
 5615.043634	 1.518489	 -12.925667
 5615.047256	 1.518457	 -12.938185
 5630.126142	 1.516778	 -13.059941
 5630.142147	 1.516556	 -13.033982
 5645.029021	 1.515094	 -13.156957
 5645.029465	 1.515   	 -13.162818
 5660.121815	 1.513306	 -13.282042
 5660.118159	 1.513266	 -13.282505
 5675.022001	 1.511524	 -13.401048
 5675.02973 	 1.511469	 -13.385628
 5690.110787	 1.509615	 -13.517139
 5705.009343	 1.507994	 -13.635268
 5705.008444	 1.507712	 -13.639304
 5720.092227	 1.506069	 -13.748617
 5720.104121	 1.505906	 -13.752263
 5735.18028 	 1.503999	 -13.882466
 5735.184666	 1.50405 	 -13.876076
 5750.092383	 1.502033	 -13.993868
 5750.089281	 1.502053	 -13.990078
 5765.174031	 1.50008 	 -14.117685
 5765.172083	 1.50002 	 -14.127715
 5780.080045	 1.497963	 -14.249046
 5795.168109	 1.495855	 -14.367985
 5795.168992	 1.495923	 -14.361343
 5810.073048	 1.493805	 -14.493103
 5810.072523	 1.493815	 345.50661
 5825.145518	 1.491576	 -14.63226
 5825.149903	 1.491534	 -14.628234
 5840.058235	 1.489451	 -14.749976
 5840.051229	 1.489352	 -14.767543
 5855.143477	 1.487236	 -14.893919
 5862.735404	 1.485681	 -14.822702
 5870.035581	 1.484891	 -15.030232
 5885.142411	 1.482472	 -15.146614
 5885.13487 	 1.482444	 -15.157041
 5900.034262	 1.480017	 -15.282164
 5900.034436	 1.480084	 -15.304401
 5915.121286	 1.477652	 -15.434925
 5915.124879	 1.477656	 -15.432562
 5930.020944	 1.475215	 -15.569053
 5930.023443	 1.47511 	 -15.564607
 5945.111485	 1.472537	 -15.692538
 5945.104412	 1.472562	 -15.706103
 5960.201864	 1.469878	 344.153771
 5975.097607	 1.467377	 -15.986665
 5975.093111	 1.467285	 -15.991886
 5990.187761	 1.464584	 -16.123891
 5990.185928	 1.464557	 -16.123791
 6005.088607	 1.46181 	 -16.266784
 6005.083155	 1.461792	 -16.280555
 6020.172409	 1.459037	 -16.413857
 6020.175032	 1.45876 	 343.583112
 6035.069568	 1.456106	 -16.570944
 6035.085386	 1.456008	 -16.549387
 6050.165492	 1.453059	 -16.700627
 6050.162921	 1.452948	 -16.707606
 6065.063234	 1.450064	 343.142935
 6080.151433	 1.446952	 -17.000261
 6080.1572  	 1.446903	 -17.002546
 6095.057966	 1.44383 	 -17.142814
 6095.053492	 1.44377 	 -17.153012
 6110.145136	 1.440546	 -17.288467
 6110.144157	 1.440499	 -17.304081
 6125.036491	 1.437081	 -17.46458
 6140.131531	 1.433819	 -17.602819
 6140.127194	 1.433759	 -17.607733
 6155.02481 	 1.430356	 -17.764556
 6155.035397	 1.43039 	 -17.764702
 6170.122156	 1.426769	 -17.909916
 6170.121331	 1.42679 	 -17.911514
 6185.023585	 1.423057	 -18.068224
 6200.109293	 1.419443	 -18.223027
 6200.109812	 1.419354	 -18.225374
 6215.202822	 1.415719	 -18.378154
 6215.206918	 1.415538	 341.624374
 6230.098378	 1.411736	 -18.549112
 6230.103424	 1.411646	 341.459998
 6245.184917	 1.40775 	 -18.710102
 6245.184765	 1.40758 	 -18.710706
 6260.090341	 1.403613	 -18.863437
 6260.087043	 1.403436	 -18.864305
 6275.181703	 1.399316	 -19.019948
 6290.076483	 1.395283	 -19.186262
 6290.079833	 1.395338	 -19.182063
 6305.163273	 1.390932	 -19.341607
 6305.163378	 1.390794	 -19.352009
 6320.067691	 1.386314	 340.488964
 6320.064507	 1.386405	 -19.508672
 6335.148442	 1.381894	 -19.687878
 6335.152793	 1.381663	 -19.682328
 6350.05875 	 1.377064	 -19.840759
 6365.138638	 1.372258	 -20.011748
 6365.149397	 1.372166	 -20.007907
 6380.047527	 1.367444	 339.82747
 6380.048835	 1.367358	 -20.156185
 6395.135342	 1.362321	 -20.317134
 6395.131372	 1.362343	 -20.342725
 6410.044327	 1.357227	 -20.489678
 6410.031928	 1.357129	 -20.490528
 6425.116283	 1.351797	 -20.664906
 6440.02652 	 1.346589	 -20.81822
 6440.021472	 1.34646 	 -20.829643
 6455.109443	 1.340902	 -20.982644
 6455.108415	 1.340836	 -20.987865
 6470.201444	 1.335024	 -21.14645
 6470.200097	 1.334999	 -21.154039
 6485.094222	 1.32944 	 338.680413
 6485.105154	 1.329326	 -21.302176
 6500.186113	 1.323382	 -21.467857
 6515.088896	 1.317564	 -21.629562
 6515.0835  	 1.317272	 -21.639995
 6530.180713	 1.311248	 -21.786545
 6530.168688	 1.310983	 -21.793971
 6545.080452	 1.304727	 -21.933477
 6545.083724	 1.304521	 -21.942926
 6560.162854	 1.297986	 -22.098841
 6560.164921	 1.29785 	 -22.109337
 6575.072004	 1.29116 	 -22.257305
 6590.157868	 1.284553	 -22.401966
 6590.151119	 1.284316	 -22.40377
 6605.064838	 1.277496	 -22.547965
 6605.068953	 1.277299	 -22.555234
 6620.143644	 1.270045	 -22.700381
 6620.14526 	 1.26992 	 -22.706824
 6635.050056	 1.262747	 -22.84809
 6650.13845 	 1.255227	 -22.981287
 6650.129441	 1.254997	 -22.99207
 6665.031285	 1.247509	 336.874561
 6665.034403	 1.247215	 -23.131963
 6680.121075	 1.239477	 -23.251868
 6680.119045	 1.23919 	 -23.260584
 6695.205106	 1.231284	 -23.393932
 6695.209977	 1.231132	 -23.392138
 6710.109458	 1.22298 	 -23.512566
 6725.201927	 1.214454	 -23.624852
 6725.197003	 1.214287	 -23.632539
 6740.10087 	 1.205887	 -23.734817
 6740.10237 	 1.205658	 -23.730259
 6755.185954	 1.196899	 -23.856802
 6755.185086	 1.196642	 -23.846041
 6770.085208	 1.187692	 -23.939808
 6770.673406	 1.187154	 -23.879284
 6785.181545	 1.178305	 -24.023639
 6800.082883	 1.169208	 -24.122586
 6800.082775	 1.168904	 -24.113967
 6815.170819	 1.159203	 -24.194875
 6815.165522	 1.159055	 -24.203341
 6830.069536	 1.149425	 -24.263843
 6830.06422 	 1.149156	 -24.267016
 6845.159805	 1.13917 	 -24.318095
 6845.160458	 1.139137	 335.705736
 6860.061713	 1.128945	 -24.358949
 6875.149233	 1.118589	 -24.383479
 6875.14511 	 1.118107	 -24.400154
 6890.043296	 1.107776	 -24.420092
 6890.049774	 1.107427	 -24.406565
 6905.138054	 1.096618	 -24.427249
 6905.131976	 1.096541	 -24.433237
 6920.040542	 1.085557	 335.586799
 6935.120115	 1.074398	 -24.395001
 6935.123365	 1.074168	 -24.386042
 6950.210015	 1.062701	 -24.36566
 6950.213383	 1.062511	 -24.355975
 6965.110339	 1.051   	 335.693533
 6965.113734	 1.050776	 -24.31291
 6980.201141	 1.039052	 -24.216027
 6995.102721	 1.02729 	 -24.133155
 6995.100542	 1.027068	 -24.1241
 7010.190398	 1.014949	 -24.019007
 7010.192744	 1.01476 	 -24.019112
 7025.093266	 1.002478	 -23.889326
 7025.087781	 1.002311	 -23.889554
 7040.178036	 0.98989 	 -23.730923
 7055.084872	 0.977468	 -23.545541
 7055.082132	 0.977163	 -23.526622
 7070.176513	 0.964486	 -23.323692
 7070.169401	 0.964257	 -23.314935
 7085.068316	 0.951618	 -23.082944
 7085.067469	 0.951466	 -23.075584
 7100.153264	 0.938388	 -22.809802
 7115.057714	 0.925589	 -22.508409
 7115.059401	 0.925282	 -22.514755
 7130.152074	 0.912152	 -22.163349
 7130.149975	 0.911954	 -22.13747
 7145.049465	 0.899021	 -21.7546
 7145.046081	 0.898772	 338.197103
 7160.136842	 0.885524	 -21.355165
 7175.037885	 0.872716	 -20.900324
 7175.035604	 0.872263	 -20.898395
 7190.131692	 0.859199	 -20.42471
 7190.11936 	 0.859021	 -20.417336
 7205.211832	 0.845858	 -19.861764
 7205.207358	 0.845659	 -19.868039
 7220.110291	 0.832808	 -19.307201
 7235.202279	 0.820036	 -18.67561
 7235.208946	 0.819829	 -18.651938
 7250.103802	 0.807248	 -17.983373
 7250.102284	 0.807095	 -17.951417
 7265.184939	 0.794486	 342.756635
 7265.187528	 0.794342	 -17.218043
 7280.087912	 0.782049	 -16.441576
 7280.09581 	 0.781932	 -16.424364
 7295.175841	 0.769836	 -15.586892
 7310.084386	 0.758147	 345.298589
 7310.074412	 0.757953	 -14.691152
 7325.165539	 0.746548	 -13.732359
 7325.169327	 0.746454	 -13.71505
 7340.074852	 0.735398	 -12.712131
 7355.160691	 0.724754	 -11.64442
 7355.164062	 0.724749	 -11.599798
 7370.053071	 0.714648	 -10.530726
 7370.054178	 0.714594	 -10.499422
 7385.148591	 0.704888	 -9.308502
 7385.147747	 0.704973	 -9.289558
 7400.045994	 0.695991	 -8.082345
 7400.046176	 0.695877	 -8.059293
 7415.131161	 0.687435	 -6.781374
 7430.222178	 0.679701	 -5.431725
 7430.217922	 0.679633	 -5.413713
 7445.126943	 0.672604	 355.992559
 7445.126664	 0.67256 	 -3.998236
 7460.216055	 0.666074	 -2.541197
 7475.110714	 0.660655	 -1.078607
 7475.115567	 0.660664	 -1.042356
 7490.204598	 0.655695	 0.471522
 7490.197661	 0.655746	 0.484039
 7505.105382	 0.651763	 2.019946
 7505.100516	 0.651893	 2.034517
 7520.193136	 0.648628	 3.625227
 7535.090546	 0.646418	 5.218838
 7535.088295	 0.646403	 5.206595
 7550.175881	 0.644931	 6.834657
 7550.1724  	 0.644916	 6.841581
 7565.080963	 0.644451	 8.461591
 7580.167979	 0.644712	 10.091002
 7580.164266	 0.644844	 10.077442
 7595.064524	 0.645889	 11.698772
 7595.068904	 0.645898	 11.689629
 7610.157694	 0.648027	 13.276358
 7610.157953	 0.648018	 13.274784
 7625.053671	 0.650845	 14.813179
 7640.144711	 0.654571	 16.386855
 7640.151744	 0.654605	 16.361756
 7655.045254	 0.659007	 17.837857
 7655.049618	 0.659085	 17.860086
 7670.135067	 0.66424 	 19.312158
 7685.227104	 0.670213	 20.76192
 7685.222925	 0.670042	 20.740174
 7700.126613	 0.676503	 22.136214
 7700.129565	 0.676561	 22.106962
 7715.210928	 0.683773	 23.423369
 7715.217039	 0.683796	 23.449553
 7730.110158	 0.691343	 24.694942
 7745.202449	 0.699836	 25.892691
 7745.201014	 0.699672	 25.896791
 7760.097066	 0.708403	 -332.94901
 7760.101913	 0.708593	 -332.942136
 7775.191637	 0.717756	 28.132445
 7790.092042	 0.72733 	 29.204483
 7790.094389	 0.72723 	 29.19798
 7805.189234	 0.737399	 30.19577
 7805.173439	 0.737419	 30.192692
 7820.078745	 0.747691	 31.136641
 7835.172145	 0.758436	 32.023034
 7835.170907	 0.758326	 32.022641
 7850.064252	 0.769178	 32.848104
 7850.076483	 0.769093	 32.876142
 7865.158231	 0.780328	 33.645958
 7865.156389	 0.780171	 33.64229
 7880.061037	 0.791266	 34.392734
 7895.143154	 0.802808	 35.074721
 7895.146113	 0.802964	 35.068626
 7910.049694	 0.81408 	 35.707803
 7910.046251	 0.813999	 35.704764
 7925.140621	 0.825784	 36.304069
 7940.222618	 0.83759 	 36.84842
 7940.226351	 0.837522	 36.85719
 7955.126448	 0.849127	 37.380241
 7955.125746	 0.849   	 -322.604
 7970.212104	 0.860813	 -322.144041
 7985.116413	 0.872592	 38.308421
 7985.123369	 0.872306	 38.306185
 8000.190996	 0.884269	 38.723945
 8000.196966	 0.884117	 38.710457
 8015.104674	 0.895631	 -320.90735
 8030.187129	 0.907595	 -320.561211
 8030.191072	 0.907293	 39.466297
 8045.091936	 0.918845	 39.763551
 8045.096467	 0.918575	 39.789014
 8060.176087	 0.930252	 40.062923
 8075.089216	 0.941729	 40.351516
 8075.083714	 0.94144 	 40.327271
 8090.164389	 0.952886	 40.576693
 8090.171364	 0.952706	 -319.440053
 8105.071687	 0.963767	 40.787545
 8120.162108	 0.975234	 40.983375
 8120.161573	 0.974838	 -319.012154
 8135.061834	 0.98598 	 41.174395
 8135.055649	 0.985755	 41.15424
 8150.146935	 0.996691	 41.326713
 8165.241814	 1.007549	 41.465796
 8165.229132	 1.007349	 41.484834
 8180.138355	 1.017859	 41.598492
 8180.127837	 1.017485	 41.579451
 8195.2172  	 1.02823 	 41.709589
 8210.124434	 1.038471	 -318.215624
 8210.125854	 1.038297	 41.796181
 8225.209516	 1.048454	 41.862973
 8225.21067 	 1.048379	 41.872858
 8240.126677	 1.058276	 41.935118
 8255.209292	 1.068216	 41.980234
 8255.199279	 1.068102	 41.979134
 8270.10127 	 1.07777 	 42.021536
 8270.110386	 1.077371	 42.044217
 8285.193185	 1.087074	 42.050634
 8286.663842	 1.087718	 42.113173
 8300.098816	 1.096412	 -317.933704
 8315.178842	 1.105492	 42.067469
 8315.178836	 1.10541 	 -317.928585
 8330.083377	 1.114305	 42.080686
 8330.093578	 1.114278	 42.082268
 8345.18005 	 1.123304	 42.083745
 8360.071227	 1.132114	 42.051991
 8360.067024	 1.131802	 42.040985
 8375.156268	 1.140434	 -317.972506
 8375.158448	 1.140326	 42.009778
 8390.064654	 1.148701	 42.000524
 8405.149479	 1.156976	 -318.042421
 8405.152699	 1.156922	 41.956311
 8420.236443	 1.164978	 41.906864
 8435.140654	 1.173153	 41.837514
 8435.139114	 1.172733	 41.855754
 8450.231484	 1.180805	 -318.192868
 8450.227826	 1.180588	 -318.194386
 8465.130179	 1.188096	 41.746673
 8480.219406	 1.195678	 41.673404
 8480.219868	 1.195731	 41.677898
 8495.110871	 1.202959	 41.59139
 8495.115882	 1.202713	 41.594124
 8510.203031	 1.210109	 41.529996
 8525.098665	 1.21712 	 41.430622
 8525.10138 	 1.216962	 41.441579
 8540.192049	 1.224044	 41.369904
 8540.194369	 1.22395 	 41.362003
 8555.087992	 1.2307  	 41.269525
 8570.173972	 1.237499	 41.184351
 8570.174173	 1.237214	 41.179695
 8585.086611	 1.243919	 41.096132
 8585.078488	 1.24366 	 41.102208
 8600.173785	 1.250254	 40.998921
 8615.070437	 1.256702	 40.890982
 8615.078003	 1.256321	 40.90166
 8630.159413	 1.262477	 40.801805
 8645.05952 	 1.268575	 40.693417
 8645.062167	 1.268556	 40.696048
 8660.151738	 1.274566	 40.597051
 8660.146933	 1.274534	 40.592596
 8675.238381	 1.280251	 -319.504186
 8690.133363	 1.285956	 40.369568
 8690.144531	 1.285817	 40.389196
 8705.222837	 1.291556	 40.270199
 8720.12234 	 1.29711 	 40.15605
 8720.126228	 1.296945	 40.162982
 8735.209563	 1.302261	 40.036534
 8735.221614	 1.302184	 40.052907
 8750.120833	 1.307477	 39.949841
 8765.206236	 1.312784	 39.822232
 8765.211007	 1.312801	 39.82299
 8780.099873	 1.317733	 39.711425
 8795.190906	 1.322849	 39.580345
 8795.190497	 1.322739	 39.595171
 8810.091995	 1.327596	 39.48123
 8810.104195	 1.32747 	 39.478627
 8825.175709	 1.332255	 39.346081
 8840.089863	 1.336959	 39.236276
 8840.086169	 1.336902	 -320.759471
 8855.17287 	 1.341585	 39.117942
 8870.076691	 1.346059	 38.990212
 8870.073645	 1.345896	 39.003773
 8885.161216	 1.350545	 38.88061
 8885.163366	 1.350469	 38.886647
 8900.245319	 1.3546  	 38.750025
 8915.155437	 1.359091	 38.638993
 8915.148816	 1.358916	 38.644413
 8930.237688	 1.363124	 38.509802
 8945.137238	 1.367228	 38.394678
 8945.139252	 1.367104	 38.387511
 8960.227242	 1.371171	 38.267439
 8975.125488	 1.37509 	 38.142793
 8975.124395	 1.374985	 38.160103
 8990.223401	 1.378864	 38.046213
 8990.223072	 1.378736	 38.03591
 9005.112919	 1.382568	 37.912561
 9020.204605	 1.386474	 37.800452
 9020.204268	 1.386349	 37.798453
 9035.099465	 1.390059	 37.670175
 9050.197067	 1.393569	 37.553571
 9050.192807	 1.393577	 37.558662
 9065.091241	 1.397074	 37.433395
 9080.183443	 1.400425	 37.292049
 9080.173544	 1.400484	 37.297682
 9095.086981	 1.403779	 37.197187
 9095.088499	 1.403622	 -322.780694
 9110.175133	 1.407124	 37.085735
 9125.079638	 1.410487	 36.962108
 9125.0761  	 1.410239	 36.961764
 9140.165849	 1.413696	 36.84756
 9155.2457  	 1.416732	 36.699845
 9155.240225	 1.416721	 36.715434
 9170.146901	 1.419846	 36.601997
 9185.247802	 1.422897	 36.487802
 9185.242952	 1.422765	 36.494657
 9200.14219 	 1.425713	 36.369337
 9200.138189	 1.425658	 36.370736
 9215.224754	 1.428624	 36.249416
 9230.128444	 1.431524	 36.132492
 9230.119308	 1.43131 	 36.13613
 9245.220253	 1.434347	 36.02737
 9260.119714	 1.437086	 35.897929
 9260.126198	 1.436858	 35.924841
 9275.207498	 1.439681	 35.797878
 9290.110536	 1.442368	 35.690055
 9290.110485	 1.442296	 -324.304747
 9305.194678	 1.444791	 35.573463
 9320.094667	 1.447547	 35.461021
 9320.092914	 1.447372	 -324.537575
 9335.182809	 1.449942	 35.355849
 9335.189922	 1.449908	 35.362705
 9350.085829	 1.452392	 35.247785
 9365.174101	 1.4549  	 35.136378
 9365.179402	 1.454658	 35.147131
 9380.081829	 1.457237	 35.033352
 9395.16092 	 1.459515	 34.920821
 9395.167487	 1.459584	 34.919608
 9410.249932	 1.461841	 34.815497
 9425.155445	 1.46421 	 -325.302975
 9425.156056	 1.464138	 34.725394
 9440.234904	 1.46638 	 34.601662
 9440.24264 	 1.466275	 34.609068
 9455.137272	 1.468514	 34.495544
 9470.233693	 1.470603	 34.401145
 9470.232838	 1.470634	 34.401225
 9485.132918	 1.47264 	 34.294119
 9500.217326	 1.474801	 34.18783
 9500.217782	 1.474728	 34.190046
 9515.116444	 1.476831	 34.082167
 9530.207093	 1.478816	 33.984611
 9530.211088	 1.478689	 33.978655
 9545.10592 	 1.480748	 -326.116514
 9560.198914	 1.482683	 33.798626
 9560.205416	 1.482604	 33.800319
 9575.098963	 1.484484	 33.68196
 9590.186152	 1.486373	 33.591724
 9590.187601	 1.486397	 -326.402054
 9605.085672	 1.488228	 33.482332
 9605.085642	 1.488168	 33.498834
 9620.175671	 1.489963	 -326.613802
 9635.269712	 1.491922	 33.292529
 9635.259868	 1.491864	 33.287164
 9650.166663	 1.493512	 33.205715
 9665.252519	 1.495222	 33.103584
 9665.250244	 1.495311	 33.110344
 9680.148413	 1.496822	 33.011657
 9695.239926	 1.498531	 32.91339
 9695.239226	 1.498601	 32.924252
 9710.141933	 1.500068	 32.823974
 9725.229139	 1.501807	 32.730833
 9725.224922	 1.501793	 32.730923
 9740.135236	 1.503381	 32.658584
 9755.214821	 1.504896	 32.538709
 9755.212966	 1.504971	 32.553219
 9770.120591	 1.506453	 32.461502
 9775.640297	 1.506873	 32.59062
 9785.200204	 1.50803 	 32.369716
 9800.107741	 1.509496	 32.292946
 9800.099678	 1.50939 	 32.282557
 9815.186773	 1.51088 	 32.190416
 9830.09672 	 1.512356	 32.115973
 9830.097837	 1.512365	 32.110302
 9845.179638	 1.51377 	 32.027296
 9860.090495	 1.515228	 31.951201
 9860.088483	 1.515244	 31.950717
 9875.171857	 1.516562	 31.86423
 9890.25627 	 1.51782 	 -328.229193
 9890.267933	 1.517831	 31.788542
 9905.160106	 1.519179	 31.686705
 9920.253576	 1.520449	 31.59888
 9920.24804 	 1.520488	 31.608812
 9935.153337	 1.521811	 -328.463826
 9950.243695	 1.523091	 31.456486
 9950.245109	 1.523009	 31.450654
 9965.135518	 1.524335	 31.355476
 9980.2294  	 1.525426	 31.302464
 9980.222818	 1.525495	 31.285771
 9995.124767	 1.526598	 31.191978
10010.22811 	 1.528035	 31.133369
10010.20178 	 1.528059	 31.108635
10025.12029 	 1.529111	 31.056384
10040.20271 	 1.530068	 30.972088
10040.20973 	 1.530211	 30.977585
10055.10243 	 1.531452	 30.896297
10070.20647 	 1.532539	 30.833174
10070.20208 	 1.532489	 30.825458
10085.10571 	 1.533526	 -329.235151
10100.18545 	 1.534825	 30.6699
10100.18615 	 1.534547	 30.68182
10115.08833 	 1.535661	 30.608536
10130.17346 	 1.536732	 30.532486
10130.16987 	 1.536814	 30.533634
10145.26384 	 1.537764	 30.461975
10160.1645  	 1.538823	 30.392954
10160.16576 	 1.538802	 30.399652
10175.26268 	 1.539889	 30.345588
10190.15502 	 1.540864	 30.244192
10190.15849 	 1.540815	 30.2645
10205.23994 	 1.541884	 30.179476
10220.1345  	 1.542781	 30.096171
10220.14196 	 1.542735	 30.109553
10235.22739 	 1.543752	 30.043826
10250.13459 	 1.54468 	 29.983235
10250.13166 	 1.544571	 29.980393
10265.22043 	 1.545501	 29.90773
10280.11735 	 1.546503	 29.835665
10280.1194  	 1.546477	 29.838107
10295.21207 	 1.547283	 29.786226
10310.11142 	 1.548208	 29.71069
10310.10709 	 1.548346	 29.712207
10325.19716 	 1.549311	 -330.349255
10340.09937 	 1.549953	 29.579058
10340.09665 	 1.549963	 29.585028
10355.18511 	 1.550834	 29.514929
10370.27322 	 1.551619	 29.459348
10370.28472 	 1.551831	 29.478217
10385.18333 	 1.552541	 29.398011
10400.27287 	 1.553396	 29.335788
10415.16239 	 1.554086	 29.278553
10415.16044 	 1.554232	 29.263799
10430.25808 	 1.554975	 29.215088
10445.153   	 1.555712	 -330.85729
10445.15432 	 1.555764	 29.15704
10460.24466 	 1.556522	 29.09427
10475.13916 	 1.557272	 29.022228
10475.15059 	 1.557295	 29.034309
10490.2303  	 1.558144	 28.964236
10505.13525 	 1.558712	 28.911132
10505.12853 	 1.558704	 28.899301
10520.22956 	 1.559394	 28.860601
10535.1253  	 1.560242	 28.804098
10535.11731 	 1.560282	 28.793956
10550.20822 	 1.560773	 28.748914
10565.10982 	 1.561749	 28.678316
10565.11258 	 1.56175 	 28.691455
10580.19445 	 1.562345	 -331.383639
10595.09703 	 1.563095	 28.568602
10610.18428 	 1.563748	 28.500706
10610.18385 	 1.563671	 28.515615
10625.2783  	 1.564416	 28.458539
10640.17192 	 1.564989	 -331.594729
10640.17492 	 1.565077	 28.394959
10655.26787 	 1.565704	 28.35498
10670.17046 	 1.566271	 28.306908
10670.15958 	 1.566463	 28.294475
10685.25582 	 1.567027	 28.242148
10700.15967 	 1.567585	 28.193118
10700.16277 	 1.567601	 28.203257
10715.24112 	 1.568208	 28.138297
10730.1427  	 1.568762	 28.099482
10730.13859 	 1.568885	 28.083207
10745.22702 	 1.569568	 28.043079
10760.13759 	 1.570069	 27.995204
10775.21376 	 1.570566	 27.935091
10775.22694 	 1.57075 	 27.950175
10790.12695 	 1.571286	 27.890827
10805.21118 	 1.571824	 27.838248
10805.21192 	 1.571785	 27.844566
10820.11076 	 1.572412	 27.79424
10835.20367 	 1.573007	 27.7501
10835.20036 	 1.572979	 27.749554
10850.10155 	 1.573551	 27.695397
10865.19077 	 1.573997	 27.654529
10880.27535 	 1.574651	 27.59635
10880.28293 	 1.57458 	 27.602833
10895.17234 	 1.575099	 27.543272
10910.26742 	 1.575674	 27.507443
10910.25743 	 1.575661	 27.491305
10925.1708  	 1.576227	 27.463814
10940.25571 	 1.57685 	 27.41276
10942.79538 	 1.577242	 27.449502
10955.16414 	 1.577184	 27.371981
10970.24637 	 1.577739	 27.33561
10985.14714 	 1.578179	 27.287105
10985.16143 	 1.57814 	 27.309056
11000.23343 	 1.578601	 27.241013
11015.12659 	 1.579153	 27.191796
11015.13595 	 1.579032	 27.196473
11030.22212 	 1.579659	 27.15522
11045.12363 	 1.580152	 27.102995
11046.6125  	 1.579448	 27.138782
11060.20662 	 1.580585	 27.062049
11075.11351 	 1.581135	 27.033824
11090.19872 	 1.581666	 26.974491
11090.19614 	 1.581449	 26.973499
11105.28062 	 1.581896	 26.946452
11120.19565 	 1.582383	 26.888367
11120.17194 	 1.582388	 26.889291
11135.28159 	 1.58301 	 26.857723
11150.18119 	 1.58321 	 -333.181883
11150.1847  	 1.583214	 26.820336
11165.26353 	 1.583641	 26.774939
11180.16592 	 1.584052	 26.744178
11195.25869 	 1.58454 	 26.707229
11195.2619  	 1.584523	 26.704222
11210.15571 	 1.585075	 26.661292
11225.24758 	 1.585493	 26.617628
11225.24146 	 1.5854  	 26.620243
11240.14944 	 1.585865	 26.588197
11255.23312 	 1.586228	 26.541132
11270.12874 	 1.58664 	 26.513404
11270.13629 	 1.586629	 26.508836
11285.21891 	 1.586961	 26.456864
11300.12461 	 1.587429	 26.433697
11300.13179 	 1.587355	 26.438102
11315.20325 	 1.587823	 26.383977
11330.11415 	 1.588108	 26.358484
11330.11454 	 1.588216	 26.363034
11345.20377 	 1.588574	 26.313089
11360.28879 	 1.588949	 26.281506
11375.19686 	 1.589308	 26.246623
11375.1962  	 1.589255	 -333.734125
11390.28025 	 1.589619	 26.214845
11405.18486 	 1.590148	 26.19539
11405.18602 	 1.590007	 26.192909
11420.26712 	 1.59037 	 26.146247
11435.18332 	 1.590769	 26.118257
11450.25575 	 1.59111 	 26.077726
11450.25875 	 1.591153	 26.083546
11465.16579 	 1.591551	 26.051164
11480.24363 	 1.591798	 26.000548
11480.24271 	 1.591861	 -333.989948
11495.14698 	 1.592074	 25.969158
11510.23723 	 1.592556	 25.944926
11510.23349 	 1.592326	 25.939483
11525.13769 	 1.59283 	 25.902163
11540.21726 	 1.593094	 25.885453
11555.12672 	 1.593438	 25.847257
11555.1209  	 1.593415	 25.843866
11570.20859 	 1.593702	 25.806336
11585.11165 	 1.594059	 25.780926
11585.10864 	 1.594038	 25.775946
11600.20147 	 1.594332	 25.753667
11615.28908 	 1.594751	 25.713322
11630.19697 	 1.595255	 25.696424
11630.20018 	 1.595058	 25.703026
11645.27586 	 1.595402	 25.65359
11660.18513 	 1.595631	 25.631484
11675.26648 	 1.595837	 25.604149
11675.27293 	 1.596016	 25.600824
11690.16833 	 1.59609 	 25.57137
11705.25964 	 1.596459	 25.541595
11705.25757 	 1.596511	 -334.448468
11720.1592  	 1.596766	 25.517838
11735.24922 	 1.597108	 25.492971
11746.78243 	 1.596521	 25.497293
11750.14302 	 1.597435	 25.453267
11765.2322  	 1.597709	 25.436128
11780.13056 	 1.598003	 -334.599902
11780.13725 	 1.59797 	 25.396764
11795.22732 	 1.598221	 25.370867
11810.12107 	 1.598651	 25.336418
11825.21637 	 1.598815	 25.31853
11825.21194 	 1.598713	 25.315529
11840.30395 	 1.599097	 -334.707902
11855.20155 	 1.599277	 25.267682
11855.20705 	 1.599344	 25.264013
11870.29206 	 1.599625	 25.226449
11885.18074 	 1.599863	 25.196064
11900.27523 	 1.600079	 25.184261
11900.26678 	 1.600078	 25.167988
11915.17335 	 1.600498	 25.147406
11930.26576 	 1.600557	 25.129925
11945.16606 	 1.600901	 25.110328
11945.17292 	 1.601083	 25.114
11960.26293 	 1.60123 	 25.08785
11975.15816 	 1.601335	 25.047231
11990.24379 	 1.601617	 25.027145
11990.24979 	 1.601635	 25.030337
12005.14182 	 1.601925	 24.987563
12020.23932 	 1.602076	 24.969952
12020.22855 	 1.602123	 24.977784
12035.13627 	 1.602284	 24.948068
12050.22154 	 1.602599	 -335.07386
12065.12932 	 1.602791	 24.90911
12065.12299 	 1.602627	 24.905932
12080.21435 	 1.602978	 24.888197
12095.30777 	 1.603262	 -335.130601
12095.30663 	 1.603272	 24.857439
12110.20086 	 1.603431	 24.842628
12125.28959 	 1.60367 	 24.808159
12140.19402 	 1.603897	 24.789664
12140.18909 	 1.603875	 24.778078
12155.27777 	 1.604263	 24.751744
12170.17219 	 1.604273	 24.734383
12185.28192 	 1.604584	 24.727416
12185.26849 	 1.604547	 24.718712
12200.17346 	 1.604745	 24.699542
12215.25376 	 1.605029	 24.672818
12230.16668 	 1.605194	 24.658976
12230.15454 	 1.605297	 24.662756
12245.248   	 1.605363	 24.642511
12260.15025 	 1.605511	 -335.383512
12275.23356 	 1.605962	 24.585947
12275.23982 	 1.605871	 24.593148
12290.1376  	 1.605995	 24.575913
12305.22681 	 1.606134	 24.549351
12320.12778 	 1.606393	 -335.469374
12320.11717 	 1.606409	 24.519827
12335.20739 	 1.606731	 24.501637
12350.30292 	 1.606746	 24.50032
12365.21062 	 1.607051	 24.488961
12365.20554 	 1.606912	 24.463394
12380.29052 	 1.607118	 24.4513
12395.19017 	 1.607493	 24.429179
12395.19172 	 1.607371	 24.431777
12410.28558 	 1.607459	 24.420365
12425.18603 	 1.607737	 24.395591
12440.26773 	 1.60789 	 24.381343
12440.27276 	 1.608067	 24.375051
12455.17071 	 1.608205	 -335.641659
12470.25694 	 1.608434	 24.342096
12470.26569 	 1.608315	 24.339698
12485.15934 	 1.608404	 24.325473
12500.2277  	 1.608521	 -335.705596
12515.13914 	 1.608762	 24.260311
12515.15819 	 1.60877 	 24.297025
12530.24089 	 1.609154	 24.273317
12545.14103 	 1.609169	 24.247369
12560.22658 	 1.609304	 24.232474
12560.22887 	 1.609336	 24.22782
12575.30682 	 1.609632	 24.192723
12590.20616 	 1.609667	 24.185022
12605.29977 	 1.609708	 24.171522
12605.29522 	 1.609897	 24.17168
12620.1974  	 1.60997 	 24.162164
12635.28837 	 1.610363	 24.130544
12650.19715 	 1.610405	 24.12239
12650.1963  	 1.610446	 24.128776
12665.28041 	 1.610576	 24.117133
12680.1881  	 1.610674	 24.097894
12680.17235 	 1.610772	 24.083738
12695.2689  	 1.610826	 24.079556
12710.17321 	 1.611089	 24.061728
12725.25701 	 1.611151	 24.040712
12725.26615 	 1.611118	 24.046341
12740.15534 	 1.611361	 24.018037
12755.24022 	 1.611481	 24.007151
12770.15477 	 1.611798	 -336.000461
12770.14488 	 1.611659	 23.996132
12785.22884 	 1.611763	 23.977104
12800.14434 	 1.611938	 23.968317
12815.22589 	 1.612011	 23.932043
12815.23004 	 1.612047	 23.953299
12830.31244 	 1.612272	 23.926602
12845.21958 	 1.612229	 23.915262
12860.30496 	 1.612446	 23.902369
12875.1941  	 1.6126  	 23.889326
12875.20206 	 1.612708	 23.891621
12890.29609 	 1.612805	 23.883905
12905.18638 	 1.612968	 23.851488
12920.27918 	 1.61307 	 23.838194
12920.27916 	 1.613177	 23.840348
12935.17617 	 1.61325 	 23.810666
12950.26555 	 1.613506	 23.805494
12965.17495 	 1.61357 	 23.801127
12965.17226 	 1.613514	 23.805997
12980.25787 	 1.613621	 23.785399
12995.15657 	 1.613722	 23.770865
13010.24979 	 1.613943	 23.761978
13010.25516 	 1.613921	 23.768448
13025.15086 	 1.614068	 23.75343
13040.24247 	 1.614195	 23.743056
13055.14693 	 1.61425 	 23.72994
13055.13741 	 1.614342	 23.7156
13070.22312 	 1.614461	 -336.299819
13085.31032 	 1.614566	 23.687498
13100.21533 	 1.61471 	 23.679313
13100.21888 	 1.614753	 23.683592
13115.30298 	 1.614766	 23.667107
13130.2089  	 1.615069	 23.649612
13145.29693 	 1.615193	 23.638835
13145.2867  	 1.615075	 23.644206
13160.19306 	 1.615252	 23.628322
13175.28307 	 1.615219	 23.607663
13190.17567 	 1.61541 	 23.60354
13190.1862  	 1.615509	 23.586069
13205.27401 	 1.615565	 23.589024
13220.17211 	 1.615746	 23.582352
13235.26395 	 1.615848	 23.574071
13235.25411 	 1.615929	 23.567602
13250.16031 	 1.615941	 -336.443373
13265.25442 	 1.61619 	 23.551692
13280.14963 	 1.616134	 -336.460998
13280.15744 	 1.61624 	 23.542483
13295.23773 	 1.616384	 -336.477916
13310.32449 	 1.616466	 23.510964
13325.22414 	 1.616492	 23.498156
13325.21765 	 1.616529	 23.484475
13340.32097 	 1.616823	 23.494742
13355.21608 	 1.616923	 -336.522691
13370.30092 	 1.616896	 23.463275
13370.29263 	 1.616858	 23.46562
13385.20025 	 1.616906	 23.464248
13400.29389 	 1.61698 	 23.454294
13415.19215 	 1.617037	 -336.551661
13419.30607 	 1.61632 	 23.452089
13430.27627 	 1.61721 	 -336.569383
13445.1822  	 1.617373	 23.412933
13460.27777 	 1.617611	 23.42189
13475.17223 	 1.617519	 23.397152
13475.17031 	 1.617513	 23.405538
13490.25441 	 1.617621	 23.383559
13505.16614 	 1.617828	 23.381725
13505.16947 	 1.61777 	 23.381073
13520.24994 	 1.617913	 23.373989
13535.15173 	 1.618026	 -336.634006
13550.23436 	 1.618056	 23.355018
13565.3291  	 1.618253	 23.351387
13565.33501 	 1.618214	 -336.647653
13580.23066 	 1.618278	 23.329491
13595.32092 	 1.618492	 23.335198
13610.21609 	 1.61857 	 23.314976
13610.20879 	 1.618438	 23.303095
13625.30937 	 1.61862 	 23.315225
13640.21291 	 1.618696	 23.305019
13655.28936 	 1.618703	 23.297554
13655.29988 	 1.618863	 23.299862
13670.1934  	 1.61887 	 23.276149
            	         	 
            	         	 
            	         	 
            	         	 
            	         	 
            	         	 
            	         	 
            	         	 
            	         	 
            	         	 
            	         	 
            	         	 
            	         	 
            	         	 
            	         	 
            	         	 
            	         	 
            	         	 
            	         	 
            	         	 
            	         	 
            	         	 
            	         	 
            	         	 
            	         	 
            	         	 
            	         	 
            	         	 
            	         	 
            	         	 
            	         	 
            	         	 
            	         	 
            	         	 
            	         	 
            	         	 
            	         	 
            	         	 
            	         	 
            	         	 
            	         	 
            	         	 
            	         	 
            	         	 
            	         	 
            	         	 
            	         	 
            	         	 
            	         	 
            	         	 
            	         	 
            	         	 
            	         	 
            	         	 
            	         	 
            	         	 
            	         	 
            	         	 
            	         	 
            	         	 
            	         	 
            	         	 
            	         	 
            	         	 
            	         	 
            	         	 
            	         	 
            	         	 
            	         	 
            	         	 
            	         	 
            	         	 
            	         	 
            	         	 
            	         	 
            	         	 
            	         	 
            	         	 
            	         	 
            	         	 
            	         	 
            	         	 
            	         	 
            	         	 
            	         	 
            	         	 
            	         	 
            	         	 
            	         	 
            	         	 
            	         	 
            	         	 
            	         	 
            	         	 
            	         	 
            	         	 
            	         	 
            	         	 
            	         	 
            	         	 
            	         	 
            	         	 
            	         	 
            	         	 
            	         	 
            	         	 
            	         	 
            	         	 
            	         	 
            	         	 
