 2270.044332	 2.149989	 0.763416
 2270.042049	 2.149958	 0.768018
 2285.131956	 2.149742	 0.778607
 2285.121591	 2.149882	 0.76358
 2285.13414 	 2.149895	 0.782636
 2300.038891	 2.150124	 0.78926
 2300.032337	 2.149798	 0.776838
 2315.124406	 2.149742	 0.77872
 2315.125022	 2.149669	 0.787672
 2330.021558	 2.149645	 0.786424
 2330.0248  	 2.149732	 0.793577
 2345.114029	 2.14966 	 0.801058
 2345.116254	 2.149537	 0.801156
 2360.013002	 2.149583	 0.790666
 2360.007191	 2.149476	 0.790002
 2375.098877	 2.149539	 0.792907
 2375.103256	 2.149617	 0.799342
 2375.106352	 2.149502	 0.800935
 2389.996058	 2.149452	 0.809489
 2389.984803	 2.149365	 0.768665
 2405.087479	 2.149406	 0.789543
 2405.085362	 2.149362	 0.793732
 2419.9936  	 2.149282	 0.801668
 2419.991748	 2.149377	 0.808447
 2435.075606	 2.149316	 0.797389
 2435.078426	 2.149322	 0.805716
 2435.087834	 2.149261	 0.820802
 2449.979786	 2.149234	 0.800119
 2449.985397	 2.149066	 0.812846
 2465.073922	 2.148986	 0.811635
 2465.064336	 2.14923 	 0.814843
 2479.960959	 2.149028	 0.815506
 2479.962555	 2.149123	 0.807291
 2495.062508	 2.149191	 0.820997
 2495.051044	 2.14906 	 0.819297
 2509.963002	 2.148973	 0.827606
 2509.952705	 2.148907	 0.810402
 2525.045422	 2.149181	 0.821587
 2525.045076	 2.149221	 0.828658
 2540.133303	 2.148814	 0.831393
 2540.131692	 2.148935	 0.831643
 2555.032588	 2.148842	 0.837631
 2555.038627	 2.148862	 0.837852
 2555.035655	 2.148729	 0.825846
 2570.125262	 2.148751	 0.826361
 2570.121714	 2.148598	 0.834832
 2585.018646	 2.148543	 0.848716
 2585.01244 	 2.14876 	 0.826522
 2600.118889	 2.14864 	 0.842059
 2600.115965	 2.148667	 0.844224
 2615.013002	 2.14866 	 0.852236
 2615.007052	 2.148404	 0.84728
 2630.098609	 2.148519	 0.851189
 2630.09939 	 2.148357	 0.849372
 2645.005212	 2.148495	 0.855047
 2645.009324	 2.148416	 0.855234
 2660.085592	 2.148462	 0.847719
 2660.089812	 2.148611	 0.848453
 2674.993319	 2.148292	 0.851327
 2674.988932	 2.148492	 0.858331
 2690.073155	 2.148256	 0.855262
 2690.07169 	 2.148353	 0.856834
 2690.076414	 2.148257	 0.851476
 2704.983411	 2.148224	 0.857638
 2704.979179	 2.148361	 0.857933
 2720.07138 	 2.148302	 0.859623
 2720.065991	 2.148199	 0.859987
 2734.971244	 2.148102	 0.860916
 2734.971888	 2.148064	 0.872166
 2750.063203	 2.148019	 0.86815
 2750.059382	 2.148172	 0.862973
 2764.950085	 2.148153	 0.863067
 2764.967359	 2.147908	 0.862301
 2780.04676 	 2.147853	 0.874279
 2780.045489	 2.148032	 0.866195
 2795.130964	 2.147864	 0.869732
 2795.132787	 2.147916	 0.861979
 2810.042359	 2.147808	 0.890942
 2810.031105	 2.147706	 0.867185
 2825.124501	 2.147481	 0.885012
 2825.121624	 2.147672	 0.871401
 2840.020921	 2.14766 	 0.882989
 2840.028155	 2.14765 	 0.878033
 2855.114039	 2.147576	 0.879377
 2855.112149	 2.147745	 0.884853
 2870.013199	 2.147357	 0.882812
 2870.013135	 2.147602	 0.884148
 2870.013888	 2.147353	 0.890449
 2885.106098	 2.147427	 0.889297
 2885.102027	 2.147423	 0.885309
 2900.012664	 2.14723 	 0.898676
 2900.013161	 2.147296	 0.89571
 2915.087852	 2.147135	 0.888327
 2915.095629	 2.147236	 0.897147
 2929.995757	 2.147232	 0.890134
 2929.990418	 2.147102	 0.882135
 2945.074488	 2.147032	 0.892023
 2945.079361	 2.147145	 -359.113855
 2959.969961	 2.147152	 0.896964
 2959.985329	 2.146912	 0.887494
 2975.060012	 2.146925	 0.88915
 2975.059683	 2.147185	 0.881243
 2989.964593	 2.147024	 0.888065
 2989.970215	 2.147131	 0.906453
 3005.047273	 2.146997	 0.88916
 3005.049256	 2.147022	 0.886551
 3005.054838	 2.146644	 0.902321
 3020.150513	 2.146909	 0.898549
 3020.142411	 2.14668 	 0.912462
 3035.044134	 2.146708	 0.909798
 3035.044332	 2.146798	 0.897557
 3050.132967	 2.146745	 0.902734
 3050.13483 	 2.146525	 0.908733
 3065.030476	 2.146485	 0.903836
 3065.036015	 2.146727	 0.903747
 3080.11765 	 2.146525	 0.899691
 3080.13235 	 2.146614	 0.91164
 3095.029055	 2.146508	 0.908924
 3095.023739	 2.146423	 0.907966
 3110.118272	 2.146263	 0.915866
 3110.116065	 2.146464	 0.907068
 3110.107889	 2.146452	 0.90064
 3125.014032	 2.146292	 0.914181
 3125.289826	 2.146281	 0.905339
 3140.104283	 2.146225	 0.905067
 3140.103488	 2.146118	 0.912745
 3155.000854	 2.146108	 0.913229
 3155.001943	 2.146158	 0.913728
 3170.087992	 2.146125	 0.916805
 3170.097316	 2.146052	 0.909951
 3184.987499	 2.145905	 0.910647
 3184.99441 	 2.146015	 0.919005
 3200.083435	 2.145955	 0.915833
 3200.076755	 2.145817	 0.919665
 3214.982499	 2.145727	 0.915463
 3214.974425	 2.145671	 0.902802
 3230.067964	 2.145621	 0.907569
 3230.063773	 2.145683	 0.912332
 3244.969494	 2.145607	 0.914836
 3244.967827	 2.1457  	 0.912947
 3260.060087	 2.145555	 0.919697
 3260.057694	 2.145605	 0.913719
 3275.139407	 2.145425	 0.918378
 3275.143039	 2.145369	 0.914625
 3290.052233	 2.145412	 0.920607
 3290.054745	 2.145208	 0.916001
 3305.128705	 2.145274	 0.914789
 3305.138172	 2.145284	 0.918417
 3320.034691	 2.14523 	 0.923077
 3320.033173	 2.145118	 0.916613
 3335.127064	 2.145109	 0.915457
 3335.126593	 2.145084	 0.918099
 3350.02123 	 2.145038	 0.912285
 3350.014045	 2.145005	 0.908654
 3365.110734	 2.144867	 0.915016
 3365.118669	 2.145009	 0.923054
 3380.018944	 2.144818	 0.917697
 3380.015167	 2.144932	 0.917718
 3395.103709	 2.144625	 0.92721
 3395.097325	 2.14468 	 0.919136
 3410.005619	 2.144813	 0.915835
 3410.002028	 2.144681	 0.91317
 3425.099371	 2.144515	 0.922453
 3425.103637	 2.144732	 0.923793
 3439.989388	 2.144354	 0.921883
 3439.992889	 2.144469	 0.91614
 3455.080538	 2.144404	 0.916317
 3455.083268	 2.144496	 0.911685
 3469.975462	 2.144446	 0.906299
 3469.981618	 2.144393	 0.916948
 3485.070588	 2.144408	 0.914478
 3485.076508	 2.14418 	 0.92751
 3499.972654	 2.144016	 0.914219
 3499.975176	 2.144034	 0.91394
 3515.060992	 2.144074	 0.921844
 3515.054461	 2.144017	 0.910588
 3522.679438	 2.143567	 0.909517
 3530.144158	 2.143875	 0.913482
 3530.14382 	 2.143855	 0.913466
 3545.04606 	 2.143856	 0.911868
 3560.137568	 2.143745	 0.911088
 3560.132596	 2.143713	 0.91833
 3575.030491	 2.143559	 0.898289
 3575.042164	 2.143662	 0.914217
 3590.127894	 2.14358 	 0.914197
 3590.116183	 2.143565	 0.893815
 3605.032358	 2.143492	 0.906856
 3605.025387	 2.143472	 0.910692
 3620.111987	 2.143352	 0.912586
 3620.114203	 2.143207	 0.904561
 3635.017217	 2.143385	 0.899891
 3635.01406 	 2.143135	 0.905857
 3650.105288	 2.142953	 0.899695
 3650.094887	 2.142914	 0.898158
 3665.012601	 2.142916	 0.909749
 3665.00163 	 2.14314 	 0.901103
 3665.011111	 2.142906	 0.906295
 3680.09661 	 2.142879	 0.906144
 3694.985325	 2.142748	 0.897458
 3694.989241	 2.142799	 0.89868
 3710.079539	 2.142626	 0.892709
 3710.085991	 2.142816	 0.894854
 3724.981775	 2.142434	 0.897088
 3724.986535	 2.142466	 0.900008
 3724.983912	 2.142579	 0.896103
 3740.071036	 2.142389	 0.88834
 3740.323716	 2.142509	 0.892206
 3755.158889	 2.142289	 0.897899
 3755.388994	 2.142477	 0.899339
 3770.058181	 2.142226	 0.89193
 3785.141604	 2.141942	 0.890866
 3785.153675	 2.141895	 0.884842
 3800.04747 	 2.141703	 0.880063
 3800.055195	 2.141924	 0.89151
 3815.131267	 2.141723	 0.882327
 3815.133399	 2.141807	 0.886204
 3830.032749	 2.141522	 0.87585
 3830.032099	 2.141558	 0.879173
 3845.126427	 2.141481	 0.88644
 3845.13126 	 2.141656	 0.889941
 3860.026277	 2.141386	 0.869833
 3860.028066	 2.141532	 0.871242
 3875.115027	 2.141467	 0.868475
 3875.118209	 2.141326	 0.882928
 3890.024682	 2.141033	 0.874404
 3890.019996	 2.141339	 0.874288
 3905.102719	 2.141189	 0.866128
 3905.105288	 2.141134	 0.874436
 3920.006047	 2.140893	 0.863261
 3920.00102 	 2.140938	 0.855984
 3935.100542	 2.140778	 0.85767
 3935.088435	 2.140897	 0.856974
 3949.98884 	 2.140646	 0.851255
 3949.988145	 2.140656	 0.851339
 3965.077432	 2.140495	 0.84474
 3965.083388	 2.140596	 0.851071
 3979.982755	 2.140354	 0.844678
 3979.989597	 2.140455	 0.852616
 3995.06139 	 2.140384	 0.831619
 3995.064429	 2.140148	 0.829354
 4010.160722	 2.140018	 0.835025
 4010.166488	 2.14008 	 0.844621
 4025.065132	 2.1401  	 0.840065
 4025.054477	 2.140075	 0.831598
 4040.146749	 2.140051	 0.826827
 4040.152246	 2.139631	 0.831097
 4055.039641	 2.139762	 0.822625
 4055.04368 	 2.139594	 0.822899
 4070.136507	 2.139644	 0.83236
 4070.133659	 2.139636	 0.811331
 4085.037629	 2.139333	 0.813995
 4085.041158	 2.139434	 0.81994
 4100.124627	 2.139196	 0.812979
 4100.125076	 2.139132	 0.809489
 4115.030136	 2.139153	 0.80855
 4115.027649	 2.13904 	 0.809308
 4130.11249 	 2.13896 	 0.79106
 4130.113723	 2.139053	 0.797388
 4145.014769	 2.138824	 0.796635
 4145.017806	 2.138914	 0.800246
 4160.102741	 2.138553	 0.795401
 4160.107163	 2.138684	 0.801589
 4174.995883	 2.138521	 0.780904
 4174.997358	 2.138521	 0.769984
 4190.094039	 2.138316	 0.781261
 4204.988822	 2.138011	 0.769561
 4205.000545	 2.13817 	 0.779639
 4220.076037	 2.137901	 0.776665
 4220.085007	 2.137916	 0.777299
 4234.988847	 2.137974	 0.76942
 4234.985398	 2.13788 	 0.773026
 4250.07536 	 2.137656	 0.764957
 4250.078329	 2.137686	 0.774501
 4265.164876	 2.137686	 0.768748
 4265.169965	 2.13748 	 0.769234
 4280.057899	 2.137245	 0.746446
 4280.059075	 2.137328	 0.750869
 4295.147006	 2.137221	 0.738483
 4295.150879	 2.137204	 0.73966
 4310.053444	 2.136809	 0.742272
 4310.051097	 2.136809	 0.742893
 4325.142286	 2.136825	 0.735361
 4325.134179	 2.136834	 0.73165
 4340.04526 	 2.136483	 0.730793
 4354.074584	 2.135823	 0.726971
 4355.11942 	 2.136555	 0.706672
 4370.023462	 2.136365	 0.707585
 4370.021285	 2.136256	 0.712106
 4385.112904	 2.136189	 0.711216
 4385.114387	 2.136003	 0.698998
 4400.01966 	 2.135939	 0.690333
 4400.014942	 2.135825	 0.697805
 4415.110473	 2.135683	 0.692395
 4415.106417	 2.135787	 0.682068
 4430.010125	 2.135315	 0.693102
 4430.004746	 2.135391	 0.679655
 4445.098414	 2.135352	 0.670707
 4445.096941	 2.135146	 0.67637
 4459.998579	 2.135106	 0.661502
 4459.994025	 2.135038	 0.654003
 4475.082886	 2.13512 	 0.649415
 4475.080581	 2.134778	 0.650723
 4490.182464	 2.134576	 0.661378
 4490.171772	 2.134706	 0.645517
 4505.072468	 2.134337	 0.639755
 4520.158403	 2.13422 	 0.624476
 4520.160516	 2.134173	 0.628294
 4535.058785	 2.13399 	 0.618466
 4535.056861	 2.133878	 0.61921
 4550.152012	 2.133747	 0.610418
 4550.149073	 2.133716	 0.62522
 4565.055991	 2.13369 	 0.611223
 4565.042782	 2.133577	 0.601616
 4580.146448	 2.133493	 0.604777
 4580.136655	 2.13334 	 0.581711
 4595.051147	 2.13309 	 0.60224
 4595.039298	 2.13312 	 0.586258
 4610.116722	 2.132903	 0.557605
 4610.123023	 2.132929	 0.573559
 4625.027508	 2.132718	 0.555472
 4625.02728 	 2.132704	 0.556105
 4640.113018	 2.132596	 0.549317
 4640.111935	 2.13249 	 0.545882
 4655.022498	 2.132385	 0.548902
 4655.016429	 2.132332	 0.536799
 4670.109838	 2.131987	 0.534799
 4670.105783	 2.13184 	 0.536862
 4684.99706 	 2.131844	 0.50796
 4700.088784	 2.131495	 0.515973
 4700.087346	 2.131595	 0.501509
 4715.003939	 2.131326	 0.500487
 4714.996341	 2.131222	 0.499823
 4730.086127	 2.130901	 0.488027
 4730.086231	 2.130902	 0.494752
 4745.164762	 2.130638	 0.476152
 4745.175832	 2.130755	 0.483222
 4760.086859	 2.130515	 0.477679
 4760.06157 	 2.130364	 0.459007
 4775.158342	 2.130227	 0.441537
 4775.160865	 2.130264	 0.453692
 4790.059409	 2.129808	 0.436328
 4790.066326	 2.129807	 0.433111
 4805.155555	 2.12961 	 0.435654
 4805.144643	 2.129643	 0.419246
 4820.051115	 2.129181	 0.417574
 4820.052572	 2.129321	 0.417607
 4835.12565 	 2.129053	 0.397571
 4835.138013	 2.128964	 0.393258
 4850.046052	 2.128689	 0.389874
 4865.13009 	 2.128506	 0.377849
 4865.131152	 2.128463	 0.375928
 4880.031306	 2.128306	 0.372367
 4880.035141	 2.128176	 0.359503
 4895.12483 	 2.127839	 0.357803
 4895.1114  	 2.127917	 0.347628
 4910.018495	 2.12725 	 0.337498
 4910.023933	 2.127479	 0.334942
 4925.106043	 2.127208	 0.320246
 4925.104387	 2.127293	 0.313867
 4940.007524	 2.127033	 0.311868
 4940.012965	 2.126823	 0.308158
 4955.093549	 2.126641	 0.283404
 4955.094164	 2.126723	 0.292613
 4969.995684	 2.126246	 0.275639
 4969.997832	 2.126343	 0.277811
 4985.082687	 2.126145	 0.252459
 4985.084689	 2.126018	 0.25359
 5000.169525	 2.125695	 0.247698
 5000.177413	 2.125946	 0.241259
 5015.075465	 2.1255  	 0.230538
 5015.083531	 2.12556 	 0.229378
 5030.162343	 2.125061	 0.212296
 5045.064772	 2.124857	 0.183834
 5045.054616	 2.12477 	 0.195542
 5060.150821	 2.124382	 0.172839
 5060.153376	 2.124292	 0.180736
 5075.054438	 2.124149	 0.162301
 5075.052571	 2.124099	 0.17074
 5090.142215	 2.123802	 0.145574
 5090.143426	 2.123666	 0.154643
 5105.039415	 2.12334 	 0.13835
 5105.041467	 2.123337	 0.130282
 5120.129002	 2.122961	 0.106059
 5120.126442	 2.12287 	 0.099568
 5135.038173	 2.12262 	 0.092539
 5135.023041	 2.122553	 0.080508
 5150.117499	 2.122097	 0.071317
 5165.022831	 2.121815	 0.059752
 5165.022215	 2.121801	 0.046592
 5180.097925	 2.121287	 0.033878
 5180.114627	 2.121371	 0.04144
 5195.015964	 2.121054	 0.020197
 5195.023132	 2.121221	 0.018436
 5210.088886	 2.120537	 -0.005943
 5210.089534	 2.120598	 -0.015611
 5225.186234	 2.120096	 -0.016343
 5225.183301	 2.120168	 -0.025262
 5240.074841	 2.11981 	 -0.06151
 5240.084013	 2.119785	 -0.051753
 5255.165867	 2.119316	 -0.081134
 5255.168785	 2.119421	 -0.088538
 5270.072964	 2.118937	 -0.083369
 5270.069225	 2.118825	 -0.086626
 5285.163805	 2.118584	 -0.102792
 5285.155685	 2.118514	 -0.112277
 5300.068167	 2.118096	 -0.127682
 5315.144715	 2.117502	 -0.157776
 5315.152742	 2.117585	 -0.159067
 5330.054472	 2.117009	 -0.169559
 5330.048081	 2.117163	 -0.182861
 5345.135225	 2.116629	 -0.203696
 5345.132554	 2.116653	 -0.202205
 5360.040877	 2.116047	 -0.225895
 5360.038502	 2.116217	 -0.223802
 5375.124407	 2.115699	 -0.254867
 5375.132038	 2.115595	 -0.236896
 5390.031199	 2.114996	 -0.278864
 5405.120771	 2.114582	 -0.301763
 5405.121772	 2.114588	 -0.295341
 5420.017922	 2.114029	 -0.324732
 5420.018562	 2.114398	 -0.32351
 5435.102518	 2.113684	 -0.356647
 5435.110997	 2.113587	 -0.346084
 5450.001515	 2.112771	 -0.382247
 5450.008834	 2.112876	 -0.36293
 5465.099616	 2.112478	 -0.391967
 5465.094099	 2.112446	 -0.401809
 5480.184734	 2.111959	 -0.429171
 5495.081559	 2.1113  	 -0.455336
 5495.083124	 2.111307	 -0.45442
 5510.176956	 2.110793	 -0.47978
 5510.173666	 2.110913	 -0.483336
 5525.072696	 2.110017	 -0.513799
 5525.073627	 2.11033 	 -0.517292
 5540.155247	 2.109527	 -0.555252
 5540.152403	 2.109496	 -0.543697
 5555.052585	 2.108873	 -0.585169
 5555.064926	 2.108917	 -0.580957
 5570.153879	 2.108324	 -0.597618
 5585.043283	 2.107555	 -0.627697
 5585.052404	 2.107617	 -0.624947
 5600.144949	 2.107007	 -0.657436
 5600.141928	 2.107154	 -0.662286
 5615.045373	 2.106354	 -0.68628
 5615.035622	 2.106217	 -0.695972
 5630.130002	 2.105776	 -0.723974
 5630.12282 	 2.105706	 -0.729855
 5645.032677	 2.104808	 -0.753197
 5645.036601	 2.105201	 -0.763471
 5660.118353	 2.104266	 -0.789113
 5660.119581	 2.104102	 -0.789665
 5675.019003	 2.103462	 -0.822966
 5690.107388	 2.102948	 -0.86484
 5690.111851	 2.102622	 -0.851375
 5705.007888	 2.102008	 -0.892749
 5705.008986	 2.102187	 -0.889973
 5720.097084	 2.101327	 -0.92341
 5720.093855	 2.101352	 -0.928377
 5735.185155	 2.100486	 -0.972687
 5735.187556	 2.100584	 -0.964748
 5750.08474 	 2.099678	 -1.003333
 5765.17652 	 2.098819	 -1.031197
 5765.172731	 2.098862	 -1.048688
 5780.076036	 2.098202	 -1.075162
 5780.081191	 2.098251	 -1.069445
 5795.162536	 2.097167	 -1.116465
 5795.16134 	 2.097271	 -1.107858
 5810.062421	 2.096267	 -1.146858
 5810.059913	 2.096374	 -1.152198
 5825.144185	 2.095541	 -1.201148
 5840.049402	 2.094745	 -1.23184
 5840.049538	 2.0946  	 -1.237083
 5855.141316	 2.09367 	 -1.273107
 5855.139997	 2.0936  	 -1.273599
 5870.045271	 2.092894	 -1.315649
 5870.042112	 2.092492	 -1.320745
 5885.131561	 2.091801	 -1.358267
 5885.124296	 2.091682	 -1.361493
 5900.034344	 2.090781	 -1.406695
 5900.031659	 2.090637	 -1.396836
 5915.121336	 2.089744	 -1.440413
 5915.122544	 2.089598	 -1.442709
 5930.015562	 2.088604	 -1.4969
 5945.106359	 2.087581	 -1.537741
 5945.106051	 2.087644	 -1.537165
 5960.200495	 2.086508	 -1.578082
 5960.19274 	 2.086597	 -1.585113
 5975.090515	 2.085481	 -1.633417
 5975.097559	 2.08533 	 -1.633072
 5990.189903	 2.084377	 -1.665991
 5990.195198	 2.084254	 -1.667479
 6005.085321	 2.08303 	 -1.719837
 6020.171763	 2.081792	 -1.769124
 6020.181528	 2.081939	 -1.769858
 6035.069133	 2.080811	 -1.839079
 6035.07757 	 2.080614	 -1.814419
 6050.163818	 2.07942 	 -1.879532
 6050.159937	 2.079814	 -1.884832
 6065.060479	 2.078392	 -1.931112
 6065.066836	 2.078154	 -1.925772
 6080.150223	 2.076841	 -1.982773
 6095.057043	 2.075568	 -2.035324
 6095.054808	 2.075527	 -2.034774
 6110.145147	 2.074156	 -2.094018
 6110.142089	 2.074066	 -2.093029
 6125.058123	 2.07274 	 -2.14152
 6125.03845 	 2.072807	 -2.136852
 6140.135506	 2.071439	 -2.188882
 6140.133058	 2.071296	 -2.204778
 6155.026016	 2.069776	 -2.258596
 6155.036376	 2.069858	 -2.261798
 6170.118414	 2.068228	 -2.323489
 6170.12081 	 2.068127	 -2.342237
 6185.013845	 2.066613	 -2.386867
 6200.112619	 2.065026	 -2.450055
 6200.111082	 2.065123	 -2.441606
 6215.193327	 2.063429	 -2.517016
 6215.194766	 2.063356	 -2.521957
 6230.095162	 2.061574	 -2.58157
 6230.096867	 2.061461	 -2.576316
 6245.192857	 2.059907	 -2.642754
 6245.186747	 2.059749	 -2.636665
 6260.09131 	 2.058112	 -2.70278
 6275.177296	 2.056214	 -2.762094
 6275.175249	 2.056176	 -2.772228
 6290.066279	 2.05448 	 -2.847608
 6290.074483	 2.054347	 -2.842222
 6305.166824	 2.052488	 -2.909322
 6305.16835 	 2.05237 	 -2.9072
 6320.063296	 2.050398	 -2.984475
 6320.061908	 2.050295	 -2.980172
 6335.156644	 2.048435	 -3.050083
 6350.056936	 2.046313	 -3.128917
 6350.048639	 2.046189	 -3.125736
 6365.142347	 2.044041	 -3.191933
 6365.143295	 2.044032	 -3.191806
 6380.03912 	 2.041939	 -3.276289
 6380.040504	 2.041793	 -3.273554
 6395.123607	 2.039592	 -3.364479
 6395.135369	 2.039639	 -3.35497
 6410.031651	 2.037341	 -3.440608
 6410.037672	 2.03715 	 -3.429285
 6425.136528	 2.034795	 -3.497778
 6440.020965	 2.032151	 -3.592789
 6440.024723	 2.032092	 -3.599622
 6455.110162	 2.029426	 -3.679902
 6455.11256 	 2.02931 	 -3.677842
 6470.193064	 2.02681 	 -3.761158
 6485.099798	 2.024134	 -3.85198
 6485.104592	 2.024097	 -3.842316
 6500.184648	 2.021255	 -3.929962
 6500.188961	 2.020943	 -3.936949
 6515.084305	 2.018265	 -4.021563
 6515.095391	 2.018085	 -4.004321
 6530.178655	 2.015164	 -4.113767
 6536.084185	 2.013652	 -4.079323
 6545.075656	 2.012179	 -4.194293
 6560.162463	 2.008839	 -4.292597
 6560.168857	 2.008845	 -4.29184
 6575.070753	 2.005462	 -4.382416
 6575.069238	 2.005397	 -4.387258
 6590.160867	 2.001915	 -4.475168
 6590.158518	 2.002046	 -4.485347
 6605.062013	 1.998306	 -4.574542
 6620.146066	 1.994723	 -4.679421
 6620.142488	 1.99472 	 -4.680035
 6635.03503 	 1.990944	 -4.793153
 6635.046645	 1.990864	 -4.784957
 6650.139255	 1.987175	 -4.874066
 6650.141553	 1.986847	 -4.875881
 6665.034672	 1.982843	 -4.983038
 6665.046403	 1.98277 	 -4.974326
 6680.122812	 1.978512	 -5.087434
 6695.2083  	 1.974357	 -5.201619
 6695.21049 	 1.974273	 -5.19811
 6710.112342	 1.969599	 -5.300917
 6710.10924 	 1.969567	 -5.312093
 6725.195505	 1.964968	 -5.418016
 6725.198985	 1.964804	 -5.408973
 6740.100773	 1.9601  	 -5.525424
 6740.102749	 1.959913	 -5.519446
 6755.19312 	 1.95485 	 -5.626914
 6770.098163	 1.949753	 -5.739654
 6770.090608	 1.949678	 -5.735918
 6785.176156	 1.944401	 -5.851396
 6785.176962	 1.944238	 -5.866777
 6800.07698 	 1.938822	 -5.977965
 6800.079964	 1.9385  	 -5.970937
 6815.165747	 1.932912	 -6.080474
 6830.074866	 1.927073	 -6.194631
 6830.069795	 1.926753	 -6.202019
 6845.160351	 1.920557	 -6.312087
 6845.154258	 1.920513	 -6.318099
 6860.054628	 1.913983	 -6.426356
 6860.055641	 1.91391 	 -6.425503
 6875.144988	 1.907343	 -6.548312
 6875.144308	 1.907043	 -6.549421
 6890.048535	 1.900287	 -6.655287
 6905.134333	 1.893182	 -6.770008
 6905.138492	 1.893031	 -6.773584
 6920.034595	 1.885542	 -6.891842
 6920.038117	 1.885386	 -6.893667
 6935.120866	 1.877776	 -7.007618
 6935.123882	 1.877448	 -7.002932
 6950.211355	 1.869439	 -7.118401
 6965.116774	 1.861399	 -7.217136
 6965.112066	 1.861082	 -7.22436
 6980.195303	 1.852468	 -7.345126
 6980.203236	 1.852192	 -7.331262
 6995.100229	 1.843166	 -7.436198
 6997.420861	 1.841074	 -7.556377
 7010.191778	 1.833905	 -7.532697
 7025.079693	 1.824318	 -7.635884
 7025.092912	 1.82386 	 -7.635114
 7040.172521	 1.814231	 -7.730343
 7040.174015	 1.813831	 -7.739126
 7055.072243	 1.803647	 -7.822846
 7070.16349 	 1.793215	 -7.899214
 7070.16357 	 1.792683	 -7.908071
 7085.067533	 1.781805	 -7.982816
 7085.069639	 1.781351	 -7.962308
 7100.157204	 1.769956	 -8.042082
 7115.051407	 1.758504	 -8.097636
 7115.060028	 1.757945	 351.912635
 7130.150525	 1.745878	 -8.129206
 7130.147464	 1.745477	 -8.131087
 7145.043475	 1.733006	 -8.163989
 7145.053051	 1.732824	 -8.149803
 7160.134566	 1.719676	 -8.189112
 7160.138121	 1.719366	 -8.187782
 7175.032258	 1.706   	 -8.199697
 7190.121386	 1.692443	 -8.180923
 7190.125485	 1.691808	 -8.183927
 7205.203292	 1.677569	 -8.149506
 7205.198679	 1.677137	 -8.162591
 7220.11466 	 1.662776	 -8.097787
 7235.202217	 1.648225	 -8.026336
 7235.19979 	 1.647465	 -8.025436
 7250.100963	 1.632669	 -7.936846
 7250.108035	 1.632036	 -7.921398
 7265.189028	 1.616593	 -7.812688
 7265.192873	 1.61609 	 -7.799167
 7280.085026	 1.600426	 -7.659808
 7295.17583 	 1.584678	 -7.480852
 7295.176287	 1.583921	 -7.45811
 7310.074413	 1.568071	 -7.257763
 7310.083447	 1.567572	 -7.239831
 7325.16025 	 1.551252	 -7.010638
 7336.587516	 1.539882	 -7.297526
 7340.069479	 1.534436	 -6.702392
 7355.148606	 1.518093	 -6.394083
 7355.154153	 1.517491	 -6.369946
 7370.058328	 1.501447	 -5.994433
 7370.058313	 1.500975	 -5.986933
 7385.149149	 1.484579	 -5.585863
 7400.051744	 1.469025	 -5.099682
 7400.050648	 1.468714	 -5.101439
 7415.131172	 1.452867	 -4.608347
 7415.134982	 1.452533	 -4.592466
 7430.217411	 1.437315	 -4.022574
 7445.1175  	 1.422858	 -3.446578
 7445.121127	 1.422464	 -3.424284
 7460.206508	 1.408337	 -2.770057
 7460.208683	 1.408118	 -2.745675
 7475.113224	 1.394925	 -2.04669
 7475.112997	 1.394854	 -2.027684
 7490.19847 	 1.382167	 -1.29199
 7505.101276	 1.370531	 -0.505485
 7505.100612	 1.370372	 -0.477359
 7520.18229 	 1.359876	 0.347061
 7520.196982	 1.359595	 0.375706
 7535.088075	 1.350151	 1.22415
 7535.093584	 1.350077	 1.265775
 7550.18206 	 1.341723	 2.164448
 7565.087646	 1.334562	 3.100323
 7565.079286	 1.334508	 3.087542
 7580.167438	 1.32874 	 4.083925
 7580.161473	 1.328613	 4.071603
 7595.077526	 1.324027	 5.056046
 7595.058298	 1.324225	 5.055231
 7610.159678	 1.321114	 6.064851
 7625.053876	 1.319449	 7.047927
 7625.06441 	 1.319498	 7.067181
 7640.152358	 1.318954	 8.065932
 7640.147477	 1.319059	 8.077751
 7655.046738	 1.320077	 9.066436
 7666.534187	 1.321568	 8.667811
 7670.141919	 1.322411	 10.067079
 7685.232279	 1.326127	 11.056709
 7685.225482	 1.326074	 11.047212
 7700.109997	 1.331051	 11.950052
 7700.117908	 1.330992	 11.976471
 7715.208205	 1.336997	 12.898722
 7730.107206	 1.344271	 13.785673
 7730.110424	 1.344266	 13.775511
 7745.19937 	 1.352626	 14.643281
 7745.19985 	 1.352372	 14.628984
 7760.100122	 1.361628	 15.444118
 7775.183897	 1.371719	 16.230552
 7775.202589	 1.371583	 16.228646
 7790.086087	 1.382418	 -343.06502
 7790.089985	 1.3822  	 16.929937
 7805.175851	 1.39389 	 17.638554
 7805.178345	 1.393576	 -342.393701
 7820.084179	 1.405612	 18.263967
 7835.164341	 1.418464	 18.872416
 7835.172585	 1.41827 	 18.880596
 7850.065829	 1.431256	 19.411994
 7850.070745	 1.43099 	 19.428684
 7865.161469	 1.444355	 19.943306
 7880.058855	 1.458023	 20.417666
 7880.057819	 1.457795	 20.400281
 7895.144859	 1.471925	 20.861228
 7895.13791 	 1.4715  	 20.82916
 7910.042876	 1.485498	 21.244712
 7925.1318  	 1.499867	 21.61512
 7925.137901	 1.499532	 21.610209
 7940.213683	 1.513644	 21.928307
 7940.227669	 1.513275	 -338.050665
 7955.120599	 1.527363	 22.231466
 7970.213407	 1.541994	 22.518601
 7970.207887	 1.541287	 22.495643
 7985.107838	 1.555334	 -337.265725
 7985.116488	 1.554976	 -337.261204
 8000.205625	 1.568769	 22.963255
 8015.106608	 1.582706	 23.147464
 8015.10719 	 1.582403	 23.148864
 8030.190287	 1.59617 	 23.296927
 8030.190314	 1.595655	 23.302376
 8045.086983	 1.609145	 23.443565
 8060.173126	 1.622351	 23.560486
 8060.177334	 1.6221  	 23.557062
 8075.076485	 1.635095	 23.661036
 8076.602502	 1.635127	 -336.346829
 8090.164652	 1.647328	 23.747353
 8105.069378	 1.659924	 23.816235
 8105.072302	 1.659389	 23.81672
 8120.160019	 1.671769	 23.872527
 8120.161588	 1.671568	 23.870377
 8135.065973	 1.683378	 23.901425
 8150.148641	 1.695287	 23.940627
 8150.145457	 1.694818	 23.931954
 8165.238709	 1.706498	 23.942781
 8165.235713	 1.706128	 23.94935
 8180.12372 	 1.717123	 23.949368
 8195.229904	 1.728446	 23.936403
 8195.226554	 1.7279  	 23.950739
 8210.12642 	 1.738541	 23.924135
 8210.123587	 1.738211	 23.926936
 8225.21236 	 1.748678	 -336.099254
 8240.122318	 1.758723	 23.880089
 8240.116344	 1.758516	 23.879065
 8255.208619	 1.768482	 23.83669
 8255.197977	 1.768231	 23.83381
 8270.097982	 1.777852	 23.787789
 8285.191425	 1.787178	 23.746826
 8285.195151	 1.786802	 23.745051
 8300.087427	 1.795964	 23.677656
 8300.097862	 1.79567 	 -336.300253
 8315.17916 	 1.804548	 23.623448
 8330.092417	 1.813143	 23.571418
 8330.083253	 1.813129	 23.569899
 8345.16291 	 1.82137 	 23.46882
 8345.169185	 1.821105	 23.493676
 8360.076713	 1.829341	 23.436808
 8375.157836	 1.837554	 23.352054
 8375.154716	 1.837108	 -336.648911
 8390.06059 	 1.844812	 23.267522
 8390.069027	 1.84468 	 23.268021
 8405.147493	 1.851948	 23.200666
 8420.232261	 1.859501	 23.106564
 8420.229772	 1.859271	 23.106337
 8435.132137	 1.866109	 23.026785
 8450.22415 	 1.873277	 22.925344
 8450.225221	 1.873092	 22.939804
 8465.127167	 1.879559	 22.860541
 8465.125194	 1.879354	 22.855269
 8480.216534	 1.886006	 22.767622
 8495.115749	 1.892383	 22.674548
 8495.111996	 1.892249	 22.678935
 8510.196266	 1.898315	 22.577073
 8510.210021	 1.898123	 22.588915
 8525.106418	 1.903993	 22.49754
 8540.191426	 1.909943	 22.413517
 8540.189266	 1.909809	 22.403603
 8555.099182	 1.915476	 22.32419
 8555.090617	 1.915143	 22.3199
 8570.187987	 1.920832	 22.22718
 8585.078769	 1.926007	 22.127216
 8585.084077	 1.926027	 22.13156
 8600.174166	 1.931165	 22.035479
 8615.068884	 1.936157	 21.941392
 8615.071058	 1.935937	 21.943808
 8630.152058	 1.940857	 21.832703
 8630.161733	 1.940745	 21.860019
 8645.067958	 1.94545 	 21.771066
 8660.147769	 1.950112	 21.668253
 8660.153565	 1.949875	 21.675235
 8675.229289	 1.954567	 21.573165
 8676.75822 	 1.954505	 21.644177
 8690.130734	 1.958765	 -338.51478
 8705.227531	 1.962883	 21.400709
 8705.227496	 1.962979	 21.398843
 8720.121776	 1.96699 	 21.303258
 8735.21431 	 1.971159	 -338.78882
 8735.212074	 1.970872	 21.222188
 8750.108687	 1.974852	 21.129876
 8765.196328	 1.978586	 21.03393
 8765.203177	 1.978435	 21.044497
 8780.097951	 1.981956	 20.956472
 8780.108711	 1.982132	 20.973721
 8795.198224	 1.985747	 20.895417
 8810.085977	 1.989113	 -339.214658
 8810.089354	 1.988933	 20.802321
 8825.174855	 1.992416	 20.711399
 8840.08871 	 1.995604	 20.636836
 8840.081594	 1.995736	 20.624298
 8855.164996	 1.998888	 20.537837
 8855.171321	 1.998588	 20.549587
 8870.074492	 2.001823	 -339.522257
 8885.160672	 2.004907	 -339.605336
 8885.157964	 2.004755	 20.388072
 8900.247393	 2.007719	 20.317559
 8915.146165	 2.010553	 20.221082
 8915.148421	 2.010481	 20.235765
 8930.242526	 2.013351	 20.168847
 8945.138669	 2.016114	 20.086925
 8945.141779	 2.016146	 -339.914033
 8960.228722	 2.018649	 20.003778
 8975.116816	 2.021284	 19.904371
 8975.125931	 2.02119 	 19.935157
 8990.222343	 2.023681	 19.861039
 8990.213538	 2.023846	 19.858359
 9005.121392	 2.026277	 19.792007
 9020.201082	 2.028501	 19.712663
 9020.204432	 2.028627	 19.714764
 9035.114957	 2.031002	 19.659152
 9050.185091	 2.033266	 19.561143
 9050.178512	 2.033306	 -340.450745
 9065.091033	 2.035432	 19.501419
 9071.126214	 2.035692	 -340.416074
 9080.173586	 2.037453	 19.4231
 9095.078059	 2.039655	 19.350987
 9095.081253	 2.039972	 19.364343
 9110.177275	 2.041678	 19.305611
 9125.073555	 2.04366 	 19.236586
 9125.067188	 2.043597	 19.23419
 9140.165814	 2.045709	 19.181706
 9155.253087	 2.047511	 19.100143
 9155.250465	 2.047436	 19.110909
 9170.148817	 2.049383	 19.036869
 9185.244738	 2.051286	 18.991696
 9185.235134	 2.051218	 18.986924
 9200.125255	 2.052997	 18.916122
 9215.21921 	 2.054913	 18.855611
 9215.223893	 2.054701	 18.862981
 9230.131887	 2.056231	 18.819066
 9230.131284	 2.056393	 18.807515
 9245.211215	 2.058226	 18.756132
 9260.110109	 2.05981 	 18.688383
 9260.125386	 2.059617	 18.698116
 9275.20622 	 2.061244	 -341.356906
 9290.105889	 2.062767	 18.586082
 9290.110852	 2.062854	 18.576142
 9305.192453	 2.064132	 18.512593
 9320.106093	 2.065755	 18.466898
 9320.087575	 2.065845	 18.461464
 9335.179438	 2.067192	 18.398764
 9335.189807	 2.067133	 18.411227
 9350.084044	 2.068423	 18.355245
 9365.179017	 2.069928	 18.318534
 9365.17631 	 2.06993 	 18.316775
 9380.078475	 2.071173	 18.268143
 9395.170608	 2.072494	 -341.777514
 9395.156005	 2.072456	 18.21332
 9410.253158	 2.073854	 18.160082
 9425.139386	 2.075205	 18.104538
 9425.159057	 2.075105	 18.125056
 9440.238185	 2.076309	 18.061858
 9455.139545	 2.07757 	 18.019482
 9455.135738	 2.077515	 18.015608
 9470.224269	 2.07873 	 17.967344
 9485.13349 	 2.079867	 17.926889
 9485.132748	 2.079938	 17.925548
 9500.219202	 2.080909	 17.878483
 9515.115912	 2.082126	 17.824508
 9515.117341	 2.081983	 17.829183
 9530.202099	 2.083241	 17.7909
 9541.706031	 2.083119	 17.812621
 9545.109435	 2.084181	 17.746817
 9560.197549	 2.08538 	 17.710733
 9560.192704	 2.085369	 17.701941
 9575.099552	 2.086352	 17.659422
 9590.177594	 2.087235	 17.62567
 9590.189673	 2.08728 	 17.621467
 9605.072522	 2.088246	 17.56583
 9620.17716 	 2.08923 	 17.552798
 9620.175558	 2.089267	 17.541511
 9635.258204	 2.090076	 17.507182
 9650.158626	 2.091034	 17.460858
 9650.168342	 2.091085	 17.473568
 9665.243383	 2.09216 	 17.425093
 9680.155594	 2.092932	 17.382666
 9680.151347	 2.092843	 17.381563
 9695.234849	 2.09374 	 17.343198
 9710.136006	 2.094505	 17.310726
 9710.137035	 2.094468	 17.319446
 9725.226412	 2.095544	 17.277018
 9740.133829	 2.09617 	 17.247072
 9740.122763	 2.096192	 17.229406
 9755.212633	 2.097066	 17.204845
 9770.118999	 2.097767	 17.178993
 9770.120462	 2.097694	 17.172557
 9785.210018	 2.098668	 -342.877172
 9800.109835	 2.099224	 17.104463
 9800.112273	 2.099435	 17.102276
 9815.191456	 2.100144	 17.056929
 9830.095699	 2.10079 	 17.033888
 9830.093619	 2.100729	 17.030866
 9845.186766	 2.101686	 17.000794
 9845.188749	 2.101596	 17.006842
 9860.086543	 2.102294	 16.970375
 9875.174608	 2.102966	 16.933457
 9875.169067	 2.102906	 16.933461
 9890.258356	 2.103374	 16.904473
 9905.158688	 2.104096	 16.878181
 9905.163444	 2.104102	 16.87429
 9920.244651	 2.105003	 16.842903
 9935.158368	 2.105542	 16.825792
 9935.153819	 2.105575	 16.815481
 9950.241602	 2.106231	 16.791521
 9965.135992	 2.106769	 16.753084
 9965.14482 	 2.106724	 16.76426
 9980.228492	 2.107313	 -343.267812
 9995.13079 	 2.107932	 16.695286
 9995.129524	 2.107871	 16.704833
10010.22104 	 2.108347	 16.678576
10025.11966 	 2.109106	 16.654254
10025.12042 	 2.109105	 16.652482
10040.21167 	 2.109607	 16.628329
10055.10267 	 2.110204	 16.595801
10055.10681 	 2.110296	 16.600855
10070.19779 	 2.11074 	 16.571893
10085.10473 	 2.111418	 16.554928
10085.09826 	 2.111141	 16.551204
10100.18608 	 2.111792	 16.515412
10115.08264 	 2.112328	 16.492746
10115.08344 	 2.112236	 16.494538
10130.16711 	 2.112747	 16.47438
10145.25996 	 2.113156	 16.45021
10160.15443 	 2.113881	 16.427788
10160.15906 	 2.113836	 16.415769
10175.25072 	 2.114241	 16.400237
10190.153   	 2.114714	 16.381729
10190.14322 	 2.114871	 16.382791
10205.23442 	 2.115079	 16.355406
10220.13822 	 2.115524	 16.342768
10220.14016 	 2.115513	 16.337564
10235.21966 	 2.115992	 16.309857
10250.12199 	 2.116414	 16.295864
10250.13322 	 2.116446	 16.295737
10265.21552 	 2.116872	 16.279376
10280.11254 	 2.117476	 16.253902
10280.12197 	 2.11739 	 16.257266
10295.20867 	 2.117867	 16.250381
10310.11289 	 2.118131	 16.218949
10310.11374 	 2.11815 	 16.224069
10325.19913 	 2.118657	 16.209665
10340.09105 	 2.118993	 16.180627
10340.10285 	 2.119005	 16.196591
10355.17897 	 2.119427	 16.155926
10370.27243 	 2.119726	 16.127577
10370.27129 	 2.119782	 16.132617
10385.17446 	 2.120092	 16.114982
10400.2696  	 2.12052 	 16.120656
10400.26253 	 2.120496	 16.098363
10415.17312 	 2.120979	 16.092765
10430.25384 	 2.121146	 16.076151
10430.24915 	 2.121314	 16.071529
10445.15337 	 2.121709	 16.061086
10460.23185 	 2.121886	 16.026837
10460.23647 	 2.121819	 16.037076
10475.13827 	 2.122353	 16.01476
10490.23464 	 2.122628	 16.013907
10490.22546 	 2.122492	 -343.993265
10505.12556 	 2.122999	 15.994823
10520.2135  	 2.123225	 15.977145
10520.22723 	 2.123462	 15.981968
10535.12227 	 2.123681	 15.964582
10550.20618 	 2.124038	 15.938824
10550.21017 	 2.123815	 15.94958
10565.11662 	 2.124343	 15.933891
10580.19371 	 2.124518	 -344.085158
10580.19313 	 2.124627	 15.921183
10595.10274 	 2.124981	 15.91018
10610.18981 	 2.125214	 15.889291
10610.18585 	 2.125128	 15.891322
10625.27672 	 2.125536	 15.877473
10640.16958 	 2.125853	 15.853031
10640.17681 	 2.125828	 15.859909
10655.26494 	 2.125983	 15.848722
10670.16458 	 2.126308	 15.82185
10670.16443 	 2.126453	 15.835493
10685.25576 	 2.126638	 15.822297
10700.15723 	 2.126958	 15.807454
10700.14785 	 2.126949	 15.804018
10715.24514 	 2.127056	 15.799251
10730.14162 	 2.127471	 15.778985
10730.1383  	 2.127487	 15.780317
10745.22274 	 2.12776 	 15.768825
10760.12457 	 2.128241	 15.765749
10760.14694 	 2.12781 	 15.767992
10775.20527 	 2.128185	 15.738347
10790.1244  	 2.128563	 15.74535
10790.1258  	 2.128476	 15.739219
10805.20084 	 2.128788	 15.721444
10820.10955 	 2.128933	 15.719511
10820.11399 	 2.129015	 15.727193
10835.19306 	 2.129258	 15.702809
10850.09428 	 2.129387	 -344.306633
10865.18727 	 2.129763	 15.68592
10865.18941 	 2.129565	 15.694232
10880.27169 	 2.129716	 15.682275
10895.17146 	 2.130332	 15.662126
10895.17051 	 2.130094	 15.651637
10910.26052 	 2.130373	 15.656439
10925.16144 	 2.130643	 15.640951
10925.16051 	 2.130514	 -344.352856
10940.25054 	 2.130758	 15.628475
10955.15759 	 2.131095	 -344.372704
10955.15766 	 2.130888	 15.635187
10970.25262 	 2.130969	 15.618608
10985.14245 	 2.131444	 15.616635
11000.21977 	 2.131684	 -344.394621
11000.23079 	 2.131801	 15.597054
11015.12761 	 2.131627	 15.586576
11030.21998 	 2.13193 	 15.585506
11030.21904 	 2.132126	 15.578649
11045.1212  	 2.132297	 15.575455
11060.20941 	 2.13244 	 15.579796
11060.20481 	 2.132489	 15.572031
11075.10474 	 2.132858	 15.553976
11090.20479 	 2.132927	 15.565952
11105.29261 	 2.133083	 15.537848
11105.30667 	 2.133013	 -344.427426
11120.18962 	 2.133109	 15.525068
11135.27544 	 2.133396	 15.539391
11135.27423 	 2.133404	 15.527156
11150.18306 	 2.13357 	 15.542212
11165.25786 	 2.133768	 15.505713
11165.2726  	 2.13365 	 15.521374
11180.16702 	 2.133946	 15.524776
11195.25745 	 2.134234	 15.502087
11195.24604 	 2.134071	 15.505619
11210.1538  	 2.134295	 15.505274
11225.23753 	 2.134428	 15.492027
11225.24328 	 2.134319	 -344.50856
11240.15782 	 2.134719	 15.488074
11255.23565 	 2.134607	 15.489955
11255.23001 	 2.134831	 15.481828
11270.12417 	 2.134968	 15.468123
11285.22593 	 2.135084	 15.477208
11289.40307 	 2.134834	 15.488048
11300.11944 	 2.13538 	 -344.541679
11315.21112 	 2.135439	 15.457537
11330.11512 	 2.135631	 15.450209
11330.10058 	 2.135491	 15.454559
11345.19703 	 2.135806	 15.446468
11360.29256 	 2.135888	 15.451382
11360.28955 	 2.135923	 15.451756
11375.18753 	 2.136061	 15.429494
11390.28798 	 2.136247	 15.444183
11405.17998 	 2.136373	 15.436041
11405.18121 	 2.136331	 15.444689
11420.25715 	 2.136334	 15.428764
11435.16224 	 2.136537	 15.428511
11435.16665 	 2.136664	 15.420067
11450.25422 	 2.136779	 -344.587023
11465.15384 	 2.136927	 15.414197
11480.24737 	 2.136937	 15.419404
11480.24365 	 2.137149	 15.406557
11495.14662 	 2.137312	 15.415645
11510.22619 	 2.137241	 15.410407
11512.86741 	 2.137543	 15.411463
11525.14079 	 2.137556	 15.409987
11540.21972 	 2.137582	 15.38905
11555.11703 	 2.13769 	 15.388046
11555.12712 	 2.137685	 -344.597791
11570.20712 	 2.137645	 15.390784
11585.11013 	 2.137916	 15.385902
11585.12348 	 2.137788	 15.401822
11600.20064 	 2.13801 	 15.391865
11615.294   	 2.138269	 15.394515
11630.19629 	 2.138337	 15.39122
11630.19784 	 2.13814 	 15.383013
11645.27756 	 2.138516	 15.385397
11660.17806 	 2.138488	 15.382238
11660.1781  	 2.138462	 15.374487
11675.27196 	 2.13886 	 15.371566
11690.17242 	 2.138854	 -344.622037
11705.24845 	 2.138932	 15.366041
11705.25763 	 2.138853	 15.376223
11720.15    	 2.139082	 15.364896
11735.25177 	 2.139323	 15.371824
11735.24687 	 2.139278	 15.37689
11750.14148 	 2.139279	 15.35993
11765.23674 	 2.139419	 15.364037
11780.13238 	 2.139433	 15.354181
11780.1388  	 2.139549	 15.374768
11795.22887 	 2.139384	 15.371766
11810.12753 	 2.139609	 15.365952
11810.13644 	 2.139648	 15.374945
11825.21188 	 2.139715	 15.359824
11840.29477 	 2.140067	 15.352148
11855.19937 	 2.13997 	 15.360952
11855.19636 	 2.139848	 15.351483
11870.28471 	 2.140071	 15.353529
11885.18872 	 2.140229	 15.353366
11885.19527 	 2.140097	 15.354198
11900.27887 	 2.140511	 15.363055
11915.18287 	 2.140334	 15.353582
11930.26414 	 2.140483	 15.350919
11930.26506 	 2.140471	 15.342514
11945.16671 	 2.140689	 15.354948
11960.25126 	 2.140671	 15.344613
11960.26258 	 2.140714	 15.358869
11975.15608 	 2.140876	 15.350249
11990.24135 	 2.140807	 15.344917
12005.14922 	 2.140921	 15.364154
12005.14054 	 2.140957	 15.342627
12020.24296 	 2.140873	 15.35741
12035.13567 	 2.141122	 15.35925
12050.22441 	 2.141226	 15.361801
12050.22645 	 2.141294	 15.356856
12065.12824 	 2.141353	 15.356156
12080.20565 	 2.141473	 15.3451
12080.21366 	 2.141219	 15.357347
12095.30245 	 2.141474	 15.365157
12110.19707 	 2.141655	 15.362945
12114.40024 	 2.141505	 15.362731
12125.2885  	 2.141668	 15.359086
12140.19437 	 2.14179 	 15.352077
12155.28148 	 2.141642	 15.359141
12155.27263 	 2.141933	 15.355771
12170.18816 	 2.141843	 15.37012
12185.2652  	 2.142021	 15.358789
12200.17531 	 2.142288	 15.356923
12200.17656 	 2.141997	 15.365119
12215.25475 	 2.142019	 15.358628
12230.16504 	 2.142286	 15.364081
12230.15787 	 2.142265	 15.359707
12245.24732 	 2.142346	 15.366951
12260.15112 	 2.142373	 15.370435
12275.23097 	 2.14242 	 15.364229
12275.23223 	 2.142502	 15.365268
12290.13413 	 2.142358	 15.363569
12305.22683 	 2.142606	 15.371165
12320.12341 	 2.142609	 15.365668
12320.13509 	 2.142713	 15.370278
12335.21602 	 2.142625	 15.369256
12350.29635 	 2.142893	 15.378026
12350.30278 	 2.142856	 15.375644
12365.19482 	 2.142746	 15.373229
12380.28656 	 2.142748	 15.358189
12395.19171 	 2.143089	 15.374524
12409.35152 	 2.143299	 15.37477
12410.27495 	 2.143026	 15.372762
12425.17627 	 2.142965	 15.377607
12440.26182 	 2.143185	 15.371294
12440.26857 	 2.143283	 15.378861
12455.16725 	 2.143189	 15.38341
12470.25375 	 2.14321 	 15.395926
12485.15821 	 2.143383	 15.389793
12485.15623 	 2.143265	 15.398813
12500.27537 	 2.143615	 15.395848
12515.14073 	 2.143609	 15.379793
12516.64601 	 2.14396 	 15.38969
12530.23128 	 2.14356 	 15.398305
12545.13579 	 2.143693	 15.408458
12560.22511 	 2.143715	 15.405383
12560.229   	 2.143651	 -344.591164
12575.3078  	 2.14374 	 15.405659
12590.21625 	 2.143901	 15.416013
12605.30721 	 2.144008	 15.41056
12605.29863 	 2.143863	 15.41001
12620.19762 	 2.144048	 15.405618
12635.28558 	 2.144111	 15.411805
12650.18976 	 2.14422 	 -344.574893
12650.19192 	 2.144226	 15.423435
12665.28862 	 2.144357	 -344.56775
12680.17816 	 2.144226	 15.42601
12691.72104 	 2.143893	 15.412904
12695.2612  	 2.144275	 -344.578119
12710.16789 	 2.144379	 15.436281
12725.25474 	 2.144401	 15.434742
12725.25713 	 2.144223	 15.438775
12740.15238 	 2.144551	 15.432561
12755.24235 	 2.144519	 15.433846
12770.14944 	 2.144596	 15.440676
12770.14482 	 2.144471	 15.45121
12785.22108 	 2.144547	 15.441488
12800.13539 	 2.144672	 15.462497
12800.12787 	 2.144718	 15.451053
12815.22172 	 2.144675	 15.459691
12830.31661 	 2.144447	 15.471451
12845.20445 	 2.144785	 15.456636
12845.20974 	 2.144624	 15.467315
12860.29897 	 2.144677	 15.473275
12875.20197 	 2.14485 	 15.475955
12890.28945 	 2.14488 	 15.47886
12890.29268 	 2.144803	 15.487184
12905.18856 	 2.144959	 15.482045
12920.27701 	 2.145032	 15.486309
12935.18278 	 2.145047	 15.492519
12935.17859 	 2.145202	 15.489478
12950.27104 	 2.145168	 15.495779
12965.17694 	 2.145033	 15.50185
12980.26077 	 2.145219	 15.496949
12980.25113 	 2.145217	 15.495944
12995.15006 	 2.14547 	 15.496238
13010.24872 	 2.145447	 15.513425
13025.14666 	 2.145405	 15.514846
13025.14359 	 2.145454	 15.514823
13040.24338 	 2.145496	 15.532571
13055.13898 	 2.145688	 15.522704
13070.22403 	 2.145625	 15.53128
13070.22384 	 2.145541	 15.532232
13085.31949 	 2.14562 	 15.546824
13100.20884 	 2.145639	 15.533191
13115.29718 	 2.145787	 15.544072
13115.30416 	 2.145772	 15.549079
13130.20519 	 2.145816	 15.549674
13145.29043 	 2.14572 	 15.553874
13150.81463 	 2.145759	 15.541973
13160.19469 	 2.145644	 15.554041
13175.27889 	 2.145789	 15.553505
13190.17754 	 2.145896	 15.572407
13190.18384 	 2.145997	 -344.428794
13205.26821 	 2.145855	 15.579036
13220.16815 	 2.146023	 15.575336
13235.25703 	 2.14604 	 15.58471
13235.25318 	 2.146203	 15.573749
13250.1646  	 2.146104	 15.601153
13265.25091 	 2.146042	 15.602125
13280.15105 	 2.146051	 15.600155
13280.14847 	 2.146108	 15.603448
13295.23496 	 2.146047	 15.601063
13310.32857 	 2.146254	 -344.386246
13325.22585 	 2.146091	 15.603403
13325.22694 	 2.146299	 15.618457
13340.31077 	 2.146385	 15.617588
13355.20623 	 2.146094	 15.62228
            	         	 
            	         	 
            	         	 
            	         	 
            	         	 
            	         	 
            	         	 
            	         	 
            	         	 
            	         	 
            	         	 
            	         	 
            	         	 
            	         	 
            	         	 
            	         	 
            	         	 
            	         	 
            	         	 
            	         	 
            	         	 
            	         	 
            	         	 
            	         	 
            	         	 
            	         	 
            	         	 
            	         	 
            	         	 
            	         	 
            	         	 
            	         	 
            	         	 
            	         	 
            	         	 
            	         	 
            	         	 
            	         	 
            	         	 
            	         	 
            	         	 
            	         	 
            	         	 
            	         	 
            	         	 
            	         	 
            	         	 
            	         	 
            	         	 
            	         	 
            	         	 
            	         	 
            	         	 
            	         	 
            	         	 
            	         	 
            	         	 
            	         	 
            	         	 
            	         	 
            	         	 
            	         	 
            	         	 
            	         	 
            	         	 
            	         	 
            	         	 
            	         	 
            	         	 
            	         	 
            	         	 
            	         	 
            	         	 
            	         	 
            	         	 
            	         	 
            	         	 
            	         	 
            	         	 
            	         	 
            	         	 
            	         	 
            	         	 
            	         	 
            	         	 
            	         	 
            	         	 
            	         	 
            	         	 
            	         	 
            	         	 
            	         	 
            	         	 
            	         	 
            	         	 
            	         	 
            	         	 
            	         	 
            	         	 
            	         	 
            	         	 
            	         	 
            	         	 
            	         	 
            	         	 
            	         	 
            	         	 
            	         	 
            	         	 
            	         	 
            	         	 
            	         	 
            	         	 
            	         	 
            	         	 
            	         	 
            	         	 
            	         	 
            	         	 
            	         	 
            	         	 
            	         	 
            	         	 
            	         	 
            	         	 
            	         	 
            	         	 
            	         	 
            	         	 
            	         	 
            	         	 
            	         	 
            	         	 
            	         	 
            	         	 
            	         	 
            	         	 
            	         	 
            	         	 
            	         	 
            	         	 
            	         	 
            	         	 
            	         	 
            	         	 
            	         	 
            	         	 
            	         	 
            	         	 
            	         	 
            	         	 
            	         	 
