Frequency (Hz)	V_IN	V_R	Colonna1
2224.973823	1	0.992973	0.0001
2224.959196	1	0.992854	0.0001
2240.054993	1	0.992754	0.0001
2240.040845	1	0.992957	0.0001
2254.948259	1	0.99283	0.0001
2254.949996	1	0.992769	0.0001
2270.039864	1	0.992738	0.0001
2270.046144	1	0.992773	0.0001
2270.048082	1	0.992839	0.0001
2285.140834	1	0.992747	0.0001
2285.131004	1	0.99276	0.0001
2300.033261	1	0.992723	0.0001
2300.030672	1	0.992736	0.0001
2315.130141	1	0.992787	0.0001
2315.12322	1	0.992715	0.0001
2315.120767	1	0.992569	0.0001
2330.02239	1	0.992694	0.0001
2330.028449	1	0.992694	0.0001
2345.104032	1	0.992703	0.0001
2345.100169	1	0.992676	0.0001
2360.003367	1	0.992671	0.0001
2360.012641	1	0.992609	0.0001
2375.097499	1	0.992638	0.0001
2375.098993	1	0.99257	0.0001
2389.995868	1	0.992601	0.0001
2389.997679	1	0.992675	0.0001
2405.097082	1	0.992508	0.0001
2405.083178	1	0.992591	0.0001
2419.985111	1	0.992563	0.0001
2419.994413	1	0.992555	0.0001
2419.995202	1	0.992575	0.0001
2435.080015	1	0.992495	0.0001
2435.073379	1	0.992515	0.0001
2449.973714	1	0.992529	0.0001
2449.982997	1	0.992516	0.0001
2465.0674	1	0.992485	0.0001
2465.065588	1	0.992521	0.0001
2479.979592	1	0.992439	0.0001
2479.968242	1	0.992431	0.0001
2495.050603	1	0.992414	0.0001
2495.064412	1	0.992364	0.0001
2495.06254	1	0.992441	0.0001
2509.960244	1	0.992418	0.0001
2509.956877	1	0.99241	0.0001
2525.041274	1	0.99243	0.0001
2525.045794	1	0.992408	0.0001
2540.128547	1	0.992403	0.0001
2540.128218	1	0.992437	0.0001
2555.039514	1	0.992305	0.0001
2555.03248	1	0.992281	0.0001
2570.126799	1	0.992296	0.0001
2570.125225	1	0.992359	0.0001
2570.121339	1	0.992353	0.0001
2585.016533	1	0.992306	0.0001
2585.019083	1	0.992231	0.0001
2600.116388	1	0.992177	0.0001
2600.114852	1	0.992342	0.0001
2615.010994	1	0.992272	0.0001
2615.011725	1	0.992302	0.0001
2630.106176	1	0.992204	0.0001
2630.103368	1	0.992253	0.0001
2644.996529	1	0.992237	0.0001
2645.002298	1	0.99231	0.0001
2660.087681	1	0.992234	0.0001
2660.094325	1	0.992159	0.0001
2660.086927	1	0.992143	0.0001
2674.987792	1	0.992066	0.0001
2674.98912	1	0.992196	0.0001
2690.076478	1	0.99218	0.0001
2690.079518	1	0.99208	0.0001
2704.980938	1	0.992138	0.0001
2704.975736	1	0.992066	0.0001
2720.069026	1	0.992081	0.0001
2720.066316	1	0.992083	0.0001
2734.966079	1	0.992112	0.0001
2734.966683	1	0.992072	0.0001
2750.05073	1	0.99203	0.0001
2750.05547	1	0.991991	0.0001
2764.958393	1	0.991945	0.0001
2764.963286	1	0.992028	0.0001
2780.041539	1	0.991956	0.0001
2780.060956	1	0.992001	0.0001
2795.132066	1	0.991965	0.0001
2795.128258	1	0.991893	0.0001
2810.035546	1	0.99196	0.0001
2810.03811	1	0.991889	0.0001
2811.295137	1	0.991864	0.0001
2825.129735	1	0.991845	0.0001
2825.123718	1	0.99184	0.0001
2840.030206	1	0.99185	0.0001
2840.025835	1	0.99194	0.0001
2855.11317	1	0.991853	0.0001
2855.117037	1	0.991769	0.0001
2870.009549	1	0.991859	0.0001
2870.013131	1	0.991829	0.0001
2885.103116	1	0.991699	0.0001
2885.094996	1	0.991704	0.0001
2900.002084	1	0.991651	0.0001
2900.004961	1	0.991723	0.0001
2900.750044	1	0.991756	0.0001
2915.084452	1	0.991671	0.0001
2915.09389	1	0.991699	0.0001
2929.996235	1	0.991668	0.0001
2929.98817	1	0.991711	0.0001
2945.073194	1	0.991621	0.0001
2945.081216	1	0.991573	0.0001
2959.969662	1	0.991594	0.0001
2959.977347	1	0.991569	0.0001
2975.054312	1	0.991622	0.0001
2975.071464	1	0.991511	0.0001
2975.064499	1	0.991594	0.0001
2989.974115	1	0.991455	0.0001
2989.97192	1	0.991477	0.0001
3005.072967	1	0.991449	0.0001
3005.048083	1	0.991478	0.0001
3020.142033	1	0.99151	0.0001
3020.135766	1	0.991475	0.0001
3035.045671	1	0.99141	0.0001
3035.044349	1	0.991471	0.0001
3050.136955	1	0.991389	0.0001
3050.13803	1	0.991425	0.0001
3065.038367	1	0.991396	0.0001
3065.036476	1	0.991316	0.0001
3080.127174	1	0.991241	0.0001
3080.117249	1	0.991286	0.0001
3095.027691	1	0.991303	0.0001
3095.023116	1	0.991347	0.0001
3110.107321	1	0.991324	0.0001
3110.112636	1	0.99133	0.0001
3110.115615	1	0.991304	0.0001
3125.013982	1	0.99097	0.0001
3125.009971	1	0.991358	0.0001
3140.108292	1	0.991191	0.0001
3140.099191	1	0.991135	0.0001
3155.004291	1	0.991073	0.0001
3154.996602	1	0.991234	0.0001
3170.09416	1	0.991156	0.0001
3170.086704	1	0.991137	0.0001
3184.985931	1	0.991039	0.0001
3184.99495	1	0.991054	0.0001
3200.084165	1	0.991061	0.0001
3200.078022	1	0.991023	0.0001
3214.977295	1	0.990959	0.0001
3214.985915	1	0.991001	0.0001
3230.075702	1	0.990898	0.0001
3230.072461	1	0.990985	0.0001
3244.961048	1	0.991	0.0001
3244.967685	1	0.990923	0.0001
3260.057583	1	0.990942	0.0001
3260.058156	1	0.990882	0.0001
3271.640957	1	0.990801	0.0001
3275.144572	1	0.990812	0.0001
3275.145759	1	0.990839	0.0001
3290.038182	1	0.990763	0.0001
3290.053218	1	0.990825	0.0001
3305.13848	1	0.990841	0.0001
3305.141257	1	0.990758	0.0001
3320.030445	1	0.990733	0.0001
3320.032213	1	0.990659	0.0001
3335.126455	1	0.990694	0.0001
3335.119832	1	0.99061	0.0001
3350.027004	1	0.99061	0.0001
3350.0273	1	0.990612	0.0001
3365.115096	1	0.990636	0.0001
3365.115248	1	0.990686	0.0001
3380.006297	1	0.990561	0.0001
3380.012971	1	0.990565	0.0001
3395.106365	1	0.990481	0.0001
3395.107161	1	0.990584	0.0001
3410.00667	1	0.990497	0.0001
3410.007593	1	0.990438	0.0001
3425.089834	1	0.990383	0.0001
3425.083243	1	0.990519	0.0001
3439.987109	1	0.990417	0.0001
3439.985454	1	0.990431	0.0001
3455.078011	1	0.99042	0.0001
3455.085803	1	0.990259	0.0001
3469.990583	1	0.990254	0.0001
3469.981162	1	0.990235	0.0001
3485.072213	1	0.990264	0.0001
3485.067492	1	0.990197	0.0001
3499.977479	1	0.990303	0.0001
3499.974574	1	0.990194	0.0001
3515.062225	1	0.990182	0.0001
3515.061127	1	0.990142	0.0001
3530.149389	1	0.990116	0.0001
3530.156043	1	0.990037	0.0001
3545.045143	1	0.990033	0.0001
3545.046617	1	0.989993	0.0001
3560.138669	1	0.989994	0.0001
3560.13893	1	0.99	0.0001
3575.034538	1	0.989967	0.0001
3575.037847	1	0.98992	0.0001
3590.114882	1	0.989853	0.0001
3590.132117	1	0.989881	0.0001
3590.121371	1	0.989871	0.0001
3605.020558	1	0.98985	0.0001
3605.034023	1	0.989885	0.0001
3620.113889	1	0.989827	0.0001
3620.1202	1	0.989798	0.0001
3635.01997	1	0.989762	0.0001
3635.010054	1	0.989741	0.0001
3650.100953	1	0.989742	0.0001
3650.104464	1	0.989644	0.0001
3665.003501	1	0.989664	0.0001
3665.006837	1	0.989672	0.0001
3680.086418	1	0.989553	0.0001
3680.085658	1	0.989636	0.0001
3694.99204	1	0.989529	0.0001
3694.98523	1	0.989493	0.0001
3710.074905	1	0.989512	0.0001
3710.081915	1	0.989493	0.0001
3724.977166	1	0.989437	0.0001
3724.978464	1	0.989432	0.0001
3740.067451	1	0.989342	0.0001
3740.076563	1	0.989343	0.0001
3755.162986	1	0.989292	0.0001
3755.152627	1	0.989339	0.0001
3770.063538	1	0.989253	0.0001
3770.065935	1	0.989275	0.0001
3785.14939	1	0.989239	0.0001
3785.141732	1	0.989298	0.0001
3800.041174	1	0.989211	0.0001
3800.051903	1	0.989117	0.0001
3815.12981	1	0.989017	0.0001
3815.135865	1	0.989057	0.0001
3830.040509	1	0.989032	0.0001
3830.037837	1	0.989046	0.0001
3845.10878	1	0.988956	0.0001
3845.187764	1	0.988958	0.0001
3860.026795	1	0.988882	0.0001
3875.110635	1	0.98896	0.0001
3875.121867	1	0.988816	0.0001
3890.021226	1	0.988728	0.0001
3890.006686	1	0.988764	0.0001
3905.097282	1	0.988722	0.0001
3905.102975	1	0.988714	0.0001
3920.006155	1	0.988644	0.0001
3919.997715	1	0.988573	0.0001
3920.076186	1	0.988606	0.0001
3935.092445	1	0.988677	0.0001
3950.001007	1	0.988525	0.0001
3949.989642	1	0.988548	0.0001
3965.083077	1	0.988487	0.0001
3965.077864	1	0.988442	0.0001
3979.979935	1	0.988379	0.0001
3979.980668	1	0.988405	0.0001
3995.07619	1	0.988324	0.0001
3995.077791	1	0.988299	0.0001
4010.160493	1	0.988173	0.0001
4010.160008	1	0.988248	0.0001
4025.057517	1	0.98821	0.0001
4025.05924	1	0.988175	0.0001
4040.148845	1	0.988109	0.0001
4040.149419	1	0.988086	0.0001
4055.05135	1	0.987995	0.0001
4055.041931	1	0.988065	0.0001
4070.138072	1	0.987887	0.0001
4070.1378	1	0.987967	0.0001
4085.034284	1	0.987949	0.0001
4085.037671	1	0.987861	0.0001
4100.119562	1	0.987766	0.0001
4100.124391	1	0.987777	0.0001
4115.025818	1	0.987729	0.0001
4115.023254	1	0.987746	0.0001
4130.121855	1	0.987638	0.0001
4130.113563	1	0.987667	0.0001
4145.016673	1	0.987578	0.0001
4145.014123	1	0.987667	0.0001
4160.097649	1	0.987527	0.0001
4160.101019	1	0.98751	0.0001
4175.008026	1	0.987387	0.0001
4175.008024	1	0.987505	0.0001
4190.100479	1	0.987395	0.0001
4190.090875	1	0.98733	0.0001
4204.98262	1	0.98724	0.0001
4204.980098	1	0.987321	0.0001
4220.082307	1	0.987193	0.0001
4220.086104	1	0.987185	0.0001
4234.976869	1	0.987053	0.0001
4234.980123	1	0.9871	0.0001
4250.071972	1	0.986965	0.0001
4265.164855	1	0.986915	0.0001
4265.164564	1	0.98696	0.0001
4280.058526	1	0.986851	0.0001
4280.059944	1	0.986741	0.0001
4295.145683	1	0.986707	0.0001
4295.146153	1	0.986796	0.0001
4310.050724	1	0.986684	0.0001
4310.047758	1	0.986646	0.0001
4325.139371	1	0.98662	0.0001
4325.138154	1	0.986587	0.0001
4340.043305	1	0.986491	0.0001
4340.029698	1	0.986397	0.0001
4355.117089	1	0.986401	0.0001
4355.130312	1	0.98636	0.0001
4370.025744	1	0.986256	0.0001
4370.022638	1	0.986277	0.0001
4385.119462	1	0.986195	0.0001
4385.119121	1	0.986226	0.0001
4400.017153	1	0.986137	0.0001
4400.014252	1	0.986093	0.0001
4415.106977	1	0.985931	0.0001
4415.099774	1	0.986017	0.0001
4430.002251	1	0.985922	0.0001
4430.012441	1	0.985918	0.0001
4445.095795	1	0.985892	0.0001
4445.089075	1	0.985794	0.0001
4459.999114	1	0.985727	0.0001
4459.99823	1	0.985767	0.0001
4475.074498	1	0.985634	0.0001
4475.080599	1	0.985696	0.0001
4490.167087	1	0.985478	0.0001
4490.173396	1	0.985452	0.0001
4505.076631	1	0.985386	0.0001
4505.068848	1	0.985415	0.0001
4520.161048	1	0.985318	0.0001
4520.16333	1	0.985295	0.0001
4535.062345	1	0.985235	0.0001
4535.063291	1	0.985164	0.0001
4550.154175	1	0.985	0.0001
4550.153026	1	0.985032	0.0001
4565.046021	1	0.984953	0.0001
4565.048461	1	0.984871	0.0001
4580.135737	1	0.984808	0.0001
4580.138378	1	0.984806	0.0001
4595.033461	1	0.984702	0.0001
4595.037154	1	0.984706	0.0001
4610.133841	1	0.984605	0.0001
4610.116434	1	0.984644	0.0001
4625.023024	1	0.984444	0.0001
4625.032207	1	0.984468	0.0001
4640.114521	1	0.984396	0.0001
4640.115907	1	0.984362	0.0001
4655.019303	1	0.98427	0.0001
4670.106109	1	0.984163	0.0001
4670.103203	1	0.984102	0.0001
4684.997081	1	0.983912	0.0001
4685.005879	1	0.98401	0.0001
4700.090759	1	0.983856	0.0001
4700.087637	1	0.983857	0.0001
4714.993387	1	0.983723	0.0001
4714.999617	1	0.983705	0.0001
4730.083961	1	0.983511	0.0001
4730.072464	1	0.983667	0.0001
4745.171257	1	0.983487	0.0001
4745.162895	1	0.983477	0.0001
4760.060957	1	0.983309	0.0001
4760.081607	1	0.983462	0.0001
4775.162061	1	0.983193	0.0001
4775.160693	1	0.983175	0.0001
4790.05826	1	0.983123	0.0001
4790.048205	1	0.982965	0.0001
4805.162587	1	0.982902	0.0001
4805.148154	1	0.98293	0.0001
4820.045168	1	0.982811	0.0001
4820.048869	1	0.982819	0.0001
4835.139818	1	0.982704	0.0001
4835.134079	1	0.982661	0.0001
4850.03481	1	0.982477	0.0001
4850.035329	1	0.982464	0.0001
4865.129402	1	0.98231	0.0001
4865.125589	1	0.982285	0.0001
4880.032843	1	0.98221	0.0001
4880.032617	1	0.982207	0.0001
4895.113307	1	0.982045	0.0001
4895.111315	1	0.982086	0.0001
4910.019584	1	0.981918	0.0001
4910.020325	1	0.981902	0.0001
4925.100742	1	0.981804	0.0001
4925.102801	1	0.98174	0.0001
4940.011771	1	0.981574	0.0001
4940.006366	1	0.981565	0.0001
4955.087705	1	0.981406	0.0001
4955.103328	1	0.9815	0.0001
4969.981769	1	0.981259	0.0001
4973.949555	1	0.981148	0.0001
4985.081203	1	0.981062	0.0001
5000.179577	1	0.980829	0.0001
5000.170376	1	0.980842	0.0001
5015.07489	1	0.980716	0.0001
5015.070091	1	0.98084	0.0001
5030.153885	1	0.980539	0.0001
5030.169091	1	0.9805	0.0001
5045.059656	1	0.980395	0.0001
5045.065037	1	0.980368	0.0001
5060.149457	1	0.980097	0.0001
5060.154427	1	0.980248	0.0001
5075.052045	1	0.979982	0.0001
5075.048199	1	0.979999	0.0001
5090.140983	1	0.979802	0.0001
5090.136493	1	0.979779	0.0001
5105.04471	1	0.979624	0.0001
5105.041764	1	0.979642	0.0001
5120.12817	1	0.979543	0.0001
5120.126206	1	0.979414	0.0001
5135.021707	1	0.979294	0.0001
5135.030646	1	0.979181	0.0001
5150.111783	1	0.979028	0.0001
5165.013882	1	0.978819	0.0001
5165.015058	1	0.978912	0.0001
5180.10628	1	0.978553	0.0001
5180.10085	1	0.978648	0.0001
5195.009669	1	0.978396	0.0001
5195.004721	1	0.978384	0.0001
5210.098304	1	0.978188	0.0001
5210.087665	1	0.978227	0.0001
5225.170233	1	0.977946	0.0001
5225.183776	1	0.977948	0.0001
5240.079958	1	0.977808	0.0001
5240.086912	1	0.977788	0.0001
5255.159435	1	0.977568	0.0001
5255.178494	1	0.977576	0.0001
5270.06988	1	0.977329	0.0001
5285.158599	1	0.977074	0.0001
5285.160908	1	0.977109	0.0001
5300.059076	1	0.976772	0.0001
5300.054526	1	0.976821	0.0001
5315.149541	1	0.976592	0.0001
5315.146596	1	0.976569	0.0001
5330.049343	1	0.976316	0.0001
5330.051137	1	0.976259	0.0001
5345.138091	1	0.976101	0.0001
5345.134404	1	0.976072	0.0001
5360.035172	1	0.975752	0.0001
5360.044924	1	0.975816	0.0001
5375.126117	1	0.975589	0.0001
5390.025322	1	0.975258	0.0001
5390.024842	1	0.97534	0.0001
5405.1204	1	0.975033	0.0001
5405.115577	1	0.975044	0.0001
5420.018665	1	0.974769	0.0001
5420.024504	1	0.974694	0.0001
5435.101427	1	0.974494	0.0001
5435.104537	1	0.974506	0.0001
5450.006249	1	0.97422	0.0001
5450.009831	1	0.974214	0.0001
5465.094531	1	0.973913	0.0001
5465.092856	1	0.973887	0.0001
5480.188165	1	0.973723	0.0001
5480.175954	1	0.973644	0.0001
5495.085212	1	0.973355	0.0001
5510.172486	1	0.973055	0.0001
5510.17171	1	0.972931	0.0001
5525.070582	1	0.972601	0.0001
5525.075411	1	0.97272	0.0001
5540.162781	1	0.972366	0.0001
5540.159953	1	0.972408	0.0001
5555.058442	1	0.972056	0.0001
5555.061228	1	0.97196	0.0001
5570.149399	1	0.971711	0.0001
5570.147286	1	0.971633	0.0001
5585.041386	1	0.971289	0.0001
5585.046203	1	0.971405	0.0001
5600.136591	1	0.970992	0.0001
5600.139223	1	0.971011	0.0001
5615.042684	1	0.970606	0.0001
5630.118986	1	0.970265	0.0001
5630.127055	1	0.970247	0.0001
5645.03333	1	0.969954	0.0001
5645.033576	1	0.970086	0.0001
5660.114332	1	0.969638	0.0001
5660.113034	1	0.969545	0.0001
5675.019551	1	0.969126	0.0001
5675.013914	1	0.969228	0.0001
5690.111567	1	0.968865	0.0001
5690.107949	1	0.968732	0.0001
5705.014384	1	0.968429	0.0001
5705.001661	1	0.968426	0.0001
5720.101392	1	0.968023	0.0001
5720.096185	1	0.968107	0.0001
5735.182335	1	0.967621	0.0001
5750.07402	1	0.967071	0.0001
5750.086216	1	0.967165	0.0001
5765.163318	1	0.966799	0.0001
5765.177962	1	0.966655	0.0001
5780.065334	1	0.966263	0.0001
5780.071064	1	0.966378	0.0001
5795.152827	1	0.965852	0.0001
5795.157427	1	0.965783	0.0001
5810.067777	1	0.965293	0.0001
5810.057238	1	0.965521	0.0001
5825.144794	1	0.964946	0.0001
5840.043216	1	0.964407	0.0001
5840.048006	1	0.964523	0.0001
5855.137781	1	0.963941	0.0001
5855.133851	1	0.964004	0.0001
5870.036791	1	0.963504	0.0001
5870.038991	1	0.96339	0.0001
5885.12223	1	0.962997	0.0001
5885.127727	1	0.962883	0.0001
5900.032706	1	0.962405	0.0001
5900.032918	1	0.962334	0.0001
5915.125882	1	0.961996	0.0001
5930.014223	1	0.961246	0.0001
5930.020365	1	0.961272	0.0001
5945.114471	1	0.960768	0.0001
5945.111816	1	0.960764	0.0001
5960.189124	1	0.960129	0.0001
5960.191335	1	0.960121	0.0001
5975.107119	1	0.9597	0.0001
5975.098419	1	0.959588	0.0001
5990.182302	1	0.959055	0.0001
5990.182174	1	0.959047	0.0001
6005.074352	1	0.958359	0.0001
6020.171886	1	0.957825	0.0001
6020.180595	1	0.95773	0.0001
6035.067969	1	0.957253	0.0001
6035.087263	1	0.956991	0.0001
6050.155826	1	0.95645	0.0001
6050.174538	1	0.95653	0.0001
6065.067058	1	0.955805	0.0001
6065.063272	1	0.955714	0.0001
6080.146579	1	0.955095	0.0001
6080.159827	1	0.955102	0.0001
6095.057629	1	0.954304	0.0001
6110.139362	1	0.953706	0.0001
6110.144441	1	0.953676	0.0001
6125.032507	1	0.952976	0.0001
6125.049347	1	0.953001	0.0001
6140.122932	1	0.952137	0.0001
6140.125781	1	0.952158	0.0001
6155.021244	1	0.951369	0.0001
6155.039656	1	0.951419	0.0001
6170.119537	1	0.950529	0.0001
6185.020764	1	0.949757	0.0001
6185.024905	1	0.949655	0.0001
6200.103912	1	0.948866	0.0001
6200.102946	1	0.948812	0.0001
6215.195025	1	0.948048	0.0001
6215.197293	1	0.947933	0.0001
6230.08885	1	0.947125	0.0001
6230.090338	1	0.94707	0.0001
6245.185426	1	0.946142	0.0001
6245.186164	1	0.94613	0.0001
6260.08193	1	0.945176	0.0001
6275.16799	1	0.944278	0.0001
6275.176675	1	0.944335	0.0001
6290.065725	1	0.94328	0.0001
6290.073163	1	0.943224	0.0001
6305.160403	1	0.942289	0.0001
6305.165742	1	0.942256	0.0001
6320.057323	1	0.941312	0.0001
6322.72969	1	0.940979	0.0001
6335.154085	1	0.940134	0.0001
6350.054998	1	0.939064	0.0001
6350.054274	1	0.93906	0.0001
6365.141028	1	0.937929	0.0001
6365.147464	1	0.937893	0.0001
6380.046494	1	0.936827	0.0001
6380.035116	1	0.936682	0.0001
6395.122269	1	0.935531	0.0001
6410.032121	1	0.93437	0.0001
6410.02958	1	0.934296	0.0001
6425.117178	1	0.933014	0.0001
6425.121602	1	0.933072	0.0001
6440.015544	1	0.931704	0.0001
6440.018426	1	0.931711	0.0001
6455.104002	1	0.930401	0.0001
6455.111452	1	0.930323	0.0001
6470.19799	1	0.92899	0.0001
6470.187373	1	0.928951	0.0001
6485.097307	1	0.927462	0.0001
6500.18571	1	0.926106	0.0001
6500.186656	1	0.926024	0.0001
6515.086299	1	0.924516	0.0001
6515.091045	1	0.924585	0.0001
6530.17126	1	0.922964	0.0001
6530.174703	1	0.922987	0.0001
6545.075826	1	0.921408	0.0001
6545.07507	1	0.921302	0.0001
6560.163924	1	0.919732	0.0001
6575.054988	1	0.91794	0.0001
6575.067688	1	0.917885	0.0001
6590.156069	1	0.916053	0.0001
6590.142987	1	0.916113	0.0001
6605.050929	1	0.914367	0.0001
6605.051774	1	0.914269	0.0001
6620.142132	1	0.912361	0.0001
6620.143839	1	0.912386	0.0001
6635.032293	1	0.910495	0.0001
6650.128728	1	0.908371	0.0001
6650.123737	1	0.908336	0.0001
6665.034949	1	0.906323	0.0001
6665.025047	1	0.906219	0.0001
6680.119888	1	0.904022	0.0001
6680.108991	1	0.904116	0.0001
6695.209149	1	0.901809	0.0001
6710.107956	1	0.899666	0.0001
6710.108101	1	0.899446	0.0001
6725.197598	1	0.897077	0.0001
6725.196933	1	0.89708	0.0001
6740.097529	1	0.894721	0.0001
6740.096558	1	0.894513	0.0001
6755.17853	1	0.891915	0.0001
6755.187272	1	0.892001	0.0001
6770.093456	1	0.889466	0.0001
6785.171267	1	0.886678	0.0001
6785.174214	1	0.886601	0.0001
6800.07099	1	0.88383	0.0001
6800.075073	1	0.883707	0.0001
6815.15589	1	0.880857	0.0001
6815.153688	1	0.880715	0.0001
6830.05687	1	0.877879	0.0001
6830.07715	1	0.877557	0.0001
6845.154824	1	0.8745	0.0001
6846.601507	1	0.87423	0.0001
6860.054203	1	0.871224	0.0001
6875.142103	1	0.86794	0.0001
6875.136791	1	0.867825	0.0001
6890.041209	1	0.864371	0.0001
6890.039369	1	0.864162	0.0001
6905.13912	1	0.860678	0.0001
6905.128592	1	0.860587	0.0001
6920.021565	1	0.856937	0.0001
6935.12339	1	0.853073	0.0001
6935.123437	1	0.852812	0.0001
6950.200219	1	0.848836	0.0001
6950.203067	1	0.848639	0.0001
6965.114387	1	0.844584	0.0001
6980.185848	1	0.840354	0.0001
6980.198141	1	0.840217	0.0001
6995.105322	1	0.835786	0.0001
6995.093922	1	0.835584	0.0001
7010.177174	1	0.830957	0.0001
7010.179947	1	0.830802	0.0001
7025.081245	1	0.826147	0.0001
7040.174666	1	0.821289	0.0001
7040.170738	1	0.821003	0.0001
7055.077795	1	0.815839	0.0001
7055.080302	1	0.815721	0.0001
7070.165489	1	0.810377	0.0001
7085.062462	1	0.804979	0.0001
7085.064478	1	0.804742	0.0001
7100.158818	1	0.799101	0.0001
7100.144072	1	0.798966	0.0001
7115.061441	1	0.793086	0.0001
7130.138527	1	0.787097	0.0001
7130.137103	1	0.786886	0.0001
7145.049648	1	0.780806	0.0001
7145.059118	1	0.780476	0.0001
7160.132106	1	0.774111	0.0001
7160.139054	1	0.773799	0.0001
7175.033871	1	0.767291	0.0001
7190.129132	1	0.76066	0.0001
7190.116871	1	0.760296	0.0001
7205.223858	1	0.753382	0.0001
7205.211354	1	0.753136	0.0001
7220.113156	1	0.746011	0.0001
7220.107875	1	0.745763	0.0001
7235.199631	1	0.738514	0.0001
7250.09501	1	0.731283	0.0001
7250.097309	1	0.730887	0.0001
7265.188688	1	0.723221	0.0001
7265.184596	1	0.723062	0.0001
7280.088612	1	0.715262	0.0001
7295.175692	1	0.707561	0.0001
7295.16988	1	0.70724	0.0001
7310.076898	1	0.699421	0.0001
7310.069962	1	0.699102	0.0001
7325.163769	1	0.691166	0.0001
7325.161809	1	0.690894	0.0001
7340.061331	1	0.682883	0.0001
7355.154337	1	0.675035	0.0001
7355.146126	1	0.674685	0.0001
7370.053731	1	0.666727	0.0001
7370.053965	1	0.666585	0.0001
7385.142465	1	0.65855	0.0001
7385.149468	1	0.658372	0.0001
7400.040599	1	0.650628	0.0001
7415.138089	1	0.642859	0.0001
7415.130779	1	0.642641	0.0001
7430.216752	1	0.635132	0.0001
7430.223833	1	0.634934	0.0001
7445.128474	1	0.627727	0.0001
7445.11796	1	0.627576	0.0001
7460.21867	1	0.620393	0.0001
7475.09968	1	0.613884	0.0001
7475.114291	1	0.61375	0.0001
7490.197935	1	0.607312	0.0001
7490.193492	1	0.607226	0.0001
7505.096871	1	0.601423	0.0001
7505.094756	1	0.601307	0.0001
7520.181754	1	0.595848	0.0001
7535.085283	1	0.590899	0.0001
7535.093773	1	0.59084	0.0001
7550.164157	1	0.586437	0.0001
7550.178232	1	0.58641	0.0001
7565.081175	1	0.582592	0.0001
7580.165804	1	0.579348	0.0001
7580.161667	1	0.579241	0.0001
7595.059193	1	0.576613	0.0001
7595.065439	1	0.576635	0.0001
7610.150259	1	0.57466	0.0001
7625.06046	1	0.573382	0.0001
7625.055213	1	0.573452	0.0001
7640.143778	1	0.572689	0.0001
7640.13953	1	0.572725	0.0001
7655.048876	1	0.572749	0.0001
7670.126952	1	0.57338	0.0001
7670.134079	1	0.57335	0.0001
7685.209864	1	0.574631	0.0001
7685.219428	1	0.57465	0.0001
7700.112869	1	0.576595	0.0001
7700.118118	1	0.576566	0.0001
7715.206915	1	0.578996	0.0001
7730.113437	1	0.581957	0.0001
7730.120505	1	0.582011	0.0001
7745.196536	1	0.585606	0.0001
7745.199738	1	0.585547	0.0001
7760.104213	1	0.58947	0.0001
7775.184405	1	0.594027	0.0001
7775.187139	1	0.593953	0.0001
7790.08673	1	0.598842	0.0001
7790.088929	1	0.598722	0.0001
7805.182191	1	0.604061	0.0001
7820.066139	1	0.609618	0.0001
7820.076351	1	0.609463	0.0001
7835.170441	1	0.615384	0.0001
7835.165042	1	0.615356	0.0001
7850.059413	1	0.62135	0.0001
7865.161782	1	0.627819	0.0001
7865.154768	1	0.62763	0.0001
7880.053804	1	0.634099	0.0001
7880.050958	1	0.633994	0.0001
7895.135091	1	0.640684	0.0001
7910.04252	1	0.647472	0.0001
7910.041258	1	0.647246	0.0001
7925.127605	1	0.654182	0.0001
7925.13299	1	0.654021	0.0001
7940.217296	1	0.66096	0.0001
7940.221288	1	0.66086	0.0001
7955.117176	1	0.667643	0.0001
7970.213958	1	0.674715	0.0001
7970.209735	1	0.674516	0.0001
7985.113294	1	0.68126	0.0001
7985.099824	1	0.681173	0.0001
8000.207243	1	0.688206	0.0001
8015.102625	1	0.694897	0.0001
8015.106659	1	0.694661	0.0001
8030.191033	1	0.701481	0.0001
8030.184407	1	0.701332	0.0001
8045.090035	1	0.707905	0.0001
8060.172498	1	0.714755	0.0001
8060.183998	1	0.714454	0.0001
8075.070486	1	0.720979	0.0001
8075.079748	1	0.720746	0.0001
8090.167144	1	0.727156	0.0001
8105.062686	1	0.733626	0.0001
8105.066165	1	0.733329	0.0001
8120.155589	1	0.739574	0.0001
8120.159634	1	0.739419	0.0001
8135.056071	1	0.745556	0.0001
8135.052063	1	0.745301	0.0001
8150.145318	1	0.751409	0.0001
8165.232915	1	0.757323	0.0001
8165.235006	1	0.757113	0.0001
8180.140507	1	0.762872	0.0001
8180.137492	1	0.762697	0.0001
8195.222824	1	0.768302	0.0001
8210.124328	1	0.77379	0.0001
8210.123281	1	0.773599	0.0001
8225.206585	1	0.778978	0.0001
8225.208681	1	0.778819	0.0001
8240.118904	1	0.78409	0.0001
8255.193205	1	0.789309	0.0001
8255.201901	1	0.788945	0.0001
8270.105339	1	0.79393	0.0001
8270.107297	1	0.793929	0.0001
8285.185277	1	0.798774	0.0001
8300.085346	1	0.803489	0.0001
8300.095565	1	0.803376	0.0001
8315.174677	1	0.808078	0.0001
8315.178645	1	0.807863	0.0001
8330.077743	1	0.812474	0.0001
8345.158435	1	0.816766	0.0001
8345.17216	1	0.816708	0.0001
8360.064329	1	0.820881	0.0001
8375.161702	1	0.825223	0.0001
8375.15398	1	0.82502	0.0001
8390.052756	1	0.829068	0.0001
8390.058261	1	0.828958	0.0001
8405.144169	1	0.83287	0.0001
8420.227407	1	0.836861	0.0001
8420.234342	1	0.836663	0.0001
8435.133249	1	0.840345	0.0001
8435.126931	1	0.840309	0.0001
8450.220043	1	0.843963	0.0001
8465.115199	1	0.847462	0.0001
8465.12259	1	0.847348	0.0001
8480.203847	1	0.850872	0.0001
8480.205147	1	0.85079	0.0001
8495.117409	1	0.854082	0.0001
8510.191503	1	0.857338	0.0001
8510.201883	1	0.857305	0.0001
8525.09505	1	0.860394	0.0001
8540.186201	1	0.863568	0.0001
8540.194998	1	0.863463	0.0001
8555.085679	1	0.866435	0.0001
8555.084395	1	0.866377	0.0001
8570.181315	1	0.869272	0.0001
8585.072142	1	0.872134	0.0001
8585.081155	1	0.872061	0.0001
8600.174387	1	0.874794	0.0001
8615.065113	1	0.877487	0.0001
8615.065732	1	0.877508	0.0001
8630.165217	1	0.88004	0.0001
8630.156206	1	0.879953	0.0001
8645.057561	1	0.882596	0.0001
8660.145328	1	0.885102	0.0001
8660.143584	1	0.884963	0.0001
8675.2279	1	0.887416	0.0001
8690.128452	1	0.889754	0.0001
8690.132871	1	0.889633	0.0001
8705.21955	1	0.89194	0.0001
8705.221687	1	0.891894	0.0001
8720.124016	1	0.894113	0.0001
8735.205708	1	0.896179	0.0001
8735.197479	1	0.896244	0.0001
8750.109014	1	0.898242	0.0001
8765.196279	1	0.900326	0.0001
8765.203866	1	0.900365	0.0001
8780.093639	1	0.902299	0.0001
8781.289292	1	0.902581	0.0001
8795.189833	1	0.904119	0.0001
8810.085444	1	0.906039	0.0001
8810.089966	1	0.906008	0.0001
8825.187789	1	0.907829	0.0001
8840.071439	1	0.909739	0.0001
8840.083966	1	0.909638	0.0001
8855.165902	1	0.911424	0.0001
8870.067152	1	0.913113	0.0001
8870.070071	1	0.913052	0.0001
8885.156552	1	0.914792	0.0001
8900.242415	1	0.916396	0.0001
8900.243178	1	0.916301	0.0001
8915.139167	1	0.917906	0.0001
8915.140054	1	0.917825	0.0001
8930.236136	1	0.919348	0.0001
8945.129511	1	0.920963	0.0001
8945.141433	1	0.92082	0.0001
8960.230808	1	0.922272	0.0001
8975.116495	1	0.923745	0.0001
8975.124935	1	0.923731	0.0001
8990.212301	1	0.925209	0.0001
8990.204956	1	0.925081	0.0001
9005.109381	1	0.926415	0.0001
9020.196244	1	0.927806	0.0001
9020.190121	1	0.927727	0.0001
9035.103264	1	0.928996	0.0001
9050.188469	1	0.93031	0.0001
9050.191376	1	0.930271	0.0001
9065.089946	1	0.931451	0.0001
9080.176445	1	0.932793	0.0001
9080.183269	1	0.932728	0.0001
9095.079679	1	0.933831	0.0001
9095.083171	1	0.933802	0.0001
9110.171059	1	0.934957	0.0001
9125.064781	1	0.936104	0.0001
9125.068444	1	0.936029	0.0001
9140.150472	1	0.937144	0.0001
9155.243787	1	0.938287	0.0001
9155.253272	1	0.938274	0.0001
9170.14106	1	0.939175	0.0001
9185.230539	1	0.940247	0.0001
9185.230245	1	0.940222	0.0001
9200.126325	1	0.941291	0.0001
9215.226345	1	0.942152	0.0001
9215.228466	1	0.942192	0.0001
9230.124953	1	0.943213	0.0001
9230.130711	1	0.943021	0.0001
9245.211776	1	0.94398	0.0001
9260.112619	1	0.94492	0.0001
9260.105964	1	0.944979	0.0001
9275.204477	1	0.945814	0.0001
9290.103528	1	0.946647	0.0001
9290.095049	1	0.946667	0.0001
9305.185252	1	0.947497	0.0001
9320.090379	1	0.948439	0.0001
9320.092624	1	0.948312	0.0001
9335.181062	1	0.949037	0.0001
9350.084688	1	0.949895	0.0001
9350.079327	1	0.949804	0.0001
9365.167839	1	0.950631	0.0001
9370.969477	1	0.950987	0.0001
9380.07078	1	0.951359	0.0001
9395.156764	1	0.95217	0.0001
9395.156757	1	0.952118	0.0001
9410.24717	1	0.952851	0.0001
9425.143324	1	0.95361	0.0001
9425.147132	1	0.953543	0.0001
9440.249799	1	0.954243	0.0001
9455.131049	1	0.954859	0.0001
9455.136061	1	0.954828	0.0001
9470.218679	1	0.955588	0.0001
9485.123221	1	0.956164	0.0001
9485.125303	1	0.956182	0.0001
9500.213401	1	0.956849	0.0001
9515.110883	1	0.957482	0.0001
9515.113983	1	0.957461	0.0001
9530.192128	1	0.958011	0.0001
9530.204207	1	0.958028	0.0001
9545.104191	1	0.958688	0.0001
9560.186024	1	0.959217	0.0001
9560.189387	1	0.959203	0.0001
9575.093064	1	0.959791	0.0001
9590.176037	1	0.960278	0.0001
9590.164297	1	0.960329	0.0001
9605.074037	1	0.960909	0.0001
9620.165042	1	0.961449	0.0001
9620.165071	1	0.96141	0.0001
9635.256154	1	0.961938	0.0001
9650.155095	1	0.962539	0.0001
9650.148821	1	0.962469	0.0001
9665.239751	1	0.962973	0.0001
9680.143647	1	0.963461	0.0001
9680.155478	1	0.963469	0.0001
9695.235504	1	0.963885	0.0001
9710.134143	1	0.964412	0.0001
9710.137645	1	0.96443	0.0001
9725.229563	1	0.964972	0.0001
9725.224569	1	0.964843	0.0001
9740.133574	1	0.965364	0.0001
9755.206314	1	0.96583	0.0001
9755.216661	1	0.965815	0.0001
9770.107002	1	0.96627	0.0001
9785.199082	1	0.966658	0.0001
9785.209169	1	0.966653	0.0001
9800.098175	1	0.967105	0.0001
9815.182385	1	0.967581	0.0001
9815.184842	1	0.967546	0.0001
9830.091548	1	0.967845	0.0001
9845.175689	1	0.968386	0.0001
9845.175825	1	0.968305	0.0001
9860.084902	1	0.968879	0.0001
9875.170455	1	0.969055	0.0001
9875.168341	1	0.969129	0.0001
9890.2605	1	0.969473	0.0001
9905.155914	1	0.969866	0.0001
9905.152066	1	0.969751	0.0001
9920.245886	1	0.97018	0.0001
9935.147267	1	0.970654	0.0001
9935.145592	1	0.970534	0.0001
9950.230922	1	0.970929	0.0001
9965.138967	1	0.971266	0.0001
9965.13215	1	0.971221	0.0001
9980.218498	1	0.971642	0.0001
9995.126153	1	0.971858	0.0001
9995.109151	1	0.971915	0.0001
10010.20404	1	0.972259	0.0001
10025.1128	1	0.972598	0.0001
10025.10928	1	0.972629	0.0001
10040.20727	1	0.972935	0.0001
10055.10122	1	0.973192	0.0001
10055.10774	1	0.973258	0.0001
10070.19011	1	0.97343	0.0001
10085.09736	1	0.973884	0.0001
10085.09673	1	0.973789	0.0001
10100.18293	1	0.974081	0.0001
10115.08724	1	0.974452	0.0001
10115.08598	1	0.974507	0.0001
10130.17002	1	0.974784	0.0001
10145.25405	1	0.974994	0.0001
10145.26202	1	0.974943	0.0001
10160.15922	1	0.975254	0.0001
10175.25085	1	0.97553	0.0001
10175.23605	1	0.975473	0.0001
10190.13471	1	0.975833	0.0001
10190.13969	1	0.975819	0.0001
10205.24139	1	0.975961	0.0001
10220.14093	1	0.976272	0.0001
10220.12941	1	0.976263	0.0001
10235.22119	1	0.976609	0.0001
10250.12042	1	0.976763	0.0001
10250.13055	1	0.976807	0.0001
10265.21871	1	0.976999	0.0001
10280.11609	1	0.977287	0.0001
10280.11621	1	0.977332	0.0001
10295.19259	1	0.97749	0.0001
10310.10427	1	0.977801	0.0001
10310.10789	1	0.9778	0.0001
10325.18787	1	0.97796	0.0001
10340.09347	1	0.978162	0.0001
10340.10007	1	0.978297	0.0001
10355.18069	1	0.978462	0.0001
10370.26491	1	0.978712	0.0001
10370.2705	1	0.978654	0.0001
10385.17463	1	0.978875	0.0001
10400.25938	1	0.979122	0.0001
10400.25875	1	0.979037	0.0001
10415.15122	1	0.979266	0.0001
10430.2574	1	0.979498	0.0001
10430.25214	1	0.979481	0.0001
10445.14873	1	0.979763	0.0001
10460.23268	1	0.97985	0.0001
10460.24091	1	0.979938	0.0001
10475.13378	1	0.980063	0.0001
10490.23024	1	0.980366	0.0001
10490.23343	1	0.980345	0.0001
10505.12268	1	0.980485	0.0001
10520.20437	1	0.980667	0.0001
10520.21937	1	0.980674	0.0001
10535.12475	1	0.980911	0.0001
10550.19777	1	0.981024	0.0001
10550.20888	1	0.981136	0.0001
10565.10271	1	0.981228	0.0001
10580.19476	1	0.981434	0.0001
10580.19345	1	0.981338	0.0001
10595.10395	1	0.981553	0.0001
10610.18705	1	0.981772	0.0001
10625.27198	1	0.981931	0.0001
10625.26403	1	0.981916	0.0001
10640.15939	1	0.982031	0.0001
10655.25034	1	0.982272	0.0001
10655.25919	1	0.98227	0.0001
10670.15388	1	0.982475	0.0001
10685.24419	1	0.982627	0.0001
10685.24441	1	0.982508	0.0001
10700.1507	1	0.982729	0.0001
10715.23655	1	0.982862	0.0001
10730.13618	1	0.983062	0.0001
10730.14053	1	0.983044	0.0001
10745.22657	1	0.983226	0.0001
10760.12424	1	0.983373	0.0001
10760.1285	1	0.983374	0.0001
10775.20799	1	0.983474	0.0001
10790.11405	1	0.983652	0.0001
10790.12361	1	0.983668	0.0001
10805.20473	1	0.983794	0.0001
10820.10201	1	0.983913	0.0001
10820.10084	1	0.983921	0.0001
10835.18463	1	0.9841	0.0001
10850.09492	1	0.984284	0.0001
10850.08944	1	0.984274	0.0001
10865.18015	1	0.984341	0.0001
10880.27203	1	0.984466	0.0001
10895.17393	1	0.98462	0.0001
10895.17552	1	0.984533	0.0001
10910.25478	1	0.984698	0.0001
10925.15933	1	0.984874	0.0001
10925.15933	1	0.984903	0.0001
10940.24038	1	0.984988	0.0001
10955.14653	1	0.985062	0.0001
10955.14903	1	0.98509	0.0001
10970.24671	1	0.985226	0.0001
10985.14011	1	0.985362	0.0001
10985.1254	1	0.985333	0.0001
11000.22078	1	0.985534	0.0001
11015.1235	1	0.985552	0.0001
11030.20857	1	0.985726	0.0001
11030.21486	1	0.985702	0.0001
11045.10845	1	0.985923	0.0001
11045.11999	1	0.985854	0.0001
11060.20073	1	0.985967	0.0001
11075.11719	1	0.986018	0.0001
11090.1906	1	0.98617	0.0001
11090.1978	1	0.986051	0.0001
11105.28305	1	0.986389	0.0001
11120.16871	1	0.986313	0.0001
11120.18574	1	0.986343	0.0001
11135.27193	1	0.986529	0.0001
11150.16732	1	0.986609	0.0001
11150.17292	1	0.986566	0.0001
11165.26697	1	0.986696	0.0001
11180.15713	1	0.986735	0.0001
11180.16045	1	0.986769	0.0001
11195.24061	1	0.986927	0.0001
11210.15019	1	0.987001	0.0001
11210.14268	1	0.987015	0.0001
11225.24197	1	0.987121	0.0001
11240.14025	1	0.987205	0.0001
11240.14275	1	0.987191	0.0001
11255.23188	1	0.98734	0.0001
11270.13635	1	0.987336	0.0001
11270.12756	1	0.987393	0.0001
11285.21304	1	0.987472	0.0001
11300.11643	1	0.987586	0.0001
11315.20639	1	0.987662	0.0001
11315.21056	1	0.987736	0.0001
11330.10618	1	0.987801	0.0001
11345.19374	1	0.987817	0.0001
11345.19612	1	0.987794	0.0001
11360.27698	1	0.987917	0.0001
11375.1856	1	0.98802	0.0001
11375.18211	1	0.988035	0.0001
11390.27115	1	0.988028	0.0001
11405.17115	1	0.988156	0.0001
11405.16489	1	0.988183	0.0001
11420.2599	1	0.988282	0.0001
11435.16501	1	0.988331	0.0001
11450.24867	1	0.988463	0.0001
11450.25176	1	0.988455	0.0001
11465.15444	1	0.988446	0.0001
11480.23462	1	0.98864	0.0001
11480.23923	1	0.988557	0.0001
11495.13848	1	0.988658	0.0001
11510.22158	1	0.988729	0.0001
11525.13273	1	0.988789	0.0001
11525.13338	1	0.988882	0.0001
11540.228	1	0.988873	0.0001
11555.12356	1	0.988951	0.0001
11555.11925	1	0.988961	0.0001
11570.20701	1	0.989084	0.0001
11585.10125	1	0.989078	0.0001
11585.09917	1	0.98912	0.0001
11600.19164	1	0.989173	0.0001
11615.28755	1	0.989255	0.0001
11630.18248	1	0.989354	0.0001
11630.19102	1	0.98943	0.0001
11645.27518	1	0.989385	0.0001
11660.17536	1	0.989539	0.0001
11675.26567	1	0.989502	0.0001
11675.25512	1	0.989639	0.0001
11690.1619	1	0.989574	0.0001
11705.25072	1	0.989749	0.0001
11705.24785	1	0.98968	0.0001
11720.14991	1	0.98969	0.0001
11735.23405	1	0.989879	0.0001
11750.13803	1	0.98991	0.0001
11750.14898	1	0.989835	0.0001
11765.21442	1	0.989951	0.0001
11780.13439	1	0.990042	0.0001
11792.13598	1	0.990016	0.0001
11795.22217	1	0.990055	0.0001
11810.12179	1	0.99009	0.0001
11825.20183	1	0.990208	0.0001
11825.20918	1	0.990148	0.0001
11840.28923	1	0.99026	0.0001
11855.18847	1	0.990309	0.0001
11870.28056	1	0.990331	0.0001
11870.28298	1	0.990382	0.0001
11885.18627	1	0.99043	0.0001
11900.26998	1	0.990482	0.0001
11900.26552	1	0.990518	0.0001
11915.17039	1	0.990509	0.0001
11930.26625	1	0.990622	0.0001
11945.16183	1	0.990722	0.0001
11945.16185	1	0.990705	0.0001
11960.25411	1	0.990735	0.0001
11975.14314	1	0.990762	0.0001
11975.16031	1	0.99076	0.0001
11990.24131	1	0.990797	0.0001
12005.13439	1	0.990907	0.0001
12020.22718	1	0.991014	0.0001
12020.23558	1	0.990958	0.0001
12035.13325	1	0.991041	0.0001
12050.21005	1	0.991005	0.0001
12065.12251	1	0.991093	0.0001
12065.11382	1	0.991072	0.0001
12080.20281	1	0.991245	0.0001
12095.30388	1	0.991203	0.0001
12095.29392	1	0.991136	0.0001
12110.19176	1	0.991338	0.0001
12125.28942	1	0.991316	0.0001
12125.28876	1	0.991317	0.0001
12140.18939	1	0.991388	0.0001
12155.27623	1	0.991481	0.0001
12170.16899	1	0.991507	0.0001
12170.17861	1	0.991437	0.0001
12185.25688	1	0.991415	0.0001
12200.17148	1	0.991497	0.0001
12200.15949	1	0.991482	0.0001
12215.24962	1	0.991589	0.0001
12230.13804	1	0.991679	0.0001
12230.14366	1	0.991721	0.0001
12245.23448	1	0.991668	0.0001
12260.13713	1	0.991747	0.0001
12275.23211	1	0.991777	0.0001
12275.23241	1	0.991803	0.0001
12290.12703	1	0.991866	0.0001
12305.22232	1	0.991888	0.0001
12305.21167	1	0.991904	0.0001
12320.11435	1	0.991943	0.0001
12335.20238	1	0.991994	0.0001
12350.29406	1	0.992003	0.0001
12350.30174	1	0.991955	0.0001
12365.19248	1	0.991989	0.0001
12380.28504	1	0.992116	0.0001
12380.28354	1	0.992132	0.0001
12395.17662	1	0.992155	0.0001
12410.26842	1	0.992147	0.0001
12425.17861	1	0.992237	0.0001
12425.19188	1	0.992221	0.0001
12440.26793	1	0.992269	0.0001
12455.16377	1	0.992274	0.0001
12455.16838	1	0.992337	0.0001
12470.26019	1	0.992287	0.0001
12485.14292	1	0.992181	0.0001
12500.27284	1	0.992504	0.0001
12500.21627	1	0.992489	0.0001
12515.14665	1	0.992362	0.0001
12530.22838	1	0.992441	0.0001
12530.23192	1	0.992505	0.0001
12545.13202	1	0.992555	0.0001
12560.21905	1	0.992541	0.0001
12575.31421	1	0.992607	0.0001
12575.30743	1	0.992587	0.0001
12590.19424	1	0.992647	0.0001
12605.28963	1	0.992853	0.0001
12605.30364	1	0.992675	0.0001
12620.20847	1	0.992526	0.0001
12635.27631	1	0.992856	0.0001
12650.19688	1	0.992668	0.0001
12650.19314	1	0.992792	0.0001
12665.27093	1	0.992885	0.0001
12680.17012	1	0.992849	0.0001
12695.26761	1	0.992846	0.0001
12695.26835	1	0.992809	0.0001
12710.16943	1	0.99309	0.0001
12725.24374	1	0.993029	0.0001
12725.25128	1	0.993017	0.0001
12740.16538	1	0.993025	0.0001
12755.24282	1	0.993066	0.0001
12770.14478	1	0.993088	0.0001
12770.14162	1	0.993031	0.0001
12785.22501	1	0.993189	0.0001
12800.11935	1	0.992976	0.0001
12815.21515	1	0.993189	0.0001
12815.21454	1	0.993327	0.0001
12830.30528	1	0.993244	0.0001
12845.20846	1	0.993337	0.0001
12860.2888	1	0.993303	0.0001
12860.28368	1	0.993329	0.0001
12875.20111	1	0.993345	0.0001
12890.28359	1	0.993304	0.0001
12890.28882	1	0.993351	0.0001
12905.19064	1	0.993236	0.0001
12920.27521	1	0.993473	0.0001
12935.17453	1	0.993334	0.0001
12935.17713	1	0.993508	0.0001
12950.26657	1	0.993514	0.0001
12965.15246	1	0.993436	0.0001
12980.2663	1	0.993528	0.0001
12980.2483	1	0.993471	0.0001
12995.15555	1	0.993511	0.0001
13010.23293	1	0.993607	0.0001
13025.14579	1	0.993647	0.0001
13025.14778	1	0.993479	0.0001
13040.21929	1	0.993544	0.0001
13055.13587	1	0.993615	0.0001
13070.21405	1	0.993635	0.0001
13070.21775	1	0.993617	0.0001
13085.30739	1	0.993852	0.0001
13100.21024	1	0.993763	0.0001
13115.30274	1	0.993834	0.0001
13115.28872	1	0.993816	0.0001
13130.20539	1	0.993702	0.0001
13145.28249	1	0.993998	0.0001
13160.19232	1	0.993814	0.0001
13160.17928	1	0.993826	0.0001
13175.27778	1	0.993921	0.0001
13190.16985	1	0.994009	0.0001
13205.27181	1	0.993969	0.0001
13205.24857	1	0.993921	0.0001
13220.16486	1	0.993967	0.0001
13235.24593	1	0.994195	0.0001
13250.1673	1	0.994125	0.0001
13250.15438	1	0.994046	0.0001
13265.23103	1	0.993982	0.0001
13280.1473	1	0.994004	0.0001
13295.23309	1	0.99418	0.0001
13295.22442	1	0.994069	0.0001
13310.31452	1	0.993999	0.0001
13325.21234	1	0.994333	0.0001
13325.22679	1	0.994157	0.0001
13340.30399	1	0.994088	0.0001
13355.2009	1	0.994194	0.0001
13370.3102	1	0.994232	0.0001
13385.19167	1	0.994157	0.0001
13385.2029	1	0.994281	0.0001
13400.28181	1	0.994298	0.0001
13415.19031	1	0.994318	0.0001
13430.2773	1	0.994275	0.0001
13430.27119	1	0.994355	0.0001
13445.17144	1	0.994405	0.0001
13460.27264	1	0.994247	0.0001
13475.1693	1	0.994355	0.0001
13475.15705	1	0.994245	0.0001
13490.24948	1	0.994424	0.0001
13505.15968	1	0.994493	0.0001
13520.24617	1	0.994364	0.0001
13520.23138	1	0.994428	0.0001
13535.14244	1	0.994435	0.0001
13550.22799	1	0.994481	0.0001
13565.33087	1	0.994578	0.0001
13565.30968	1	0.994549	0.0001
			
			
			
			
			
			
			
			
			
			
			
			
			
			
			
			
			
			
			
			
			
			
			
			