0,000000	1,620,938	1,169,772	0.0001
0,000005	0,876723	0,307051	0.0001
0,000010	-0,027538	-0,611379	0.0001
0,000015	-0,930510	-1,419,350	0.0001
0,000020	-1,665,381	-1,968,410	0.0001
0,000025	-2,091,426	-2,155,187	0.0001
0,000030	-2,133,933	-1,943,292	0.0001
0,000035	-1,785,498	-1,376,521	0.0001
0,000040	-1,106,016	-0,553735	0.0001
0,000045	-0,222044	0,367593	0.0001
0,000050	0,694454	1,218,077	0.0001
0,000055	1,486,973	1,845,395	0.0001
0,000060	2,004,801	2,128,784	0.0001
0,000065	2,146,496	2,022,191	0.0001
0,000070	1,896,598	1,539,142	0.0001
0,000075	1,295,042	0,770131	0.0001
0,000080	0,451965	-0,139283	0.0001
0,000085	-0,475482	-1,024,542	0.0001
0,000090	-1,312,759	-1,723,990	0.0001
0,000095	-1,914,954	-2,108,815	0.0001
0,000100	-2,163,560	-2,103,663	0.0001
0,000105	-2,012,850	-1,707,245	0.0001
0,000110	-1,492,129	-1,001,034	0.0001
0,000115	-0,697682	-0,112554	0.0001
0,000120	0,223001	0,795894	0.0001
0,000125	1,102,467	1,557,498	0.0001
0,000130	1,776,480	2,028,632	0.0001
0,000135	2,122,343	2,126,208	0.0001
0,000140	2,075,326	1,832,192	0.0001
0,000145	1,643,803	1,198,755	0.0001
0,000150	0,911181	0,341186	0.0001
0,000155	0,004021	-0,577887	0.0001
0,000160	-0,900883	-1,393,266	0.0001
0,000165	-1,641,229	-1,954,241	0.0001
0,000170	-2,083,053	-2,149,391	0.0001
0,000175	-2,141,018	-1,956,495	0.0001
0,000180	-1,802,565	-1,401,317	0.0001
0,000185	-1,135,321	-0,587870	0.0001
0,000190	-0,257790	0,331525	0.0001
0,000195	0,660641	1,189,094	0.0001
0,000200	1,459,922	1,827,039	0.0001
0,000205	1,989,666	2,128,140	0.0001
0,000210	2,148,428	2,031,852	0.0001
0,000215	1,911,412	1,563,617	0.0001
0,000220	1,320,805	0,803622	0.0001
0,000225	0,485134	-0,102571	0.0001
0,000230	-0,440059	-0,995882	0.0001
0,000235	-1,286,996	-1,699,516	0.0001
0,000240	-1,897,886	-2,098,510	0.0001
0,000245	-2,160,340	-2,108,815	0.0001
0,000250	-2,026,376	-1,730,431	0.0001
0,000255	-1,516,281	-1,032,593	0.0001
0,000260	-0,731496	-0,147978	0.0001
0,000265	0,188866	0,762724	0.0001
0,000270	1,070,586	1,534,312	0.0001
0,000275	1,755,870	2,019,293	0.0001
0,000280	2,117,513	2,132,326	0.0001
0,000285	2,083,377	1,850,547	0.0001
0,000290	1,666,989	1,227,738	0.0001
0,000295	0,942740	0,377576	0.0001
0,000300	0,041054	-0,543752	0.0001
0,000305	-0,866748	-1,367,504	0.0001
0,000310	-1,617,399	-1,937,818	0.0001
0,000315	-2,073,070	-2,153,577	0.0001
0,000320	-2,144,882	-1,971,953	0.0001
0,000325	-1,822,853	-1,428,045	0.0001
0,000330	-1,164,947	-0,622328	0.0001
0,000335	-0,292569	0,298356	0.0001
0,000340	0,629726	1,161,399	0.0001
0,000345	1,436,414	1,807,395	0.0001
0,000350	1,976,462	2,121,699	0.0001
0,000355	2,153,258	2,043,767	0.0001
0,000360	1,928,157	1,586,481	0.0001
0,000365	1,349,143	0,835503	0.0001
0,000370	0,519913	-0,069724	0.0001
0,000375	-0,405924	-0,961747	0.0001
0,000380	-1,257,692	-1,681,160	0.0001
0,000385	-1,881,785	-2,091,426	0.0001
0,000390	-2,160,018	-2,116,866	0.0001
0,000395	-2,037,325	-1,753,295	0.0001
0,000400	-1,541,722	-1,065,118	0.0001
0,000405	-0,762410	-0,182435	0.0001
0,000410	0,153443	0,729877	0.0001
0,000415	1,043,536	1,505,973	0.0001
0,000420	1,734,938	2,006,411	0.0001
0,000425	2,110,428	2,136,513	0.0001
0,000430	2,092,072	1,866,971	0.0001
0,000435	1,688,565	1,254,788	0.0001
0,000440	0,973977	0,409135	0.0001
0,000445	0,075511	-0,510905	0.0001
0,000450	-0,833257	-1,338,843	0.0001
0,000455	-1,593,568	-1,924,292	0.0001
0,000460	-2,064,053	-2,153,899	0.0001
0,000465	-2,148,747	-1,986,122	0.0001
0,000470	-1,841,531	-1,456,384	0.0001
0,000475	-1,192,642	-0,655175	0.0001
0,000480	-0,327992	0,260679	0.0001
0,000485	0,596235	1,132,094	0.0001
0,000490	1,408,397	1,793,548	0.0001
0,000495	1,961,649	2,118,157	0.0001
0,000500	2,153,902	2,055,682	0.0001
0,000505	1,944,903	1,607,735	0.0001
0,000510	1,377,804	0,868995	0.0001
0,000515	0,555015	-0,034945	0.0001
0,000520	-0,371144	-0,931154	0.0001
0,000525	-1,227,743	-1,659,906	0.0001
0,000530	-1,863,107	-2,080,799	0.0001
0,000535	-2,154,543	-2,123,629	0.0001
0,000540	-2,050,850	-1,772,939	0.0001
0,000545	-1,565,230	-1,093,457	0.0001
0,000550	-0,795579	-0,215926	0.0001
0,000555	0,118663	0,697996	0.0001
0,000560	1,011,977	1,483,109	0.0001
0,000565	1,715,938	1,995,140	0.0001
0,000570	2,103,021	2,137,479	0.0001
0,000575	2,100,445	1,881,785	0.0001
0,000580	1,709,497	1,283,127	0.0001
0,000585	1,004,248	0,444558	0.0001
0,000590	0,110935	-0,474194	0.0001
0,000595	-0,802020	-1,312,115	0.0001
0,000600	-1,570,382	-1,906,581	0.0001
0,000605	-2,053,426	-2,155,509	0.0001
0,000610	-2,155,831	-2,000,935	0.0001
0,000615	-1,859,887	-1,480,858	0.0001
0,000620	-1,222,269	-0,688022	0.0001
0,000625	-0,362450	0,229120	0.0001
0,000630	0,561455	1,101,823	0.0001
0,000635	1,381,025	1,771,005	0.0001
0,000640	1,948,123	2,113,004	0.0001
0,000645	2,153,580	2,065,665	0.0001
0,000650	1,959,072	1,632,854	0.0001
0,000655	1,404,211	0,900876	0.0001
0,000660	0,587540	-0,000488	0.0001
0,000665	-0,335077	-0,898629	0.0001
0,000670	-1,200,693	-1,636,720	0.0001
0,000675	-1,846,683	-2,073,070	0.0001
0,000680	-2,151,001	-2,129,103	0.0001
0,000685	-2,061,799	-1,793,871	0.0001
0,000690	-1,592,602	-1,125,982	0.0001
0,000695	-0,828104	-0,250383	0.0001
0,000700	0,087104	0,663861	0.0001
0,000705	0,982028	1,457,990	0.0001
0,000710	1,692,430	1,980,971	0.0001
0,000715	2,092,716	2,138,767	0.0001
0,000720	2,108,174	1,901,429	0.0001
0,000725	1,731,718	1,310,500	0.0001
0,000730	1,034,519	0,477727	0.0001
0,000735	0,144748	-0,441347	0.0001
0,000740	-0,769495	-1,283,132	0.0001
0,000745	-1,543,976	-1,892,089	0.0001
0,000750	-2,040,223	-2,150,679	0.0001
0,000755	-2,158,408	-2,012,528	0.0001
0,000760	-1,877,276	-1,503,722	0.0001
0,000765	-1,250,285	-0,722801	0.0001
0,000770	-0,397229	0,192408	0.0001
0,000775	0,526354	1,072,196	0.0001
0,000780	1,355,262	1,749,751	0.0001
0,000785	1,932,022	2,107,852	0.0001
0,000790	2,151,648	2,071,462	0.0001
0,000795	1,972,276	1,654,108	0.0001
0,000800	1,429,651	0,932113	0.0001
0,000805	0,621675	0,034613	0.0001
0,000810	-0,301264	-0,867714	0.0001
0,000815	-1,167,846	-1,614,822	0.0001
0,000820	-1,826,718	-2,059,867	0.0001
0,000825	-2,146,493	-2,133,611	0.0001
0,000830	-2,071,460	-1,809,006	0.0001
0,000835	-1,612,890	-1,154,964	0.0001
0,000840	-0,862240	-0,286773	0.0001
0,000845	0,048139	0,630370	0.0001
0,000850	0,948858	1,432,550	0.0001
0,000855	1,669,243	1,966,801	0.0001
0,000860	2,085,631	2,140,055	0.0001
0,000865	2,114,936	1,915,598	0.0001
0,000870	1,751,362	1,338,838	0.0001
0,000875	1,064,146	0,512829	0.0001
0,000880	0,179849	-0,407856	0.0001
0,000885	-0,736970	-1,256,082	0.0001
0,000890	-1,523,044	-1,872,768	0.0001
0,000895	-2,028,952	-2,146,815	0.0001
0,000900	-2,161,306	-2,024,766	0.0001
0,000905	-1,896,920	-1,531,095	0.0001
0,000910	-1,279,268	-0,753072	0.0001
0,000915	-0,432330	0,156341	0.0001
0,000920	0,493829	1,041,281	0.0001
0,000925	1,328,211	1,729,141	0.0001
0,000930	1,916,242	2,099,157	0.0001
0,000935	2,153,258	2,080,157	0.0001
0,000940	1,984,191	1,676,328	0.0001
0,000945	1,453,482	0,963350	0.0001
0,000950	0,655166	0,070681	0.0001
0,000955	-0,264230	-0,834545	0.0001
0,000960	-1,139,829	-1,589,704	0.0001
0,000965	-1,807,074	-2,054,714	0.0001
0,000970	-2,142,306	-2,138,442	0.0001
0,000975	-2,082,087	-1,829,294	0.0001
0,000980	-1,638,008	-1,182,659	0.0001
0,000985	-0,893798	-0,320908	0.0001
0,000990	0,012393	0,597845	0.0001
0,000995	0,916977	1,405,821	0.0001
0,001000	1,649,599	1,953,920	0.0001
0,001005	2,077,903	2,139,411	0.0001
0,001010	2,120,733	1,930,734	0.0001
0,001015	1,771,650	1,365,567	0.0001
0,001020	1,096,027	0,545676	0.0001
0,001025	0,214950	-0,373077	0.0001
0,001030	-0,702835	-1,226,777	0.0001
0,001035	-1,496,315	-1,856,022	0.0001
0,001040	-2,014,139	-2,144,238	0.0001
0,001045	-2,163,882	-2,038,613	0.0001
0,001050	-1,912,055	-1,557,501	0.0001
0,001055	-1,311,793	-0,786241	0.0001
0,001060	-0,465177	0,123816	0.0001
0,001065	0,459049	1,011,332	0.0001
0,001070	1,302,771	1,709,175	0.0001
0,001075	1,901,107	2,094,648	0.0001
0,001080	2,148,428	2,089,496	0.0001
0,001085	2,000,937	1,698,226	0.0001
0,001090	1,481,821	0,992977	0.0001
0,001095	0,687691	0,105138	0.0001
0,001100	-0,231061	-0,803308	0.0001
0,001105	-1,109,558	-1,565,874	0.0001
0,001110	-1,789,040	-2,042,477	0.0001
0,001115	-2,136,188	-2,143,916	0.0001
0,001120	-2,089,815	-1,846,039	0.0001
0,001125	-1,659,584	-1,213,252	0.0001
0,001130	-0,923747	-0,355687	0.0001
0,001135	-0,021742	0,563709	0.0001
0,001140	0,883486	1,379,092	0.0001
0,001145	1,627,379	1,938,462	0.0001
0,001150	2,071,140	2,139,411	0.0001
0,001155	2,125,886	1,945,225	0.0001
0,001160	1,790,649	1,391,008	0.0001
0,001165	1,125,010	0,580133	0.0001
0,001170	0,249408	-0,339263	0.0001
0,001175	-0,672242	-1,196,828	0.0001
0,001180	-1,469,265	-1,836,378	0.0001
0,001185	-2,003,834	-2,138,764	0.0001
0,001190	-2,164,848	-2,048,274	0.0001
0,001195	-1,929,767	-1,577,467	0.0001
0,001200	-1,337,233	-0,821664	0.0001
0,001205	-0,499956	0,089359	0.0001
0,001210	0,425236	0,980095	0.0001
0,001215	1,271,856	1,688,243	0.0001
0,001220	1,883,395	2,085,631	0.0001
0,001225	2,145,852	2,098,513	0.0001
0,001230	2,012,530	1,718,514	0.0001
0,001235	1,506,939	1,022,604	0.0001
0,001240	0,720216	0,141205	0.0001
0,001245	-0,194994	-0,770139	0.0001
0,001250	-1,081,220	-1,540,434	0.0001
0,001255	-1,768,108	-2,031,528	0.0001
0,001260	-2,131,357	-2,145,527	0.0001
0,001265	-2,100,764	-1,865,039	0.0001
0,001270	-1,681,804	-1,241,912	0.0001
0,001275	-0,955628	-0,389178	0.0001
0,001280	-0,054911	0,529252	0.0001
0,001285	0,853215	1,353,330	0.0001
0,001290	1,603,549	1,923,971	0.0001
0,001295	2,057,615	2,139,733	0.0001
0,001300	2,131,360	1,959,717	0.0001
0,001305	1,808,683	1,417,092	0.0001
0,001310	1,154,636	0,614590	0.0001
0,001315	0,285797	-0,302552	0.0001
0,001320	-0,636175	-1,168,490	0.0001
0,001325	-1,444,469	-1,820,921	0.0001
0,001330	-1,989,986	-2,134,578	0.0001
0,001335	-2,165,170	-2,056,968	0.0001
0,001340	-1,944,258	-1,602,907	0.0001
0,001345	-1,365,250	-0,853545	0.0001
0,001350	-0,535380	0,055545	0.0001
0,001355	0,390135	0,949502	0.0001
0,001360	1,244,483	1,666,345	0.0001
0,001365	1,864,073	2,075,648	0.0001
0,001370	2,143,919	2,102,699	0.0001
0,001375	2,022,835	1,739,446	0.0001
0,001380	1,530,447	1,054,807	0.0001
0,001385	0,756928	0,175019	0.0001
0,001390	-0,162147	-0,737936	0.0001
0,001395	-1,050,627	-1,517,569	0.0001
0,001400	-1,745,566	-2,020,901	0.0001
0,001405	-2,123,306	-2,149,391	0.0001
0,001410	-2,107,205	-1,885,005	0.0001
0,001415	-1,703,702	-1,269,285	0.0001
0,001420	-0,987187	-0,425245	0.0001
0,001425	-0,089690	0,497049	0.0001
0,001430	0,821656	1,323,059	0.0001
0,001435	1,581,973	1,908,835	0.0001
0,001440	2,048,920	2,136,513	0.0001
0,001445	2,135,224	1,974,852	0.0001
0,001450	1,829,937	1,444,465	0.0001
0,001455	1,185,551	0,645505	0.0001
0,001460	0,318966	-0,269383	0.0001
0,001465	-0,600752	-1,139,185	0.0001
0,001470	-1,416,452	-1,800,633	0.0001
0,001475	-1,971,953	-2,132,967	0.0001
0,001480	-2,167,425	-2,069,528	0.0001
0,001485	-1,959,394	-1,626,737	0.0001
0,001490	-1,390,368	-0,883171	0.0001
0,001495	-0,569193	0,021410	0.0001
0,001500	0,356644	0,916655	0.0001
0,001505	1,216,144	1,645,413	0.0001
0,001510	1,847,327	2,066,631	0.0001
0,001515	2,140,055	2,108,818	0.0001
0,001520	2,033,784	1,761,022	0.0001
0,001525	1,554,600	1,085,078	0.0001
0,001530	0,788165	0,210120	0.0001
0,001535	-0,124791	-0,705089	0.0001
0,001540	-1,020,034	-1,492,129	0.0001
0,001545	-1,727,210	-2,006,732	0.0001
0,001550	-2,116,544	-2,153,255	0.0001
0,001555	-2,117,832	-1,899,174	0.0001
0,001560	-1,727,533	-1,298,267	0.0001
0,001565	-1,019,068	-0,457448	0.0001
0,001570	-0,125758	0,461948	0.0001
0,001575	0,789453	1,298,585	0.0001
0,001580	1,556,532	1,893,056	0.0001
0,001585	2,034,106	2,139,089	0.0001
0,001590	2,141,987	1,985,801	0.0001
0,001595	1,848,937	1,468,939	0.0001
0,001600	1,213,246	0,678674	0.0001
0,001605	0,355356	-0,234926	0.0001
0,001610	-0,567582	-1,110,846	0.0001
0,001615	-1,390,690	-1,782,277	0.0001
0,001620	-1,958,428	-2,125,561	0.0001
0,001625	-2,168,069	-2,079,833	0.0001
0,001630	-1,975,495	-1,647,669	0.0001
0,001635	-1,417,418	-0,915696	0.0001
0,001640	-0,603006	-0,014979	0.0001
0,001645	0,319610	0,884452	0.0001
0,001650	1,185,229	1,624,159	0.0001
0,001655	1,829,615	2,058,259	0.0001
0,001660	2,136,191	2,113,326	0.0001
0,001665	2,046,343	1,777,446	0.0001
0,001670	1,580,040	1,116,637	0.0001
0,001675	0,820046	0,245543	0.0001
0,001680	-0,091622	-0,670954	0.0001
0,001685	-0,988153	-1,467,977	0.0001
0,001690	-1,705,957	-1,994,495	0.0001
0,001695	-2,109,781	-2,152,611	0.0001
0,001700	-2,122,662	-1,917,852	0.0001
0,001705	-1,747,498	-1,327,572	0.0001
0,001710	-1,050,627	-0,491905	0.0001
0,001715	-0,159571	0,427813	0.0001
0,001720	0,757250	1,270,246	0.0001
0,001725	1,531,736	1,876,954	0.0001
0,001730	2,023,801	2,134,902	0.0001
0,001735	2,145,208	2,000,293	0.0001
0,001740	1,866,327	1,493,092	0.0001
0,001745	1,242,551	0,711522	0.0001
0,001750	0,388847	-0,199824	0.0001
0,001755	-0,535057	-1,080,254	0.0001
0,001760	-1,364,605	-1,761,990	0.0001
0,001765	-1,942,648	-2,120,086	0.0001
0,001770	-2,164,848	-2,089,815	0.0001
0,001775	-1,989,020	-1,672,466	0.0001
0,001780	-1,444,469	-0,949188	0.0001
0,001785	-0,636175	-0,049114	0.0001
0,001790	0,285797	0,855147	0.0001
0,001795	1,155,925	1,600,328	0.0001
0,001800	1,809,971	2,049,886	0.0001
0,001805	2,130,394	2,119,445	0.0001
0,001810	2,057,937	1,799,344	0.0001
0,001815	1,604,837	1,145,298	0.0001
0,001820	0,852571	0,278390	0.0001
0,001825	-0,054911	-0,637463	0.0001
0,001830	-0,957238	-1,440,282	0.0001
0,001835	-1,679,872	-1,982,258	0.0001
0,001840	-2,101,086	-2,155,831	0.0001
0,001845	-2,131,357	-1,933,631	0.0001
0,001850	-1,768,430	-1,353,012	0.0001
0,001855	-1,080,898	-0,528295	0.0001
0,001860	-0,194994	0,392389	0.0001
0,001865	0,723759	1,240,619	0.0001
0,001870	1,507,583	1,858,598	0.0001
0,001875	2,013,496	2,132,326	0.0001
0,001880	2,147,462	2,011,564	0.0001
0,001885	1,883,395	1,519,498	0.0001
0,001890	1,270,890	0,745979	0.0001
0,001895	0,422982	-0,166011	0.0001
0,001900	-0,500922	-1,050,305	0.0001
0,001905	-1,334,979	-1,740,092	0.0001
0,001910	-1,927,513	-2,113,324	0.0001
0,001915	-2,168,069	-2,094,968	0.0001
0,001920	-2,002,868	-1,692,753	0.0001
0,001925	-1,468,943	-0,979458	0.0001
0,001930	-0,669666	-0,083894	0.0001
0,001935	0,251984	0,820046	0.0001
0,001940	1,126,942	1,573,278	0.0001
0,001945	1,792,582	2,038,937	0.0001
0,001950	2,124,597	2,124,919	0.0001
0,001955	2,068,242	1,816,090	0.0001
0,001960	1,626,413	1,173,636	0.0001
0,001965	0,882520	0,311237	0.0001
0,001970	-0,022064	-0,604616	0.0001
0,001975	-0,924391	-1,413,876	0.0001
0,001980	-1,660,872	-1,966,800	0.0001
0,001985	-2,093,358	-2,155,187	0.0001
0,001990	-2,138,442	-1,946,190	0.0001
0,001995	-1,787,108	-1,378,775	0.0001
0,002000	-1,110,202	-0,561464	0.0001
0,002005	-0,230739	0,357288	0.0001
0,002010	0,689623	1,212,280	0.0001
0,002015	1,481,821	1,841,531	0.0001
0,002020	1,997,716	2,130,716	0.0001
0,002025	2,151,326	2,022,191	0.0001
0,002030	1,899,818	1,543,007	0.0001
0,002035	1,300,195	0,777860	0.0001
0,002040	0,458727	-0,133808	0.0001
0,002045	-0,468397	-1,020,356	0.0001
0,002050	-1,308,894	-1,720,770	0.0001
0,002055	-1,913,021	-2,107,205	0.0001
0,002060	-2,161,628	-2,105,273	0.0001
0,002065	-2,016,071	-1,715,939	0.0001
0,002070	-1,496,638	-1,007,153	0.0001
0,002075	-0,703157	-0,119961	0.0001
0,002080	0,218493	0,789775	0.0001
0,002085	1,098,603	1,552,668	0.0001
0,002090	1,773,582	2,029,920	0.0001
0,002095	2,123,631	2,128,462	0.0001
0,002100	2,076,614	1,835,090	0.0001
0,002105	1,647,345	1,204,551	0.0001
0,002110	0,915045	0,348271	0.0001
0,002115	0,011427	-0,572091	0.0001
0,002120	-0,892510	-1,388,758	0.0001
0,002125	-1,636,076	-1,950,699	0.0001
0,002130	-2,081,765	-2,155,187	0.0001
0,002135	-2,142,950	-1,962,292	0.0001
0,002140	-1,807,396	-1,407,435	0.0001
0,002145	-1,140,795	-0,593989	0.0001
0,002150	-0,264552	0,323797	0.0001
0,002155	0,654522	1,184,585	0.0001
0,002160	1,454,770	1,823,819	0.0001
0,002165	1,984,835	2,126,208	0.0001
0,002170	2,148,106	2,035,716	0.0001
0,002175	1,914,310	1,569,091	0.0001
0,002180	1,327,889	0,811029	0.0001
0,002185	0,492863	-0,097097	0.0001
0,002190	-0,432974	-0,988153	0.0001
0,002195	-1,279,912	-1,697,906	0.0001
0,002200	-1,894,666	-2,097,544	0.0001
0,002205	-2,161,950	-2,113,968	0.0001
0,002210	-2,028,308	-1,733,973	0.0001
0,002215	-1,521,756	-1,040,322	0.0001
0,002220	-0,737292	-0,153774	0.0001
0,002225	0,182103	0,755640	0.0001
0,002230	1,065,756	1,524,973	0.0001
0,002235	1,753,938	2,015,106	0.0001
0,002240	2,114,614	2,132,004	0.0001
0,002245	2,087,564	1,851,514	0.0001
0,002250	1,672,464	1,233,212	0.0001
0,002255	0,945316	0,382084	0.0001
0,002260	0,045562	-0,537956	0.0001
0,002265	-0,858053	-1,360,419	0.0001
0,002270	-1,612,246	-1,936,530	0.0001
0,002275	-2,072,104	-2,155,509	0.0001
0,002280	-2,149,391	-1,974,851	0.0001
0,002285	-1,824,785	-1,430,944	0.0001
0,002290	-1,169,456	-0,627480	0.0001
0,002295	-0,299976	0,290628	0.0001
0,002300	0,621031	1,154,636	0.0001
0,002305	1,429,651	1,806,751	0.0001
0,002310	1,974,208	2,120,733	0.0001
0,002315	2,153,258	2,046,021	0.0001
0,002320	1,931,700	1,592,600	0.0001
0,002325	1,354,618	0,841622	0.0001
0,002330	0,526354	-0,062640	0.0001
0,002335	-0,397873	-0,955950	0.0001
0,002340	-1,253,827	-1,674,720	0.0001
0,002345	-1,881,785	-2,089,171	0.0001
0,002350	-2,158,408	-2,118,798	0.0001
0,002355	-2,041,189	-1,755,227	0.0001
0,002360	-1,547,196	-1,069,305	0.0001
0,002365	-0,769495	-0,189197	0.0001
0,002370	0,145392	0,721505	0.0001
0,002375	1,035,163	1,503,075	0.0001
0,002380	1,732,362	2,002,547	0.0001
0,002385	2,111,394	2,138,123	0.0001
0,002390	2,094,326	1,870,836	0.0001
0,002395	1,692,108	1,261,229	0.0001
0,002400	0,978163	0,417830	0.0001
0,002405	0,083240	-0,504787	0.0001
0,002410	-0,828426	-1,334,657	0.0001
0,002415	-1,590,670	-1,921,394	0.0001
0,002420	-2,061,477	-2,151,967	0.0001
0,002425	-2,153,255	-1,990,952	0.0001
0,002430	-1,846,039	-1,458,960	0.0001
0,002435	-1,200,693	-0,662903	0.0001
0,002440	-0,334755	0,256170	0.0001
0,002445	0,590438	1,125,010	0.0001
0,002450	1,403,567	1,787,429	0.0001
0,002455	1,960,039	2,114,936	0.0001
0,002460	2,153,902	2,055,360	0.0001
0,002465	1,945,547	1,614,176	0.0001
0,002470	1,381,347	0,876401	0.0001
0,002475	0,559523	-0,026572	0.0001
0,002480	-0,364382	-0,926001	0.0001
0,002485	-1,222,913	-1,655,720	0.0001
0,002490	-1,859,565	-2,081,765	0.0001
0,002495	-2,152,611	-2,125,883	0.0001
0,002500	-2,050,528	-1,775,193	0.0001
0,002505	-1,571,670	-1,100,219	0.0001
0,002510	-0,802664	-0,222367	0.0001
0,002515	0,113189	0,689623	0.0001
0,002520	1,004,892	1,477,634	0.0001
0,002525	1,712,074	1,991,276	0.0001
0,002530	2,100,767	2,137,157	0.0001
0,002535	2,102,377	1,888,869	0.0001
0,002540	1,713,040	1,288,602	0.0001
0,002545	1,010,044	0,451965	0.0001
0,002550	0,116731	-0,469363	0.0001
0,002555	-0,796224	-1,306,640	0.0001
0,002560	-1,566,518	-1,904,971	0.0001
0,002565	-2,048,274	-2,153,577	0.0001
0,002570	-2,156,153	-2,002,223	0.0001
0,002575	-1,865,683	-1,484,722	0.0001
0,002580	-1,229,031	-0,693818	0.0001
0,002585	-0,369212	0,222679	0.0001
0,002590	0,555981	1,095,705	0.0001
0,002595	1,378,770	1,765,853	0.0001
0,002600	1,945,225	2,109,140	0.0001
0,002605	2,152,292	2,062,767	0.0001
0,002610	1,961,005	1,637,040	0.0001
0,002615	1,408,397	0,908605	0.0001
0,002620	0,594302	0,004987	0.0001
0,002625	-0,327026	-0,892510	0.0001
0,002630	-1,193,608	-1,631,890	0.0001
0,002635	-1,840,565	-2,070,172	0.0001
0,002640	-2,151,967	-2,130,069	0.0001
0,002645	-2,063,731	-1,796,769	0.0001
0,002650	-1,596,145	-1,130,168	0.0001
0,002655	-0,833579	-0,256824	0.0001
0,002660	0,080986	0,658708	0.0001
0,002665	0,973977	1,453,804	0.0001
0,002670	1,690,819	1,977,428	0.0001
0,002675	2,091,428	2,140,055	0.0001
0,002680	2,108,174	1,902,717	0.0001
0,002685	1,734,616	1,315,652	0.0001
0,002690	1,041,603	0,485778	0.0001
0,002695	0,153121	-0,433940	0.0001
0,002700	-0,763054	-1,279,268	0.0001
0,002705	-1,542,688	-1,889,835	0.0001
0,002710	-2,038,291	-2,151,001	0.0001
0,002715	-2,158,730	-2,015,749	0.0001
0,002720	-1,884,039	-1,510,485	0.0001
0,002725	-1,259,302	-0,727631	0.0001
0,002730	-0,402703	0,185646	0.0001
0,002735	0,521523	1,068,976	0.0001
0,002740	1,348,821	1,747,497	0.0001
0,002745	1,928,801	2,107,852	0.0001
0,002750	2,151,970	2,075,326	0.0001
0,002755	1,973,886	1,657,650	0.0001
0,002760	1,435,770	0,937587	0.0001
0,002765	0,628116	0,041698	0.0001
0,002770	-0,293213	-0,862240	0.0001
0,002775	-1,164,625	-1,609,992	0.0001
0,002780	-1,822,853	-2,060,511	0.0001
0,002785	-2,146,171	-2,135,222	0.0001
0,002790	-2,073,392	-1,818,345	0.0001
0,002795	-1,618,687	-1,160,761	0.0001
0,002800	-0,867392	-0,293535	0.0001
0,002805	0,040088	0,624573	0.0001
0,002810	0,941774	1,426,753	0.0001
0,002815	1,666,989	1,967,445	0.0001
0,002820	2,085,309	2,141,021	0.0001
0,002825	2,115,580	1,918,496	0.0001
0,002830	1,755,548	1,342,703	0.0001
0,002835	1,070,908	0,519913	0.0001
0,002840	0,186612	-0,399805	0.0001
0,002845	-0,729241	-1,250,285	0.0001
0,002850	-1,518,213	-1,873,090	0.0001
0,002855	-2,024,766	-2,145,849	0.0001
0,002860	-2,161,628	-2,029,596	0.0001
0,002865	-1,900,462	-1,533,993	0.0001
0,002870	-1,288,285	-0,761444	0.0001
0,002875	-0,440381	0,152799	0.0001
0,002880	0,487388	1,035,163	0.0001
0,002885	1,322,093	1,725,277	0.0001
0,002890	1,912,056	2,097,547	0.0001
0,002895	2,151,326	2,081,767	0.0001
0,002900	1,989,988	1,680,192	0.0001
0,002905	1,459,600	0,970757	0.0001
0,002910	0,661929	0,076155	0.0001
0,002915	-0,258434	-0,829393	0.0001
0,002920	-1,132,744	-1,583,263	0.0001
0,002925	-1,803,209	-2,052,460	0.0001
0,002930	-2,141,984	-2,140,696	0.0001
0,002935	-2,086,273	-1,833,158	0.0001
0,002940	-1,643,161	-1,192,320	0.0001
0,002945	-0,899917	-0,328314	0.0001
0,002950	0,006597	0,590116	0.0001
0,002955	0,913113	1,400,347	0.0001
0,002960	1,645,413	1,949,089	0.0001
0,002965	2,077,581	2,143,597	0.0001
0,002970	2,123,953	1,937,174	0.0001
0,002975	1,776,802	1,369,109	0.0001
0,002980	1,104,400	0,552760	0.0001
0,002985	0,221713	-0,365026	0.0001
0,002990	-0,697360	-1,220,658	0.0001
0,002995	-1,491,485	-1,853,124	0.0001
0,003000	-2,014,783	-2,146,493	0.0001
0,003005	-2,164,848	-2,040,223	0.0001
0,003010	-1,914,309	-1,559,755	0.0001
0,003015	-1,314,369	-0,793969	0.0001
0,003020	-0,471940	0,116731	0.0001
0,003025	0,451643	1,004,248	0.0001
0,003030	1,295,686	1,705,955	0.0001
0,003035	1,895,954	2,092,716	0.0001
0,003040	2,148,106	2,089,818	0.0001
0,003045	2,000,937	1,703,057	0.0001
0,003050	1,487,617	0,998451	0.0001
0,003055	0,693810	0,111257	0.0001
0,003060	-0,225265	-0,796546	0.0001
0,003065	-1,106,338	-1,561,043	0.0001
0,003070	-1,785,176	-2,040,223	0.0001
0,003075	-2,133,289	-2,140,374	0.0001
0,003080	-2,092,714	-1,852,802	0.0001
0,003085	-1,664,737	-1,218,404	0.0001
0,003090	-0,931154	-0,361483	0.0001
0,003095	-0,028182	0,558879	0.0001
0,003100	0,878334	1,373,618	0.0001
0,003105	1,621,905	1,935,886	0.0001
0,003110	2,065,987	2,141,021	0.0001
0,003115	2,128,784	1,947,479	0.0001
0,003120	1,794,192	1,396,804	0.0001
0,003125	1,130,162	0,586574	0.0001
0,003130	0,257780	-0,332501	0.0001
0,003135	-0,665479	-1,191,998	0.0001
0,003140	-1,467,011	-1,834,446	0.0001
0,003145	-1,998,037	-2,139,730	0.0001
0,003150	-2,163,560	-2,048,918	0.0001
0,003155	-1,930,089	-1,584,552	0.0001
0,003160	-1,342,385	-0,825528	0.0001
0,003165	-0,506397	0,084206	0.0001
0,003170	0,417185	0,974299	0.0001
0,003175	1,267,025	1,683,735	0.0001
0,003180	1,881,785	2,083,055	0.0001
0,003185	2,147,462	2,097,869	0.0001
0,003190	2,015,106	1,722,057	0.0001
0,003195	1,511,448	1,029,366	0.0001
0,003200	0,727945	0,146358	0.0001
0,003205	-0,189841	-0,764021	0.0001
0,003210	-1,074,135	-1,537,857	0.0001
0,003215	-1,763,922	-2,027,664	0.0001
0,003220	-2,127,171	-2,148,747	0.0001
0,003225	-2,100,764	-1,868,903	0.0001
0,003230	-1,686,957	-1,246,743	0.0001
0,003235	-0,963357	-0,397229	0.0001
0,003240	-0,060707	0,524422	0.0001
0,003245	0,847741	1,348,499	0.0001
0,003250	1,597,752	1,922,361	0.0001
0,003255	2,056,326	2,140,377	0.0001
0,003260	2,132,004	1,964,547	0.0001
0,003265	1,816,412	1,423,855	0.0001
0,003270	1,160,755	0,620065	0.0001
0,003275	0,291594	-0,297399	0.0001
0,003280	-0,631666	-1,163,015	0.0001
0,003285	-1,438,672	-1,818,023	0.0001
0,003290	-1,986,122	-2,136,188	0.0001
0,003295	-2,168,391	-2,059,867	0.0001
0,003300	-1,947,479	-1,605,805	0.0001
0,003305	-1,369,758	-0,857731	0.0001
0,003310	-0,541498	0,048783	0.0001
0,003315	0,383694	0,941774	0.0001
0,003320	1,238,687	1,662,481	0.0001
0,003325	1,864,395	2,074,682	0.0001
0,003330	2,143,275	2,104,309	0.0001
0,003335	2,027,665	1,743,955	0.0001
0,003340	1,536,888	1,060,603	0.0001
0,003345	0,762402	0,181137	0.0001
0,003350	-0,151198	-0,730529	0.0001
0,003355	-1,043,864	-1,511,773	0.0001
0,003360	-1,744,600	-2,015,749	0.0001
0,003365	-2,121,052	-2,149,713	0.0001
0,003370	-2,110,103	-1,887,259	0.0001
0,003375	-1,708,533	-1,276,369	0.0001
0,003380	-0,994594	-0,430398	0.0001
0,003385	-0,096775	0,488998	0.0001
0,003390	0,812639	1,319,839	0.0001
0,003395	1,575,210	1,905,293	0.0001
0,003400	2,044,411	2,138,123	0.0001
0,003405	2,137,801	1,978,394	0.0001
0,003410	1,832,514	1,450,584	0.0001
0,003415	1,190,060	0,653556	0.0001
0,003420	0,326373	-0,262298	0.0001
0,003425	-0,598175	-1,133,388	0.0001
0,003430	-1,412,910	-1,795,803	0.0001
0,003435	-1,971,953	-2,130,069	0.0001
0,003440	-2,167,102	-2,070,494	0.0001
0,003445	-1,964,224	-1,628,670	0.0001
0,003450	-1,396,808	-0,890256	0.0001
0,003455	-0,574345	0,014326	0.0001
0,003460	0,349237	0,911181	0.0001
0,003465	1,210,992	1,638,006	0.0001
0,003470	1,844,751	2,065,665	0.0001
0,003475	2,141,343	2,110,428	0.0001
0,003480	2,037,648	1,762,955	0.0001
0,003485	1,559,430	1,092,162	0.0001
0,003490	0,793639	0,216561	0.0001
0,003495	-0,118995	-0,698004	0.0001
0,003500	-1,014,237	-1,488,909	0.0001
0,003505	-1,721,736	-2,006,088	0.0001
0,003510	-2,114,290	-2,154,543	0.0001
0,003515	-2,117,832	-1,904,649	0.0001
0,003520	-1,731,075	-1,303,098	0.0001
0,003525	-1,025,187	-0,466465	0.0001
0,003530	-0,132520	0,454541	0.0001
0,003535	0,782368	1,292,466	0.0001
0,003540	1,551,702	1,889,191	0.0001
0,003545	2,034,106	2,138,123	0.0001
0,003550	2,141,665	1,989,988	0.0001
0,003555	1,849,903	1,474,092	0.0001
0,003560	1,220,653	0,685437	0.0001
0,003565	0,362118	-0,227197	0.0001
0,003570	-0,563074	-1,107,626	0.0001
0,003575	-1,386,181	-1,777,447	0.0001
0,003580	-1,958,105	-2,123,306	0.0001
0,003585	-2,167,102	-2,081,121	0.0001
0,003590	-1,977,749	-1,653,788	0.0001
0,003595	-1,422,571	-0,921171	0.0001
0,003600	-0,607192	-0,020132	0.0001
0,003605	0,315424	0,878334	0.0001
0,003610	1,179,433	1,618,040	0.0001
0,003615	1,828,005	2,056,970	0.0001
0,003620	2,135,869	2,116,225	0.0001
0,003625	2,048,276	1,785,497	0.0001
0,003630	1,583,261	1,121,467	0.0001
0,003635	0,826487	0,251662	0.0001
0,003640	-0,083894	-0,663225	0.0001
0,003645	-0,981713	-1,461,858	0.0001
0,003650	-1,699,516	-1,988,698	0.0001
0,003655	-2,106,561	-2,155,509	0.0001
0,003660	-2,127,171	-1,919,784	0.0001
0,003665	-1,751,041	-1,330,470	0.0001
0,003670	-1,055,135	-0,500600	0.0001
0,003675	-0,168910	0,421694	0.0001
0,003680	0,746945	1,265,093	0.0001
0,003685	1,529,481	1,872,768	0.0001
0,003690	2,023,157	2,135,224	0.0001
0,003695	2,143,597	2,002,547	0.0001
0,003700	1,871,158	1,500,820	0.0001
0,003705	1,249,636	0,718606	0.0001
0,003710	0,395609	-0,193384	0.0001
0,003715	-0,526363	-1,073,813	0.0001
0,003720	-1,356,877	-1,755,227	0.0001
0,003725	-1,940,716	-2,117,188	0.0001
0,003730	-2,167,425	-2,089,815	0.0001
0,003735	-1,990,308	-1,677,296	0.0001
0,003740	-1,449,943	-0,953052	0.0001
0,003745	-0,641649	-0,056843	0.0001
0,003750	0,278712	0,846130	0.0001
0,003755	1,151,094	1,595,176	0.0001
0,003760	1,810,293	2,049,242	0.0001
0,003765	2,131,038	2,119,767	0.0001
0,003770	2,060,191	1,802,243	0.0001
0,003775	1,607,413	1,150,772	0.0001
0,003780	0,858368	0,282899	0.0001
0,003785	-0,050402	-0,631022	0.0001
0,003790	-0,949832	-1,436,418	0.0001
0,003795	-1,678,906	-1,974,529	0.0001
0,003800	-2,096,256	-2,154,543	0.0001
0,003805	-2,131,679	-1,936,530	0.0001
0,003810	-1,773,261	-1,357,843	0.0001
0,003815	-1,088,304	-0,534413	0.0001
0,003820	-0,201757	0,385304	0.0001
0,003825	0,716030	1,236,754	0.0001
0,003830	1,501,787	1,856,666	0.0001
0,003835	2,009,310	2,131,682	0.0001
0,003840	2,148,106	2,016,394	0.0001
0,003845	1,884,683	1,524,007	0.0001
0,003850	1,275,076	0,753386	0.0001
0,003855	0,429745	-0,158605	0.0001
0,003860	-0,495770	-1,043,864	0.0001
0,003865	-1,329,826	-1,736,549	0.0001
0,003870	-1,923,970	-2,111,713	0.0001
0,003875	-2,164,526	-2,099,476	0.0001
0,003880	-2,004,478	-1,697,906	0.0001
0,003885	-1,475,384	-0,984611	0.0001
0,003890	-0,676751	-0,091300	0.0001
0,003895	0,245865	0,814249	0.0001
0,003900	1,119,857	1,571,023	0.0001
0,003905	1,789,039	2,034,750	0.0001
0,003910	2,126,208	2,125,886	0.0001
0,003915	2,069,852	1,820,921	0.0001
0,003920	1,631,888	1,179,755	0.0001
0,003925	0,890893	0,319932	0.0001
0,003930	-0,015945	-0,598175	0.0001
0,003935	-0,917629	-1,410,334	0.0001
0,003940	-1,656,042	-1,961,648	0.0001
0,003945	-2,088,205	-2,154,221	0.0001
0,003950	-2,137,476	-1,952,631	0.0001
0,003955	-1,791,938	-1,384,571	0.0001
0,003960	-1,117,609	-0,566294	0.0001
0,003965	-0,237824	0,353745	0.0001
0,003970	0,682217	1,207,772	0.0001
0,003975	1,476,024	1,837,022	0.0001
0,003980	1,997,072	2,130,072	0.0001
0,003985	2,149,716	2,026,377	0.0001
0,003990	1,902,717	1,548,159	0.0001
0,003995	1,305,669	0,783334	0.0001
0,004000	0,465490	-0,128978	0.0001
0,004005	-0,459380	-1,011,983	0.0001
0,004010	-1,301,166	-1,715,939	0.0001
0,004015	-1,907,869	-2,105,595	0.0001
0,004020	-2,162,594	-2,105,917	0.0001
0,004025	-2,018,647	-1,718,194	0.0001
0,004030	-1,502,434	-1,014,237	0.0001
0,004035	-0,710564	-0,127046	0.0001
0,004040	0,211086	0,782046	0.0001
0,004045	1,091,840	1,548,159	0.0001
0,004050	1,769,395	2,025,411	0.0001
0,004055	2,120,411	2,129,428	0.0001
0,004060	2,080,157	1,839,920	0.0001
0,004065	1,654,430	1,211,314	0.0001
0,004070	0,923096	0,354390	0.0001
0,004075	0,020122	-0,564040	0.0001
0,004080	-0,888002	-1,381,351	0.0001
0,004085	-1,633,500	-1,949,411	0.0001
0,004090	-2,079,188	-2,154,865	0.0001
0,004095	-2,142,628	-1,964,224	0.0001
0,004100	-1,813,192	-1,412,266	0.0001
0,004105	-1,146,592	-0,601718	0.0001
0,004110	-0,270993	0,317034	0.0001
0,004115	0,649370	1,178,145	0.0001
0,004120	1,452,516	1,821,887	0.0001
0,004125	1,985,479	2,125,563	0.0001
0,004130	2,150,682	2,037,004	0.0001
0,004135	1,918,174	1,573,600	0.0001
0,004140	1,332,076	0,817148	0.0001
0,004145	0,498015	-0,090334	0.0001
0,004150	-0,426211	-0,982035	0.0001
0,004155	-1,274,437	-1,692,109	0.0001
0,004160	-1,892,089	-2,097,544	0.0001
0,004165	-2,161,950	-2,113,968	0.0001
0,004170	-2,030,562	-1,739,770	0.0001
0,004175	-1,525,298	-1,043,864	0.0001
0,004180	-0,743089	-0,160859	0.0001
0,004185	0,174053	0,750165	0.0001
0,004190	1,061,569	1,524,329	0.0001
0,004195	1,748,785	2,013,496	0.0001
0,004200	2,113,648	2,133,936	0.0001
0,004205	2,085,953	1,856,666	0.0001
0,004210	1,676,650	1,237,076	0.0001
0,004215	0,953689	0,389169	0.0001
0,004220	0,054257	-0,528939	0.0001
0,004225	-0,854833	-1,358,487	0.0001
0,004230	-1,608,704	-1,932,021	0.0001
0,004235	-2,069,528	-2,156,798	0.0001
0,004240	-2,146,815	-1,979,359	0.0001
0,004245	-1,830,904	-1,438,350	0.0001
0,004250	-1,177,506	-0,636175	0.0001
0,004255	-0,308671	0,283865	0.0001
0,004260	0,615878	1,150,450	0.0001
0,004265	1,424,499	1,801,921	0.0001
0,004270	1,972,598	2,119,445	0.0001
0,004275	2,152,936	2,047,309	0.0001
0,004280	1,933,632	1,595,820	0.0001
0,004285	1,359,126	0,849673	0.0001
0,004290	0,534083	-0,054589	0.0001
0,004295	-0,390788	-0,950476	0.0001
0,004300	-1,244,811	-1,671,821	0.0001
0,004305	-1,874,700	-2,088,527	0.0001
0,004310	-2,155,509	-2,119,120	0.0001
0,004315	-2,042,477	-1,760,702	0.0001
0,004320	-1,552,027	-1,075,745	0.0001
0,004325	-0,775936	-0,195316	0.0001
0,004330	0,139273	0,717318	0.0001
0,004335	1,030,010	1,498,566	0.0001
0,004340	1,729,785	2,002,869	0.0001
0,004345	2,108,496	2,134,258	0.0001
0,004350	2,097,547	1,875,022	0.0001
0,004355	1,695,972	1,266,703	0.0001
0,004360	0,985570	0,423626	0.0001
0,004365	0,089037	-0,497058	0.0001
0,004370	-0,822952	-1,329,182	0.0001
0,004375	-1,584,874	-1,916,564	0.0001
0,004380	-2,059,867	-2,152,933	0.0001
0,004385	-2,151,001	-1,990,952	0.0001
0,004390	-1,851,192	-1,463,146	0.0001
0,004395	-1,206,489	-0,669344	0.0001
0,004400	-0,341840	0,249408	0.0001
0,004405	0,583675	1,119,213	0.0001
0,004410	1,399,380	1,785,175	0.0001
0,004415	1,954,886	2,117,191	0.0001
0,004420	2,152,292	2,056,326	0.0001
0,004425	1,950,700	1,618,684	0.0001
0,004430	1,387,787	0,881876	0.0001
0,004435	0,566930	-0,020454	0.0001
0,004440	-0,356331	-0,917629	0.0001
0,004445	-1,216,794	-1,650,245	0.0001
0,004450	-1,858,276	-2,079,511	0.0001
0,004455	-2,153,577	-2,124,273	0.0001
0,004460	-2,053,748	-1,777,447	0.0001
0,004465	-1,574,247	-1,109,880	0.0001
0,004470	-0,807173	-0,231705	0.0001
0,004475	0,104494	0,684471	0.0001
0,004480	0,999095	1,472,160	0.0001
0,004485	1,705,955	1,987,411	0.0001
0,004490	2,098,835	2,137,157	0.0001
0,004495	2,103,987	1,890,802	0.0001
0,004500	1,719,480	1,291,822	0.0001
0,004505	1,019,061	0,458405	0.0001
0,004510	0,125104	-0,463567	0.0001
0,004515	-0,787529	-1,300,522	0.0001
0,004520	-1,560,721	-1,900,462	0.0001
0,004525	-2,047,308	-2,150,357	0.0001
0,004530	-2,155,831	-2,008,664	0.0001
0,004535	-1,865,683	-1,490,841	0.0001
0,004540	-1,233,218	-0,700581	0.0001
0,004545	-0,375975	0,217527	0.0001
0,004550	0,547930	1,090,552	0.0001
0,004555	1,371,042	1,763,921	0.0001
0,004560	1,941,039	2,110,106	0.0001
0,004565	2,152,292	2,065,021	0.0001
0,004570	1,962,293	1,641,549	0.0001
0,004575	1,413,872	0,914079	0.0001
0,004580	0,600743	0,014004	0.0001
0,004585	-0,321230	-0,887680	0.0001
0,004590	-1,187,811	-1,627,703	0.0001
0,004595	-1,838,311	-2,069,206	0.0001
0,004600	-2,147,459	-2,130,391	0.0001
0,004605	-2,064,053	-1,798,701	0.0001
0,004610	-1,598,399	-1,134,677	0.0001
0,004615	-0,840342	-0,265519	0.0001
0,004620	0,072291	0,650336	0.0001
0,004625	0,966570	1,447,685	0.0001
0,004630	1,686,633	1,974,208	0.0001
0,004635	2,092,394	2,139,733	0.0001
0,004640	2,110,750	1,908,513	0.0001
0,004645	1,741,379	1,321,771	0.0001
0,004650	1,049,332	0,493829	0.0001
0,004655	0,159561	-0,429754	0.0001
0,004660	-0,755970	-1,271,539	0.0001
0,004665	-1,538,179	-1,882,751	0.0001
0,004670	-2,035,070	-2,149,069	0.0001
0,004675	-2,159,374	-2,018,969	0.0001
0,004680	-1,885,327	-1,513,061	0.0001
0,004685	-1,262,844	-0,733428	0.0001
0,004690	-0,410110	0,179205	0.0001
0,004695	0,513151	1,060,603	0.0001
0,004700	1,345,601	1,744,277	0.0001
0,004705	1,927,191	2,104,953	0.0001
0,004710	2,151,326	2,074,360	0.0001
0,004715	1,980,005	1,664,091	0.0001
0,004720	1,438,346	0,944350	0.0001
0,004725	0,634234	0,048139	0.0001
0,004730	-0,285484	-0,853545	0.0001
0,004735	-1,158,829	-1,604,517	0.0001
0,004740	-1,818,989	-2,058,579	0.0001
0,004745	-2,144,560	-2,135,222	0.0001
0,004750	-2,074,036	-1,818,667	0.0001
0,004755	-1,623,839	-1,163,015	0.0001
0,004760	-0,873833	-0,300942	0.0001
0,004765	0,033969	0,616200	0.0001
0,004770	0,937909	1,421,601	0.0001
0,004775	1,662,803	1,964,547	0.0001
0,004780	2,084,987	2,141,021	0.0001
0,004785	2,117,513	1,922,361	0.0001
0,004790	1,759,412	1,347,533	0.0001
0,004795	1,078,315	0,526676	0.0001
0,004800	0,192730	-0,394653	0.0001
0,004805	-0,722479	-1,244,489	0.0001
0,004810	-1,510,807	-1,864,717	0.0001
0,004815	-2,021,867	-2,146,815	0.0001
0,004820	-2,161,628	-2,029,274	0.0001
0,004825	-1,901,428	-1,540,434	0.0001
0,004830	-1,292,471	-0,766275	0.0001
0,004835	-0,445533	0,143138	0.0001
0,004840	0,481914	1,030,332	0.0001
0,004845	1,317,584	1,723,989	0.0001
0,004850	1,910,446	2,096,581	0.0001
0,004855	2,149,716	2,082,411	0.0001
0,004860	1,989,988	1,685,345	0.0001
0,004865	1,463,143	0,976553	0.0001
0,004870	0,666437	0,084528	0.0001
0,004875	-0,252637	-0,822308	0.0001
0,004880	-1,129,846	-1,583,263	0.0001
0,004885	-1,799,023	-2,048,918	0.0001
0,004890	-2,139,408	-2,143,272	0.0001
0,004895	-2,082,087	-1,836,700	0.0001
0,004900	-1,645,737	-1,197,150	0.0001
0,004905	-0,903781	-0,337009	0.0001
0,004910	-0,000810	0,582065	0.0001
0,004915	0,904096	1,396,160	0.0001
0,004920	1,641,549	1,947,801	0.0001
0,004925	2,075,648	2,141,021	0.0001
0,004930	2,124,597	1,935,242	0.0001
0,004935	1,780,022	1,373,618	0.0001
0,004940	1,106,654	0,559201	0.0001
0,004945	0,229764	-0,359873	0.0001
0,004950	-0,689954	-1,216,472	0.0001
0,004955	-1,487,299	-1,848,616	0.0001
0,004960	-2,009,308	-2,141,984	0.0001
0,004965	-2,162,594	-2,040,545	0.0001
0,004970	-1,918,818	-1,561,365	0.0001
0,004975	-1,320,165	-0,799122	0.0001
0,004980	-0,478702	0,108358	0.0001
0,004985	0,446168	0,999417	0.0001
0,004990	1,289,890	1,701,769	0.0001
0,004995	1,893,378	2,089,818	0.0001
0,005000	2,148,428	2,090,784	0.0001
