Frequency (Hz)	V_IN	V_R	Colonna1
2270.044332	-147.869276	-147.10586	0.0001
2270.042049	7.81018	8.578198	0.0001
2285.131956	-33.883236	-33.104629	0.0001
2285.121591	-107.353004	-106.589424	0.0001
2285.13414	-3.584009	-2.801373	0.0001
2300.038891	-169.424196	-168.634936	0.0001
2300.032337	149.423936	150.200774	0.0001
2315.124406	92.647934	93.426654	0.0001
2315.125022	-169.471096	-168.683424	0.0001
2330.021558	136.402125	137.188549	0.0001
2330.0248	-61.969211	-61.175634	0.0001
2345.114029	81.834481	82.635539	0.0001
2345.116254	-142.967891	-142.166735	0.0001
2360.013002	62.826876	63.617542	0.0001
2360.007191	-93.758836	-92.968834	0.0001
2375.098877	120.629992	121.422899	0.0001
2375.103256	-167.774285	-166.974943	0.0001
2375.106352	59.090598	59.891533	0.0001
2389.996058	-88.175166	-87.365677	0.0001
2389.984803	136.196973	136.965638	0.0001
2405.087479	-96.279977	-95.490434	0.0001
2405.085362	-168.692973	-167.899241	0.0001
2419.9936	-62.473977	-61.672309	0.0001
2419.991748	-134.780979	-133.972532	0.0001
2435.075606	85.353661	86.15105	0.0001
2435.078426	138.02212	138.827836	0.0001
2435.087834	-177.011163	-176.190361	0.0001
2449.979786	-30.308636	-29.508517	0.0001
2449.985397	30.593467	31.406313	0.0001
2465.073922	125.799857	126.611492	0.0001
2465.064336	-46.725667	-45.910824	0.0001
2479.960959	-125.663195	-124.847689	0.0001
2479.962555	-20.933619	-20.126328	0.0001
2495.062508	-89.34368	-88.522683	0.0001
2495.051044	11.400009	12.219306	0.0001
2509.963002	-121.521168	-120.693562	0.0001
2509.952705	-177.9119	-177.101498	0.0001
2525.045422	3.629871	4.451458	0.0001
2525.045076	63.337024	64.165682	0.0001
2540.133303	134.676748	135.508141	0.0001
2540.131692	130.54753	131.379173	0.0001
2555.032588	168.523877	169.361508	0.0001
2555.038627	-18.496141	-17.658289	0.0001
2555.035655	-87.144571	-86.318725	0.0001
2570.125262	-84.019273	-83.192912	0.0001
2570.121714	17.726695	18.561527	0.0001
2585.018646	-85.580988	-84.732272	0.0001
2585.01244	-155.00961	-154.183088	0.0001
2600.118889	-24.358718	-23.516659	0.0001
2600.115965	-120.219443	-119.375219	0.0001
2615.013002	174.306194	175.15843	0.0001
2615.007052	-42.827558	-41.980278	0.0001
2630.098609	133.913664	134.764853	0.0001
2630.09939	-91.191311	-90.341939	0.0001
2645.005212	108.414693	109.26974	0.0001
2645.009324	120.754007	121.609241	0.0001
2660.085592	50.619973	51.467692	0.0001
2660.089812	56.98546	57.833913	0.0001
2674.993319	-128.753502	-127.902175	0.0001
2674.988932	-77.767338	-76.909007	0.0001
2690.073155	156.126464	156.981726	0.0001
2690.07169	120.293239	121.150073	0.0001
2690.076414	-124.29765	-123.446174	0.0001
2704.983411	66.126228	66.983866	0.0001
2704.979179	-69.741996	-68.884063	0.0001
2720.07138	-79.052691	-78.193068	0.0001
2720.065991	75.143608	76.003595	0.0001
2734.971244	39.954126	40.815042	0.0001
2734.971888	-55.602415	-54.730249	0.0001
2750.063203	-83.430159	-82.562009	0.0001
2750.059382	139.39008	140.253053	0.0001
2764.950085	92.976553	93.83962	0.0001
2764.967359	156.526992	157.389293	0.0001
2780.04676	21.209308	22.083587	0.0001
2780.045489	148.266827	149.133022	0.0001
2795.130964	73.936912	74.806644	0.0001
2795.132787	103.937713	104.799692	0.0001
2810.042359	47.856117	48.747059	0.0001
2810.031105	143.400648	144.267833	0.0001
2825.124501	-164.324031	-163.439019	0.0001
2825.121624	89.947765	90.819166	0.0001
2840.020921	139.703791	140.58678	0.0001
2840.028155	-136.864605	-135.986572	0.0001
2855.114039	15.670067	16.549444	0.0001
2855.112149	68.337768	69.222621	0.0001
2870.013199	-150.138167	-149.255355	0.0001
2870.013135	-136.578953	-135.694805	0.0001
2870.013888	127.243562	128.134011	0.0001
2885.106098	162.631292	163.520589	0.0001
2885.102027	-116.061246	-115.175937	0.0001
2900.012664	8.517598	9.416274	0.0001
2900.013161	-103.394346	-102.498636	0.0001
2915.087852	-130.825811	-129.937484	0.0001
2915.095629	98.357357	99.254504	0.0001
2929.995757	-162.270628	-161.380494	0.0001
2929.990418	-172.42331	-171.541175	0.0001
2945.074488	-77.417711	-76.525688	0.0001
2945.079361	179.884788	-179.229067	0.0001
2959.969961	-168.388088	-167.491124	0.0001
2959.985329	130.926802	131.814296	0.0001
2975.060012	-61.221402	-60.332252	0.0001
2975.059683	-119.822986	-118.941743	0.0001
2989.964593	177.647848	178.535913	0.0001
2989.970215	82.76577	83.672223	0.0001
3005.047273	141.158315	142.047475	0.0001
3005.049256	98.816459	99.70301	0.0001
3005.054838	-123.922518	-123.020197	0.0001
3020.150513	-69.593315	-68.694766	0.0001
3020.142411	-145.952298	-145.039836	0.0001
3035.044134	20.51191	21.421708	0.0001
3035.044332	88.495877	89.393434	0.0001
3050.132967	170.830609	171.733343	0.0001
3050.13483	23.285006	24.193739	0.0001
3065.030476	-8.897376	-7.99354	0.0001
3065.036015	-125.705309	-124.801562	0.0001
3080.11765	-77.80922	-76.909529	0.0001
3080.13235	115.461222	116.372862	0.0001
3095.029055	-47.671471	-46.762547	0.0001
3095.023739	162.706625	163.614591	0.0001
3110.118272	-71.066045	-70.150179	0.0001
3110.116065	-19.265948	-18.35888	0.0001
3110.107889	45.729747	46.630387	0.0001
3125.014032	-139.413116	-138.498935	0.0001
3125.289826	-152.760385	-151.855046	0.0001
3140.104283	154.128344	155.033411	0.0001
3140.103488	175.245288	176.158033	0.0001
3155.000854	-95.165193	-94.251964	0.0001
3155.001943	163.198842	164.11257	0.0001
3170.087992	-53.915605	-52.9988	0.0001
3170.097316	173.455743	174.365694	0.0001
3184.987499	-166.422744	-165.512097	0.0001
3184.99441	122.057773	122.976778	0.0001
3200.083435	106.861424	107.777257	0.0001
3200.076755	-150.916774	-149.997109	0.0001
3214.982499	-9.781935	-8.866472	0.0001
3214.974425	-63.002993	-62.100191	0.0001
3230.067964	151.83463	152.742199	0.0001
3230.063773	-153.653158	-152.740826	0.0001
3244.969494	-117.9914	-117.076564	0.0001
3244.967827	89.070629	89.983576	0.0001
3260.060087	-108.752301	-107.832604	0.0001
3260.057694	-132.529388	-131.615669	0.0001
3275.139407	48.016429	48.934807	0.0001
3275.143039	-3.263577	-2.348952	0.0001
3290.052233	-83.259711	-82.339104	0.0001
3290.054745	-143.431203	-142.515202	0.0001
3305.128705	-12.524749	-11.60996	0.0001
3305.138172	41.751608	42.670025	0.0001
3320.034691	37.382162	38.305239	0.0001
3320.033173	-140.829358	-139.912745	0.0001
3335.127064	111.200755	112.116212	0.0001
3335.126593	-63.37807	-62.459971	0.0001
3350.02123	130.606364	131.518649	0.0001
3350.014045	105.319993	106.228647	0.0001
3365.110734	-121.176056	-120.26104	0.0001
3365.118669	-152.733954	-151.8109	0.0001
3380.018944	-88.265246	-87.347549	0.0001
3380.015167	65.904227	66.821945	0.0001
3395.103709	3.526735	4.453945	0.0001
3395.097325	33.770864	34.69	0.0001
3410.005619	-109.627134	-108.711299	0.0001
3410.002028	83.317712	84.230882	0.0001
3425.099371	118.223356	119.145809	0.0001
3425.103637	64.133148	65.056941	0.0001
3439.989388	113.756584	114.678467	0.0001
3439.992889	111.911531	112.827671	0.0001
3455.080538	26.83593	27.752247	0.0001
3455.083268	-108.408875	-107.49719	0.0001
3469.975462	-13.454871	-12.548572	0.0001
3469.981618	-77.650043	-76.733095	0.0001
3485.070588	-80.576685	-79.662207	0.0001
3485.076508	111.194577	112.122087	0.0001
3499.972654	-118.538357	-117.624138	0.0001
3499.975176	-153.744893	-152.830953	0.0001
3515.060992	-145.464655	-144.542811	0.0001
3515.054461	112.140039	113.050627	0.0001
3522.679438	-146.05111	-145.141593	0.0001
3530.144158	-47.154837	-46.241355	0.0001
3530.14382	-161.357938	-160.444472	0.0001
3545.04606	-31.637299	-30.725431	0.0001
3560.137568	-83.192815	-82.281727	0.0001
3560.132596	-120.220474	-119.302144	0.0001
3575.030491	-158.199431	-157.301142	0.0001
3575.042164	136.190837	137.105054	0.0001
3590.127894	-119.915818	-119.001621	0.0001
3590.116183	92.357305	93.25112	0.0001
3605.032358	148.563963	149.470819	0.0001
3605.025387	97.476567	98.387259	0.0001
3620.111987	-21.373922	-20.461336	0.0001
3620.114203	-152.159555	-151.254994	0.0001
3635.017217	164.042965	164.942856	0.0001
3635.01406	115.892642	116.798499	0.0001
3650.105288	166.198082	167.097777	0.0001
3650.094887	100.262453	101.160611	0.0001
3665.012601	5.541222	6.450971	0.0001
3665.00163	-135.655004	-134.753901	0.0001
3665.011111	83.665321	84.571616	0.0001
3680.09661	-161.726416	-160.820272	0.0001
3694.985325	-71.258264	-70.360806	0.0001
3694.989241	-149.189357	-148.290677	0.0001
3710.079539	111.106437	111.999146	0.0001
3710.085991	105.828373	106.723227	0.0001
3724.981775	44.083537	44.980625	0.0001
3724.986535	26.020565	26.920573	0.0001
3724.983912	-26.107886	-25.211783	0.0001
3740.071036	58.118711	59.007051	0.0001
3740.323716	-15.675952	-14.783746	0.0001
3755.158889	65.728425	66.626324	0.0001
3755.388994	161.918275	162.817614	0.0001
3770.058181	-164.460309	-163.568379	0.0001
3785.141604	-52.471186	-51.58032	0.0001
3785.153675	106.661398	107.54624	0.0001
3800.04747	17.807716	18.687779	0.0001
3800.055195	-175.556382	-174.664872	0.0001
3815.131267	-168.617806	-167.735479	0.0001
3815.133399	-146.271698	-145.385494	0.0001
3830.032749	-61.357553	-60.481703	0.0001
3830.032099	69.410664	70.289837	0.0001
3845.126427	-114.069511	-113.183071	0.0001
3845.13126	33.792641	34.682582	0.0001
3860.026277	147.189607	148.05944	0.0001
3860.028066	110.509105	111.380347	0.0001
3875.115027	-130.736671	-129.868196	0.0001
3875.118209	124.611397	125.494325	0.0001
3890.024682	-38.633954	-37.75955	0.0001
3890.019996	-169.421381	-168.547093	0.0001
3905.102719	132.395249	133.261377	0.0001
3905.105288	28.268998	29.143434	0.0001
3920.006047	122.092853	122.956114	0.0001
3920.00102	-178.16715	-177.311166	0.0001
3935.100542	113.161553	114.019223	0.0001
3935.088435	135.225774	136.082748	0.0001
3949.98884	-19.745454	-18.894199	0.0001
3949.988145	72.198794	73.050133	0.0001
3965.077432	81.347519	82.192259	0.0001
3965.083388	-139.949514	-139.098443	0.0001
3979.982755	103.613699	104.458377	0.0001
3979.989597	113.9694	114.822016	0.0001
3995.06139	-127.759208	-126.927589	0.0001
3995.064429	-27.655529	-26.826175	0.0001
4010.160722	-151.853366	-151.018341	0.0001
4010.166488	-96.646369	-95.801748	0.0001
4025.065132	-159.125874	-158.285809	0.0001
4025.054477	-108.506789	-107.675191	0.0001
4040.146749	-163.750332	-162.923505	0.0001
4040.152246	129.577466	130.408563	0.0001
4055.039641	-124.655173	-123.832548	0.0001
4055.04368	-122.443864	-121.620965	0.0001
4070.136507	-11.505913	-10.673553	0.0001
4070.133659	178.361542	179.172873	0.0001
4085.037629	55.751785	56.56578	0.0001
4085.041158	72.410055	73.229995	0.0001
4100.124627	-150.596437	-149.783458	0.0001
4100.125076	-104.475231	-103.665742	0.0001
4115.030136	93.447227	94.255777	0.0001
4115.027649	-110.669813	-109.860505	0.0001
4130.11249	-52.93975	-52.14869	0.0001
4130.113723	137.45633	138.253718	0.0001
4145.014769	167.42162	168.218255	0.0001
4145.017806	-15.960247	-15.160001	0.0001
4160.102741	13.659848	14.455249	0.0001
4160.107163	-1.956493	-1.154904	0.0001
4174.995883	-103.955399	-103.174495	0.0001
4174.997358	142.24086	143.010844	0.0001
4190.094039	-42.018386	-41.237125	0.0001
4204.988822	137.995188	138.764749	0.0001
4205.000545	-40.558277	-39.778638	0.0001
4220.076037	133.175849	133.952514	0.0001
4220.085007	160.042112	160.819411	0.0001
4234.988847	-12.136446	-11.367026	0.0001
4234.985398	-95.941989	-95.168963	0.0001
4250.07536	-168.589361	-167.824404	0.0001
4250.078329	130.98825	131.762751	0.0001
4265.164876	-7.382439	-6.613691	0.0001
4265.169965	162.933861	163.703095	0.0001
4280.057899	7.948067	8.694513	0.0001
4280.059075	-88.285096	-87.534227	0.0001
4295.147006	-70.977245	-70.238762	0.0001
4295.150879	-42.517877	-41.778217	0.0001
4310.053444	-168.307873	-167.565601	0.0001
4310.051097	-4.689342	-3.946449	0.0001
4325.142286	-67.338142	-66.602781	0.0001
4325.134179	-160.29649	-159.56484	0.0001
4340.04526	132.67072	133.401513	0.0001
4354.074584	-133.458702	-132.731731	0.0001
4355.11942	-12.629233	-11.922561	0.0001
4370.023462	-61.726492	-61.018907	0.0001
4370.021285	84.550672	85.262778	0.0001
4385.112904	34.492407	35.203623	0.0001
4385.114387	135.908419	136.607417	0.0001
4400.01966	87.973111	88.663444	0.0001
4400.014942	150.612862	151.310667	0.0001
4415.110473	16.802884	17.495279	0.0001
4415.106417	-162.040469	-161.358401	0.0001
4430.010125	-165.63521	-164.942108	0.0001
4430.004746	-135.247363	-134.567708	0.0001
4445.098414	140.604893	141.2756	0.0001
4445.096941	131.609049	132.285419	0.0001
4459.998579	-126.598388	-125.936886	0.0001
4459.994025	-0.123246	0.530757	0.0001
4475.082886	101.056934	101.706349	0.0001
4475.080581	108.060176	108.710899	0.0001
4490.182464	-137.672774	-137.011396	0.0001
4490.171772	140.686513	141.33203	0.0001
4505.072468	-166.901269	-166.261514	0.0001
4520.158403	171.983838	172.608314	0.0001
4520.160516	165.026361	165.654655	0.0001
4535.058785	-84.094824	-83.476358	0.0001
4535.056861	-74.621758	-74.002548	0.0001
4550.152012	51.55051	52.160928	0.0001
4550.149073	-171.26592	-170.6407	0.0001
4565.055991	134.293435	134.904658	0.0001
4565.042782	119.546828	120.148444	0.0001
4580.146448	84.786638	85.391415	0.0001
4580.136655	124.025166	124.606877	0.0001
4595.051147	-83.106538	-82.504298	0.0001
4595.039298	150.534289	151.120547	0.0001
4610.116722	-70.52924	-69.971635	0.0001
4610.123023	-139.409812	-138.836253	0.0001
4625.027508	-115.575338	-115.019866	0.0001
4625.02728	-8.950602	-8.394497	0.0001
4640.113018	-152.225952	-151.676635	0.0001
4640.111935	-10.121887	-9.576005	0.0001
4655.022498	-153.464639	-152.915737	0.0001
4655.016429	-34.762851	-34.226052	0.0001
4670.109838	-65.47693	-64.942131	0.0001
4670.105783	-154.205423	-153.668561	0.0001
4684.99706	153.101042	153.609002	0.0001
4700.088784	-36.152051	-35.636078	0.0001
4700.087346	-22.486248	-21.984739	0.0001
4715.003939	-164.888114	-164.387627	0.0001
4714.996341	-117.35856	-116.858737	0.0001
4730.086127	-123.633165	-123.145138	0.0001
4730.086231	21.02537	21.520122	0.0001
4745.164762	-22.860619	-22.384467	0.0001
4745.175832	144.828733	145.311955	0.0001
4760.086859	-83.86398	-83.386301	0.0001
4760.06157	132.315883	132.77489	0.0001
4775.158342	-37.263634	-36.822097	0.0001
4775.160865	89.036749	89.490441	0.0001
4790.059409	-176.671615	-176.235287	0.0001
4790.066326	-40.566369	-40.133258	0.0001
4805.155555	169.972048	170.407702	0.0001
4805.144643	56.342819	56.762065	0.0001
4820.051115	17.396902	17.814476	0.0001
4820.052572	-87.973085	-87.555478	0.0001
4835.12565	40.970233	41.367804	0.0001
4835.138013	-162.022242	-161.628984	0.0001
4850.046052	33.959795	34.349669	0.0001
4865.13009	-5.523967	-5.146118	0.0001
4865.131152	105.957625	106.333553	0.0001
4880.031306	78.972352	79.344719	0.0001
4880.035141	176.362394	176.721897	0.0001
4895.12483	20.797261	21.155064	0.0001
4895.1114	-20.005039	-19.657411	0.0001
4910.018495	161.933298	162.270796	0.0001
4910.023933	-2.647843	-2.312901	0.0001
4925.106043	115.923554	116.2438	0.0001
4925.104387	-122.923975	-122.610108	0.0001
4940.007524	-124.271438	-123.95957	0.0001
4940.012965	103.184265	103.492423	0.0001
4955.093549	-47.642725	-47.359321	0.0001
4955.094164	-105.106777	-104.814164	0.0001
4969.995684	-48.383189	-48.10755	0.0001
4969.997832	19.831224	20.109035	0.0001
4985.082687	-120.537763	-120.285304	0.0001
4985.084689	-0.671177	-0.417587	0.0001
5000.169525	163.396754	163.644452	0.0001
5000.177413	175.59367	175.834929	0.0001
5015.075465	160.388544	160.619082	0.0001
5015.083531	98.914005	99.143383	0.0001
5030.162343	159.063781	159.276077	0.0001
5045.064772	-69.69612	-69.512286	0.0001
5045.054616	-134.354014	-134.158472	0.0001
5060.150821	-48.023166	-47.850327	0.0001
5060.153376	144.299482	144.480218	0.0001
5075.054438	42.109911	42.272212	0.0001
5075.052571	96.550772	96.721512	0.0001
5090.142215	-136.765718	-136.620144	0.0001
5090.143426	-167.413146	-167.258503	0.0001
5105.039415	65.396135	65.534485	0.0001
5105.041467	152.783628	152.91391	0.0001
5120.129002	41.589221	41.69528	0.0001
5120.126442	-174.162385	-174.062817	0.0001
5135.038173	-95.949036	-95.856497	0.0001
5135.023041	174.645576	174.726084	0.0001
5150.117499	6.757938	6.829255	0.0001
5165.022831	49.924883	49.984635	0.0001
5165.022215	-4.846648	-4.800056	0.0001
5180.097925	-64.072309	-64.038431	0.0001
5180.114627	35.989114	36.030554	0.0001
5195.015964	129.929552	129.949749	0.0001
5195.023132	117.998057	118.016493	0.0001
5210.088886	-30.069477	-30.07542	0.0001
5210.089534	-165.598386	-165.613997	0.0001
5225.186234	61.279159	61.262816	0.0001
5225.183301	-99.249811	-99.275073	0.0001
5240.074841	145.02801	144.9665	0.0001
5240.084013	145.433604	145.381851	0.0001
5255.165867	145.886041	145.804907	0.0001
5255.168785	-175.356234	-175.444772	0.0001
5270.072964	176.371381	176.288012	0.0001
5270.069225	-51.226828	-51.313454	0.0001
5285.163805	4.749063	4.646271	0.0001
5285.155685	-2.006294	-2.118571	0.0001
5300.068167	-62.947457	-63.075139	0.0001
5315.144715	-107.310867	-107.468643	0.0001
5315.152742	58.213502	58.054435	0.0001
5330.054472	174.032345	173.862786	0.0001
5330.048081	-137.064966	-137.247827	0.0001
5345.135225	-118.805685	-119.009381	0.0001
5345.132554	140.100858	139.898653	0.0001
5360.040877	-165.759432	-165.985327	0.0001
5360.038502	116.395193	116.171391	0.0001
5375.124407	48.991356	48.736489	0.0001
5375.132038	-28.096315	-28.333211	0.0001
5390.031199	167.086929	166.808065	0.0001
5405.120771	23.163336	22.861573	0.0001
5405.121772	-30.201874	-30.497215	0.0001
5420.017922	105.12397	104.799238	0.0001
5420.018562	-138.203971	-138.527481	0.0001
5435.102518	-89.153812	-89.510459	0.0001
5435.110997	73.363096	73.017012	0.0001
5450.001515	74.744922	74.362675	0.0001
5450.008834	-129.133128	-129.496058	0.0001
5465.099616	-176.188813	-176.58078	0.0001
5465.094099	-138.479305	-138.881114	0.0001
5480.184734	9.47508	9.045909	0.0001
5495.081559	-163.189902	-163.645238	0.0001
5495.083124	-150.332902	-150.787322	0.0001
5510.176956	9.501183	9.021403	0.0001
5510.173666	-123.601245	-124.084581	0.0001
5525.072696	129.289638	128.775839	0.0001
5525.073627	79.415848	78.898556	0.0001
5540.155247	166.372661	165.817409	0.0001
5540.152403	125.79128	125.247583	0.0001
5555.052585	-143.918842	-144.504011	0.0001
5555.064926	-119.675198	-120.256155	0.0001
5570.153879	59.774108	59.17649	0.0001
5585.043283	-104.397776	-105.025473	0.0001
5585.052404	59.552716	58.927769	0.0001
5600.144949	-90.612737	-91.270173	0.0001
5600.141928	149.826106	149.16382	0.0001
5615.045373	140.292366	139.606086	0.0001
5615.035622	102.19369	101.497718	0.0001
5630.130002	-8.596907	-9.320881	0.0001
5630.12282	50.642577	49.912722	0.0001
5645.032677	-102.856037	-103.609234	0.0001
5645.036601	8.764718	8.001247	0.0001
5660.118353	-22.912325	-23.701438	0.0001
5660.119581	-121.373918	-122.163583	0.0001
5675.019003	-50.51313	-51.336096	0.0001
5690.107388	-152.206522	-153.071362	0.0001
5690.111851	-28.491486	-29.342861	0.0001
5705.007888	93.219501	92.326752	0.0001
5705.008986	-151.698275	-152.588248	0.0001
5720.097084	106.296693	105.373283	0.0001
5720.093855	-41.35156	-42.279937	0.0001
5735.185155	-18.411396	-19.384083	0.0001
5735.187556	-148.646731	-149.611479	0.0001
5750.08474	-85.846961	-86.850294	0.0001
5765.17652	35.211372	34.180175	0.0001
5765.172731	-128.751412	-129.8001	0.0001
5780.076036	42.845152	41.76999	0.0001
5780.081191	-132.735166	-133.804611	0.0001
5795.162536	5.368411	4.251946	0.0001
5795.16134	-166.948495	-168.056353	0.0001
5810.062421	45.18974	44.042882	0.0001
5810.059913	-81.828628	-82.980826	0.0001
5825.144185	55.833041	54.631893	0.0001
5840.049402	109.540276	108.308436	0.0001
5840.049538	-55.348095	-56.585178	0.0001
5855.141316	171.930258	170.657151	0.0001
5855.139997	35.634266	34.360667	0.0001
5870.045271	5.743961	4.428312	0.0001
5870.042112	-155.917535	-157.23828	0.0001
5885.131561	-152.714783	-154.07305	0.0001
5885.124296	-93.492129	-94.853622	0.0001
5900.034344	169.396366	167.989671	0.0001
5900.031659	-169.473217	-170.870053	0.0001
5915.121336	-28.320769	-29.761182	0.0001
5915.122544	-85.246186	-86.688895	0.0001
5930.015562	150.977741	149.480841	0.0001
5945.106359	-73.556572	-75.094313	0.0001
5945.106051	58.733818	57.196653	0.0001
5960.200495	-137.382951	-138.961033	0.0001
5960.19274	-76.189675	-77.774788	0.0001
5975.090515	-95.226709	-96.860126	0.0001
5975.097559	89.049459	87.416387	0.0001
5990.189903	-134.858439	-136.52443	0.0001
5990.195198	-122.39449	-124.061969	0.0001
6005.085321	82.829318	81.109481	0.0001
6020.171763	174.072431	172.303307	0.0001
6020.181528	112.932684	111.162826	0.0001
6035.069133	93.391969	91.55289	0.0001
6035.07757	-116.964144	-118.778563	0.0001
6050.163818	64.280278	62.400746	0.0001
6050.159937	-43.302689	-45.187521	0.0001
6065.060479	79.943311	78.012199	0.0001
6065.066836	95.627257	93.701485	0.0001
6080.150223	29.054768	27.071995	0.0001
6095.057043	50.58966	48.554336	0.0001
6095.054808	104.014855	101.980081	0.0001
6110.145147	-82.380869	-84.474887	0.0001
6110.142089	116.154068	114.061039	0.0001
6125.058123	-83.897069	-86.038589	0.0001
6125.03845	-33.510619	-35.647471	0.0001
6140.135506	7.411595	5.222713	0.0001
6140.133058	103.97434	101.769562	0.0001
6155.026016	3.490736	1.23214	0.0001
6155.036376	65.832294	63.570496	0.0001
6170.118414	8.86309	6.539601	0.0001
6170.12081	-148.964757	-151.306994	0.0001
6185.013845	140.811914	138.425047	0.0001
6200.112619	-153.966047	-156.416102	0.0001
6200.111082	-103.566784	-106.00839	0.0001
6215.193327	89.126045	86.609029	0.0001
6215.194766	-34.22269	-36.744647	0.0001
6230.095162	-111.854568	-114.436138	0.0001
6230.096867	-168.397117	-170.973433	0.0001
6245.192857	-162.585485	-165.228239	0.0001
6245.186747	108.744245	106.10758	0.0001
6260.09131	45.485296	42.782516	0.0001
6275.177296	27.052953	24.290859	0.0001
6275.175249	65.696948	62.92472	0.0001
6290.066279	1.322079	-1.525529	0.0001
6290.074483	-48.03061	-50.872832	0.0001
6305.166824	18.8872	15.977878	0.0001
6305.16835	127.889611	124.982411	0.0001
6320.063296	-127.423792	-130.408267	0.0001
6320.061908	20.793832	17.81366	0.0001
6335.156644	-82.036092	-85.086175	0.0001
6350.056936	-21.620151	-24.749068	0.0001
6350.048639	-5.64121	-8.766946	0.0001
6365.142347	56.895046	53.703113	0.0001
6365.143295	-13.346399	-16.538205	0.0001
6380.03912	-152.486421	-155.76271	0.0001
6380.040504	-109.545274	-112.818828	0.0001
6395.123607	179.045105	175.680626	0.0001
6395.135369	-164.865293	-168.220263	0.0001
6410.031651	-87.164493	-90.605101	0.0001
6410.037672	-93.757642	-97.186927	0.0001
6425.136528	142.114513	138.616735	0.0001
6440.020965	147.541063	143.948274	0.0001
6440.024723	-47.699798	-51.29942	0.0001
6455.110162	109.202096	105.522194	0.0001
6455.11256	105.279157	101.601315	0.0001
6470.193064	105.413443	101.652285	0.0001
6485.099798	68.77711	64.92513	0.0001
6485.104592	-132.78431	-136.626626	0.0001
6500.184648	-122.110733	-126.040695	0.0001
6500.188961	-8.924488	-12.861437	0.0001
6515.084305	127.403343	123.38178	0.0001
6515.095391	49.299307	45.294986	0.0001
6530.178655	-139.076077	-143.189844	0.0001
6536.084185	-80.763759	-84.843082	0.0001
6545.075656	51.002854	46.808561	0.0001
6560.162463	115.089627	110.79703	0.0001
6560.168857	42.465495	38.173655	0.0001
6575.070753	173.756291	169.373875	0.0001
6575.069238	78.791154	74.403896	0.0001
6590.160867	166.018851	161.543683	0.0001
6590.158518	-92.400562	-96.885909	0.0001
6605.062013	9.182329	4.607787	0.0001
6620.146066	-148.333643	-153.013064	0.0001
6620.142488	13.603036	8.923001	0.0001
6635.03503	164.943494	160.150341	0.0001
6635.046645	128.669429	123.884472	0.0001
6650.139255	2.87589	-1.998176	0.0001
6650.141553	-109.128747	-114.004628	0.0001
6665.034672	-93.330401	-98.313439	0.0001
6665.046403	68.458878	63.484552	0.0001
6680.122812	-97.877818	-102.965252	0.0001
6695.2083	-46.538978	-51.740597	0.0001
6695.21049	146.54878	141.35067	0.0001
6710.112342	60.649965	55.349048	0.0001
6710.10924	159.904872	154.592779	0.0001
6725.195505	-166.49073	-171.908746	0.0001
6725.198985	35.608949	30.199976	0.0001
6740.100773	-48.040032	-53.565456	0.0001
6740.102749	-138.509808	-144.029254	0.0001
6755.19312	-60.605052	-66.231966	0.0001
6770.098163	37.507946	31.768292	0.0001
6770.090608	-103.915631	-109.651549	0.0001
6785.176156	-22.954439	-28.805835	0.0001
6785.176962	11.593316	5.726539	0.0001
6800.07698	-24.782595	-30.76056	0.0001
6800.079964	175.063609	169.092672	0.0001
6815.165747	58.714131	52.633657	0.0001
6830.074866	-126.143389	-132.33802	0.0001
6830.069795	-125.642057	-131.844076	0.0001
6845.160351	-121.154761	-127.466848	0.0001
6845.154258	47.751286	41.433187	0.0001
6860.054628	11.375114	4.948758	0.0001
6860.055641	164.653014	158.227511	0.0001
6875.144988	94.464565	87.916253	0.0001
6875.144308	-31.250255	-37.799676	0.0001
6890.048535	-54.482269	-61.137556	0.0001
6905.134333	-19.907795	-26.677803	0.0001
6905.138492	-115.281044	-122.054628	0.0001
6920.034595	112.369349	105.477507	0.0001
6920.038117	-38.552168	-45.445835	0.0001
6935.120866	-144.876607	-151.884225	0.0001
6935.123882	-2.435212	-9.438144	0.0001
6950.211355	-33.372933	-40.491334	0.0001
6965.116774	140.984567	133.767431	0.0001
6965.112066	146.6277	139.40334	0.0001
6980.195303	26.259349	18.914223	0.0001
6980.203236	167.110924	159.779662	0.0001
6995.100229	154.445322	147.009124	0.0001
6997.420861	23.466405	15.910028	0.0001
7010.191778	42.664344	35.131647	0.0001
7025.079693	-132.719466	-140.35535	0.0001
7025.092912	-107.185607	-114.820721	0.0001
7040.172521	-136.661071	-144.391414	0.0001
7040.174015	39.751588	32.012462	0.0001
7055.072243	-117.017333	-124.840179	0.0001
7070.16349	-107.579223	-115.478437	0.0001
7070.16357	113.326523	105.418452	0.0001
7085.067533	-85.216548	-93.199364	0.0001
7085.069639	-5.759456	-13.721764	0.0001
7100.157204	-142.125677	-150.167759	0.0001
7115.051407	-164.080942	-172.178578	0.0001
7115.060028	-178.744276	173.168359	0.0001
7130.150525	164.758099	156.628893	0.0001
7130.147464	-66.432797	-74.563884	0.0001
7145.043475	-98.842742	-107.006731	0.0001
7145.053051	-7.013573	-15.163376	0.0001
7160.134566	176.107919	167.918807	0.0001
7160.138121	-9.428927	-17.616709	0.0001
7175.032258	-47.180453	-55.38015	0.0001
7190.121386	-59.441198	-67.622121	0.0001
7190.125485	170.060751	161.876824	0.0001
7205.203292	85.671482	77.521976	0.0001
7205.198679	170.825885	162.663294	0.0001
7220.11466	-116.613804	-124.711591	0.0001
7235.202217	-89.056627	-97.082963	0.0001
7235.19979	111.752985	103.727549	0.0001
7250.100963	-79.439969	-87.376815	0.0001
7250.108035	26.582806	18.661408	0.0001
7265.189028	34.978997	27.166309	0.0001
7265.192873	-98.310803	-106.10997	0.0001
7280.085026	25.39247	17.732662	0.0001
7295.17583	-42.271957	-49.752809	0.0001
7295.176287	-58.565768	-66.023878	0.0001
7310.074413	-129.37121	-136.628973	0.0001
7310.083447	-40.644155	-47.883986	0.0001
7325.16025	-168.431103	-175.441741	0.0001
7336.587516	-102.437162	-109.734688	0.0001
7340.069479	57.360835	50.658443	0.0001
7355.148606	40.130976	33.736893	0.0001
7355.154153	-51.178902	-57.548848	0.0001
7370.058328	-114.039428	-120.033861	0.0001
7370.058313	16.977864	10.990931	0.0001
7385.149149	-79.485955	-85.071818	0.0001
7400.051744	-130.426703	-135.526385	0.0001
7400.050648	137.611021	132.509582	0.0001
7415.131172	164.878116	160.269769	0.0001
7415.134982	-2.883953	-7.476419	0.0001
7430.217411	49.753105	45.730531	0.0001
7445.1175	-139.608418	-143.054996	0.0001
7445.121127	165.218316	161.794032	0.0001
7460.206508	-33.076613	-35.84667	0.0001
7460.208683	-6.47302	-9.218695	0.0001
7475.113224	-177.390302	-179.436992	0.0001
7475.112997	105.375809	103.348125	0.0001
7490.19847	78.65613	77.36414	0.0001
7505.101276	-162.602484	-163.107969	0.0001
7505.100612	-51.68577	-52.163129	0.0001
7520.18229	16.6276	16.974661	0.0001
7520.196982	-106.136949	-105.761243	0.0001
7535.088075	145.721041	146.945191	0.0001
7535.093584	161.240774	162.506549	0.0001
7550.18206	90.395188	92.559636	0.0001
7565.087646	166.582074	169.682397	0.0001
7565.079286	62.809374	65.896916	0.0001
7580.167438	137.923307	142.007232	0.0001
7580.161473	-100.810713	-96.73911	0.0001
7595.077526	155.957088	161.013134	0.0001
7595.058298	26.720731	31.775962	0.0001
7610.159678	-30.347546	-24.282695	0.0001
7625.053876	23.841286	30.889213	0.0001
7625.06441	142.347629	149.41481	0.0001
7640.152358	41.667903	49.733835	0.0001
7640.147477	-99.165332	-91.087581	0.0001
7655.046738	-76.245476	-67.17904	0.0001
7666.534187	128.234963	136.902774	0.0001
7670.141919	-83.987374	-73.920295	0.0001
7685.232279	48.990377	60.047086	0.0001
7685.225482	-130.044339	-118.997127	0.0001
7700.109997	-92.496783	-80.546731	0.0001
7700.117908	159.75257	171.729041	0.0001
7715.208205	56.637523	69.536245	0.0001
7730.107206	-46.25876	-32.473087	0.0001
7730.110424	123.845749	137.62126	0.0001
7745.19937	16.590561	31.233842	0.0001
7745.19985	91.518632	106.147616	0.0001
7760.100122	-89.744939	-74.300821	0.0001
7775.183897	162.537287	178.767839	0.0001
7775.202589	52.529949	68.758595	0.0001
7790.086087	169.733994	-173.331026	0.0001
7790.089985	-158.88944	-141.959503	0.0001
7805.175851	40.414881	58.053435	0.0001
7805.178345	173.321032	-169.072669	0.0001
7820.084179	-178.6803	-160.416333	0.0001
7835.164341	-69.891462	-51.019046	0.0001
7835.172585	-110.059208	-91.178612	0.0001
7850.065829	-51.122413	-31.710419	0.0001
7850.070745	-20.410405	-0.981721	0.0001
7865.161469	35.528804	55.47211	0.0001
7880.058855	10.576966	30.994632	0.0001
7880.057819	113.342955	133.743236	0.0001
7895.144859	87.121803	107.983031	0.0001
7895.13791	141.698552	162.527712	0.0001
7910.042876	-11.475364	9.769348	0.0001
7925.1318	32.703551	54.318671	0.0001
7925.137901	-89.435952	-67.825743	0.0001
7940.213683	127.935313	149.86362	0.0001
7940.227669	167.365627	-170.685038	0.0001
7955.120599	-36.866389	-14.634923	0.0001
7970.213407	-129.757019	-107.238418	0.0001
7970.207887	-156.267544	-133.771901	0.0001
7985.107838	171.448196	-165.817529	0.0001
7985.116488	162.494605	-174.766599	0.0001
8000.205625	40.417073	63.380328	0.0001
8015.106608	-114.449022	-91.301558	0.0001
8015.10719	-160.146399	-136.997535	0.0001
8030.190287	29.593979	52.890906	0.0001
8030.190314	62.605072	85.907448	0.0001
8045.086983	-37.847087	-14.403522	0.0001
8060.173126	146.973672	170.534158	0.0001
8060.177334	-139.168368	-115.611306	0.0001
8075.076485	94.745233	118.406269	0.0001
8076.602502	175.72172	-160.625109	0.0001
8090.164652	75.978151	99.725504	0.0001
8105.069378	-124.491601	-100.675366	0.0001
8105.072302	-122.609243	-98.792523	0.0001
8120.160019	103.462563	127.33509	0.0001
8120.161588	-149.176278	-125.305901	0.0001
8135.065973	-80.549233	-56.647808	0.0001
8150.148641	-156.160761	-132.220134	0.0001
8150.145457	-40.454805	-16.522851	0.0001
8165.238709	-68.62453	-44.681749	0.0001
8165.235713	154.96466	178.91401	0.0001
8180.12372	-40.145456	-16.196088	0.0001
8195.229904	-106.311571	-82.375168	0.0001
8195.226554	-15.133556	8.817183	0.0001
8210.12642	100.20949	124.133625	0.0001
8210.123587	-6.448792	17.478144	0.0001
8225.21236	169.085314	-167.01394	0.0001
8240.122318	-62.380813	-38.500724	0.0001
8240.116344	47.921319	71.800384	0.0001
8255.208619	145.366896	169.203586	0.0001
8255.197977	74.285392	98.119202	0.0001
8270.097982	148.680104	172.467893	0.0001
8285.191425	125.166542	148.913368	0.0001
8285.195151	3.281733	27.026784	0.0001
8300.087427	49.094187	72.771843	0.0001
8300.097862	162.504975	-173.795278	0.0001
8315.17916	-1.528208	22.09524	0.0001
8330.092417	-104.144936	-80.573518	0.0001
8330.083253	-52.95574	-29.385841	0.0001
8345.16291	-30.262958	-6.794138	0.0001
8345.169185	124.026964	147.52064	0.0001
8360.076713	-136.577318	-113.14051	0.0001
8375.157836	37.37012	60.722174	0.0001
8375.154716	166.588577	-170.060334	0.0001
8390.06059	-57.357451	-34.089929	0.0001
8390.069027	10.847091	34.115112	0.0001
8405.147493	-136.59789	-113.397224	0.0001
8420.232261	140.096155	163.202719	0.0001
8420.229772	-119.043011	-95.936674	0.0001
8435.132137	100.003894	123.030679	0.0001
8450.22415	-135.484407	-112.559063	0.0001
8450.225221	-62.303717	-39.363913	0.0001
8465.127167	-45.876248	-23.015707	0.0001
8465.125194	150.647767	173.503036	0.0001
8480.216534	-25.45567	-2.688048	0.0001
8495.115749	-118.029455	-95.354907	0.0001
8495.111996	-97.019883	-74.340948	0.0001
8510.196266	53.54474	76.121813	0.0001
8510.210021	83.468173	106.057088	0.0001
8525.106418	136.880293	159.377833	0.0001
8540.191426	-71.953679	-49.540162	0.0001
8540.189266	-119.088208	-96.684605	0.0001
8555.099182	-145.624983	-123.300793	0.0001
8555.090617	140.833642	163.153542	0.0001
8570.187987	83.284948	105.512128	0.0001
8585.078769	-27.485178	-5.357962	0.0001
8585.084077	146.82537	168.95693	0.0001
8600.174166	-134.297462	-112.261983	0.0001
8615.068884	-50.167136	-28.225744	0.0001
8615.071058	92.657534	114.601342	0.0001
8630.152058	84.475398	106.308101	0.0001
8630.161733	125.751726	147.611745	0.0001
8645.067958	132.678208	154.449274	0.0001
8660.147769	-22.960227	-1.291974	0.0001
8660.153565	-99.961699	-78.286464	0.0001
8675.229289	-108.406654	-86.833489	0.0001
8676.75822	52.363967	74.008144	0.0001
8690.130734	172.57363	-165.94115	0.0001
8705.227531	-57.037566	-35.636857	0.0001
8705.227496	-7.649025	13.749818	0.0001
8720.121776	-8.583976	12.719282	0.0001
8735.21431	174.692709	-164.096111	0.0001
8735.212074	-44.031239	-22.809051	0.0001
8750.108687	88.482598	109.612474	0.0001
8765.196328	-117.655195	-96.621265	0.0001
8765.203177	-173.74355	-152.699053	0.0001
8780.097951	39.135191	60.091663	0.0001
8780.108711	95.542966	116.516687	0.0001
8795.198224	89.681813	110.57723	0.0001
8810.085977	176.192534	-163.022124	0.0001
8810.089354	142.233871	163.036192	0.0001
8825.174855	116.652789	137.364188	0.0001
8840.08871	95.556279	116.193115	0.0001
8840.081594	-111.271405	-90.647107	0.0001
8855.164996	-153.218782	-132.680945	0.0001
8855.171321	47.400635	67.950222	0.0001
8870.074492	167.94052	-171.581737	0.0001
8885.160672	178.426634	-161.178702	0.0001
8885.157964	76.190121	96.578193	0.0001
8900.247393	140.389864	160.707423	0.0001
8915.146165	-61.752084	-41.531002	0.0001
8915.148421	-1.009559	19.226206	0.0001
8930.242526	-45.681074	-25.512227	0.0001
8945.138669	-153.838964	-133.752039	0.0001
8945.141779	170.626622	-169.287411	0.0001
8960.228722	148.38351	168.387288	0.0001
8975.116816	-94.938002	-75.033631	0.0001
8975.125931	-19.886115	0.049042	0.0001
8990.222343	39.780352	59.641391	0.0001
8990.213538	-94.196901	-74.338542	0.0001
9005.121392	68.645325	88.437332	0.0001
9020.201082	62.082493	81.795156	0.0001
9020.204432	52.887226	72.60199	0.0001
9035.114957	-124.214771	-104.555619	0.0001
9050.185091	-127.039816	-107.478673	0.0001
9050.178512	169.345282	-171.105463	0.0001
9065.091033	-64.153297	-44.651878	0.0001
9071.126214	165.218222	-175.197852	0.0001
9080.173586	83.74509	103.16819	0.0001
9095.078059	-55.550492	-36.199505	0.0001
9095.081253	73.787241	93.151584	0.0001
9110.177275	-124.99471	-105.689099	0.0001
9125.073555	125.004957	144.241543	0.0001
9125.067188	88.469751	107.703941	0.0001
9140.165814	-158.600534	-139.418828	0.0001
9155.253087	-26.303968	-7.203825	0.0001
9155.250465	-130.467261	-111.356352	0.0001
9170.148817	145.379391	164.41626	0.0001
9185.244738	-156.682486	-137.69079	0.0001
9185.235134	30.247379	49.234303	0.0001
9200.125255	-128.827277	-109.911155	0.0001
9215.21921	-46.332655	-27.477044	0.0001
9215.223893	-40.915212	-22.052231	0.0001
9230.131887	83.44244	102.261506	0.0001
9230.131284	-85.737028	-66.929513	0.0001
9245.211215	-83.177047	-64.420915	0.0001
9260.110109	116.562938	135.251321	0.0001
9260.125386	73.940535	92.638651	0.0001
9275.20622	178.298467	-163.058439	0.0001
9290.105889	-93.528466	-74.942384	0.0001
9290.110852	30.19907	48.775212	0.0001
9305.192453	-118.394111	-99.881518	0.0001
9320.106093	-103.710742	-85.243844	0.0001
9320.087575	62.757345	81.218809	0.0001
9335.179438	-59.336111	-40.937347	0.0001
9335.189807	-8.389173	10.022054	0.0001
9350.084044	-155.217287	-136.862042	0.0001
9365.179017	29.266005	47.584539	0.0001
9365.17631	148.664392	166.981167	0.0001
9380.078475	131.64754	149.915683	0.0001
9395.170608	162.447492	-179.330022	0.0001
9395.156005	66.34221	84.55553	0.0001
9410.253158	148.084732	166.244814	0.0001
9425.139386	79.087212	97.19175	0.0001
9425.159057	19.744798	37.869854	0.0001
9440.238185	-119.077355	-101.015497	0.0001
9455.139545	84.553954	102.573436	0.0001
9455.135738	-30.423173	-12.407565	0.0001
9470.224269	-141.81557	-123.848226	0.0001
9485.13349	95.910569	113.837458	0.0001
9485.132748	-47.552193	-29.626645	0.0001
9500.219202	-103.515647	-85.637164	0.0001
9515.115912	-59.412793	-41.588285	0.0001
9515.117341	135.46071	153.289893	0.0001
9530.202099	-73.296018	-55.505118	0.0001
9541.706031	-14.910147	2.902474	0.0001
9545.109435	145.936053	163.68287	0.0001
9560.197549	-103.407787	-85.697054	0.0001
9560.192704	-0.186325	17.515616	0.0001
9575.099552	58.31055	75.969972	0.0001
9590.177594	-165.925992	-148.300322	0.0001
9590.189673	29.652489	47.273956	0.0001
9605.072522	-124.407483	-106.841653	0.0001
9620.17716	-139.343582	-121.790784	0.0001
9620.175558	9.894196	27.435707	0.0001
9635.258204	-15.438651	2.068531	0.0001
9650.158626	94.598332	112.05919	0.0001
9650.168342	-37.379704	-19.906136	0.0001
9665.243383	71.714255	89.139348	0.0001
9680.155594	-128.373547	-110.990881	0.0001
9680.151347	33.171333	50.552896	0.0001
9695.234849	-8.608539	8.734659	0.0001
9710.136006	148.198913	165.509639	0.0001
9710.137035	-91.793803	-74.474357	0.0001
9725.226412	110.435539	127.712557	0.0001
9740.133829	5.929613	23.176685	0.0001
9740.122763	91.53356	108.762966	0.0001
9755.212633	-156.637142	-139.432297	0.0001
9770.118999	-35.230387	-18.051394	0.0001
9770.120462	35.553775	52.726332	0.0001
9785.210018	171.776205	-171.100967	0.0001
9800.109835	-97.79906	-80.694597	0.0001
9800.112273	-175.991103	-158.888827	0.0001
9815.191456	49.928012	66.984941	0.0001
9830.095699	70.021862	87.05575	0.0001
9830.093619	-54.131653	-37.100787	0.0001
9845.186766	-117.801417	-100.800623	0.0001
9845.188749	-95.634435	-78.627593	0.0001
9860.086543	-145.133671	-128.163296	0.0001
9875.174608	-32.347395	-15.413938	0.0001
9875.169067	-4.023477	12.909984	0.0001
9890.258356	-68.147886	-51.243413	0.0001
9905.158688	-52.828301	-35.95012	0.0001
9905.163444	161.785732	178.660022	0.0001
9920.244651	73.686819	90.529722	0.0001
9935.158368	-127.689415	-110.863623	0.0001
9935.153819	142.601336	159.416817	0.0001
9950.241602	-4.280358	12.511163	0.0001
9965.135992	130.544517	147.297601	0.0001
9965.14482	96.955713	113.719973	0.0001
9980.228492	174.449994	-168.817818	0.0001
9995.13079	-156.518417	-139.823131	0.0001
9995.129524	95.699547	112.40438	0.0001
10010.22104	37.72635	54.404926	0.0001
10025.11966	-82.279851	-65.625597	0.0001
10025.12042	-35.506863	-18.854381	0.0001
10040.21167	-19.250229	-2.6219	0.0001
10055.10267	159.141565	175.737366	0.0001
10055.10681	-43.175703	-26.574848	0.0001
10070.19779	-9.707656	6.864237	0.0001
10085.10473	9.451218	26.006146	0.0001
10085.09826	92.392215	108.943419	0.0001
10100.18608	28.121891	44.637303	0.0001
10115.08264	48.088073	64.580819	0.0001
10115.08344	75.137039	91.631577	0.0001
10130.16711	-40.505821	-24.031441	0.0001
10145.25996	-48.016669	-31.566459	0.0001
10160.15443	149.015997	165.443785	0.0001
10160.15906	-38.405474	-21.989705	0.0001
10175.25072	100.676245	117.076482	0.0001
10190.153	51.078438	67.460167	0.0001
10190.14322	-54.635484	-38.252693	0.0001
10205.23442	156.370527	172.725933	0.0001
10220.13822	-169.706381	-153.363613	0.0001
10220.14016	69.71984	86.057404	0.0001
10235.21966	-99.146792	-82.836935	0.0001
10250.12199	-11.359819	4.936045	0.0001
10250.13322	36.889109	53.184846	0.0001
10265.21552	-85.945652	-69.666276	0.0001
10280.11254	69.865336	86.119238	0.0001
10280.12197	-44.820714	-28.563448	0.0001
10295.20867	-177.187991	-160.93761	0.0001
10310.11289	-163.58556	-147.366611	0.0001
10310.11374	-85.754145	-69.530076	0.0001
10325.19913	27.314553	43.524218	0.0001
10340.09105	-171.834057	-155.65343	0.0001
10340.10285	140.00444	156.201031	0.0001
10355.17897	-152.979265	-136.823339	0.0001
10370.27243	52.811132	68.938709	0.0001
10370.27129	-82.718371	-66.585754	0.0001
10385.17446	-109.191937	-93.076955	0.0001
10400.2696	38.911194	55.03185	0.0001
10400.26253	16.237381	32.335744	0.0001
10415.17312	-161.134309	-145.041544	0.0001
10430.25384	128.292215	144.368366	0.0001
10430.24915	19.60197	35.673499	0.0001
10445.15337	88.306961	104.368047	0.0001
10460.23185	-131.752283	-115.725446	0.0001
10460.23647	-38.85087	-22.813794	0.0001
10475.13827	-165.468938	-149.454178	0.0001
10490.23464	100.096972	116.110879	0.0001
10490.22546	177.075184	-166.918081	0.0001
10505.12556	-94.602332	-78.607509	0.0001
10520.2135	64.922189	80.899334	0.0001
10520.22723	23.646242	39.62821	0.0001
10535.12227	-120.691485	-104.726903	0.0001
10550.20618	141.526462	157.465286	0.0001
10550.21017	-41.536497	-25.586917	0.0001
10565.11662	-106.927888	-90.993997	0.0001
10580.19371	178.90074	-165.184418	0.0001
10580.19313	146.625282	162.546465	0.0001
10595.10274	-127.909873	-111.999693	0.0001
10610.18981	26.231945	42.121236	0.0001
10610.18585	106.119756	122.011078	0.0001
10625.27672	-173.263813	-157.38634	0.0001
10640.16958	159.087971	174.941002	0.0001
10640.17681	110.866122	126.726031	0.0001
10655.26494	-160.256943	-144.408221	0.0001
10670.16458	-151.237809	-135.415959	0.0001
10670.16443	-93.830968	-77.995475	0.0001
10685.25576	28.578753	44.40105	0.0001
10700.15723	-76.169218	-60.361764	0.0001
10700.14785	21.433702	37.23772	0.0001
10715.24514	-6.641336	9.157915	0.0001
10730.14162	-68.271488	-52.492503	0.0001
10730.1383	126.415788	142.196105	0.0001
10745.22274	-114.719065	-98.95024	0.0001
10760.12457	-10.864024	4.901725	0.0001
10760.14694	147.013566	162.781558	0.0001
10775.20527	16.594182	32.332529	0.0001
10790.1244	-44.476233	-28.730883	0.0001
10790.1258	-68.740122	-53.000903	0.0001
10805.20084	-148.006337	-132.284893	0.0001
10820.10955	-33.590787	-17.871276	0.0001
10820.11399	156.338834	172.066027	0.0001
10835.19306	-76.313864	-60.611055	0.0001
10850.09428	169.802988	-174.503645	0.0001
10865.18727	-1.605698	14.080222	0.0001
10865.18941	-147.491694	-131.797462	0.0001
10880.27169	-33.31796	-17.635685	0.0001
10895.17146	-106.037683	-90.375557	0.0001
10895.17051	8.732565	24.384202	0.0001
10910.26052	-98.175952	-82.519513	0.0001
10925.16144	12.427125	28.068076	0.0001
10925.16051	164.683492	-179.669364	0.0001
10940.25054	-122.903962	-107.275487	0.0001
10955.15759	164.720354	-179.65235	0.0001
10955.15766	-78.604519	-62.969332	0.0001
10970.25262	-121.602679	-105.984071	0.0001
10985.14245	-58.14369	-42.527055	0.0001
11000.21977	179.354414	-165.040207	0.0001
11000.23079	-32.467151	-16.870097	0.0001
11015.12761	-2.173536	13.41304	0.0001
11030.21998	155.089145	170.674651	0.0001
11030.21904	-40.395249	-24.8166	0.0001
11045.1212	96.278422	111.853877	0.0001
11060.20941	86.872256	102.452052	0.0001
11060.20481	38.389604	53.961635	0.0001
11075.10474	75.741594	91.29557	0.0001
11090.20479	-59.200224	-43.634272	0.0001
11105.29261	-145.863266	-130.325418	0.0001
11105.30667	165.508521	-178.918905	0.0001
11120.18962	25.7652	41.290268	0.0001
11135.27544	65.11775	80.657141	0.0001
11135.27423	-6.340448	9.186708	0.0001
11150.18306	-70.202365	-54.660153	0.0001
11165.25786	74.837973	90.343686	0.0001
11165.2726	102.719725	118.241099	0.0001
11180.16702	-72.178869	-56.654093	0.0001
11195.25745	-84.18993	-68.687843	0.0001
11195.24604	76.061304	91.566923	0.0001
11210.1538	-48.784283	-33.279009	0.0001
11225.23753	-86.127388	-70.635361	0.0001
11225.24328	165.226679	-179.281881	0.0001
11240.15782	61.1703	76.658374	0.0001
11255.23565	37.228334	52.718289	0.0001
11255.23001	91.035185	106.517013	0.0001
11270.12417	-93.798202	-78.330079	0.0001
11285.22593	-73.765765	-58.288557	0.0001
11289.40307	56.685327	72.173375	0.0001
11300.11944	176.934652	-167.607027	0.0001
11315.21112	48.647028	64.104565	0.0001
11330.11512	44.579349	60.029558	0.0001
11330.10058	0.069561	15.52412	0.0001
11345.19703	-119.556312	-104.109844	0.0001
11360.29256	-101.26674	-85.815358	0.0001
11360.28955	5.995907	21.447663	0.0001
11375.18753	-24.469659	-9.040165	0.0001
11390.28798	153.212868	168.657051	0.0001
11405.17998	127.557527	142.993568	0.0001
11405.18121	-169.572087	-154.127398	0.0001
11420.25715	-159.676136	-144.247372	0.0001
11435.16224	109.48921	124.917721	0.0001
11435.16665	77.158043	92.57811	0.0001
11450.25422	178.077526	-166.509497	0.0001
11465.15384	-85.578857	-70.16466	0.0001
11480.24737	-31.79999	-16.380586	0.0001
11480.24365	-95.917896	-80.511339	0.0001
11495.14662	96.043423	111.459068	0.0001
11510.22619	-11.66775	3.742657	0.0001
11512.86741	-89.050432	-73.638969	0.0001
11525.14079	-150.398203	-134.988216	0.0001
11540.21972	-100.338623	-84.949573	0.0001
11555.11703	14.747114	30.13516	0.0001
11555.12712	174.796884	-169.800907	0.0001
11570.20712	123.070368	138.461152	0.0001
11585.11013	99.620439	115.006341	0.0001
11585.12348	-137.575361	-122.173539	0.0001
11600.20064	9.197896	24.589761	0.0001
11615.294	-87.662683	-72.268168	0.0001
11630.19629	87.044146	102.435366	0.0001
11630.19784	-109.002953	-93.61994	0.0001
11645.27756	-71.122713	-55.737316	0.0001
11660.17806	36.416709	51.798947	0.0001
11660.1781	30.469363	45.84385	0.0001
11675.27196	58.445999	73.817565	0.0001
11690.17242	164.650846	-179.971191	0.0001
11705.24845	-111.819028	-96.452987	0.0001
11705.25763	113.110009	128.486232	0.0001
11720.15	158.777887	174.142783	0.0001
11735.25177	-91.821946	-76.450122	0.0001
11735.24687	149.771531	165.148421	0.0001
11750.14148	68.933434	84.293364	0.0001
11765.23674	-5.819684	9.544353	0.0001
11780.13238	-31.091557	-15.737376	0.0001
11780.1388	72.498734	87.873502	0.0001
11795.22887	-36.801204	-21.429438	0.0001
11810.12753	59.059067	74.425019	0.0001
11810.13644	-5.146742	10.228203	0.0001
11825.21188	-40.81646	-25.456636	0.0001
11840.29477	-117.43131	-102.079162	0.0001
11855.19937	120.463292	135.824244	0.0001
11855.19636	41.369025	56.720508	0.0001
11870.28471	-94.936872	-79.583343	0.0001
11885.18872	53.503863	68.857229	0.0001
11885.19527	-81.894807	-66.540609	0.0001
11900.27887	-170.691686	-155.328631	0.0001
11915.18287	-154.812079	-139.458497	0.0001
11930.26414	128.559506	143.910425	0.0001
11930.26506	126.867839	142.210353	0.0001
11945.16671	-40.194969	-24.840021	0.0001
11960.25126	63.607413	78.952026	0.0001
11960.26258	-15.265903	0.092966	0.0001
11975.15608	-172.097164	-156.746915	0.0001
11990.24135	137.244282	152.589199	0.0001
12005.14922	-161.533946	-146.169792	0.0001
12005.14054	18.555209	33.897836	0.0001
12020.24296	102.14269	117.5001	0.0001
12035.13567	47.07242	62.43167	0.0001
12050.22441	82.08009	97.441891	0.0001
12050.22645	103.408722	118.765578	0.0001
12065.12824	-31.74911	-16.392954	0.0001
12080.20565	-89.816879	-74.471779	0.0001
12080.21366	-11.941711	3.415636	0.0001
12095.30245	47.938364	63.303521	0.0001
12110.19707	-87.534988	-72.172043	0.0001
12114.40024	102.643428	118.006159	0.0001
12125.2885	72.070434	87.42952	0.0001
12140.19437	-31.854652	-16.502575	0.0001
12155.28148	-119.532319	-104.173178	0.0001
12155.27263	110.921783	126.277554	0.0001
12170.18816	141.504066	156.874186	0.0001
12185.2652	130.52558	145.884369	0.0001
12200.17531	14.0449	29.401823	0.0001
12200.17656	-135.359363	-119.994244	0.0001
12215.25475	72.464336	87.822964	0.0001
12230.16504	-130.957574	-115.593493	0.0001
12230.15787	-111.713113	-96.353406	0.0001
12245.24732	154.193002	169.559953	0.0001
12260.15112	-3.072433	12.298002	0.0001
12275.23097	-44.769838	-29.405609	0.0001
12275.23223	102.231837	117.597105	0.0001
12290.13413	-50.077772	-34.714203	0.0001
12305.22683	144.609855	159.98102	0.0001
12320.12341	114.662818	130.028486	0.0001
12320.13509	-44.046156	-28.675878	0.0001
12335.21602	85.58481	100.954066	0.0001
12350.29635	126.913855	142.291881	0.0001
12350.30278	-71.742253	-56.366609	0.0001
12365.19482	65.45954	80.832769	0.0001
12380.28656	4.56261	19.920799	0.0001
12395.19171	-132.836939	-117.462415	0.0001
12409.35152	67.740181	83.114951	0.0001
12410.27495	119.811074	135.183836	0.0001
12425.17627	-145.97456	-130.596953	0.0001
12440.26182	-170.106924	-154.73563	0.0001
12440.26857	-159.213148	-143.834287	0.0001
12455.16725	99.363458	114.746868	0.0001
12470.25375	52.252565	67.648491	0.0001
12485.15821	-57.828561	-42.438768	0.0001
12485.15623	41.851855	57.250668	0.0001
12500.27537	-63.141254	-47.745406	0.0001
12515.14073	-63.744217	-48.364424	0.0001
12516.64601	138.800748	154.190438	0.0001
12530.23128	121.448868	136.847173	0.0001
12545.13579	73.932057	89.340515	0.0001
12560.22511	-123.355375	-107.949992	0.0001
12560.229	171.365829	-173.225335	0.0001
12575.3078	58.387588	73.793247	0.0001
12590.21625	73.610741	89.026754	0.0001
12605.30721	-162.808793	-147.398233	0.0001
12605.29863	79.701673	95.111683	0.0001
12620.19762	-93.376591	-77.970973	0.0001
12635.28558	-21.381758	-5.969953	0.0001
12650.18976	171.876887	-172.698006	0.0001
12650.19192	155.030864	170.454299	0.0001
12665.28862	172.303336	-172.264414	0.0001
12680.17816	155.860307	171.286317	0.0001
12691.72104	87.171549	102.584453	0.0001
12695.2612	170.32982	-174.248299	0.0001
12710.16789	-152.204056	-136.767775	0.0001
12725.25474	76.5576	91.992342	0.0001
12725.25713	-52.586356	-37.147581	0.0001
12740.15238	-80.250836	-64.818275	0.0001
12755.24235	159.942288	175.376134	0.0001
12770.14944	63.066579	78.507255	0.0001
12770.14482	134.640554	150.091764	0.0001
12785.22108	64.492615	79.934103	0.0001
12800.13539	107.818707	123.281204	0.0001
12800.12787	1.915331	17.366384	0.0001
12815.22172	-1.025657	14.434034	0.0001
12830.31661	151.866236	167.337687	0.0001
12845.20445	-154.710845	-139.254209	0.0001
12845.20974	9.301212	24.768527	0.0001
12860.29897	62.326096	77.799371	0.0001
12875.20197	79.468366	94.944321	0.0001
12890.28945	-80.230429	-64.751569	0.0001
12890.29268	-69.290521	-53.803337	0.0001
12905.18856	149.812678	165.294723	0.0001
12920.27701	19.968649	35.454958	0.0001
12935.18278	100.2345	115.727019	0.0001
12935.17859	-38.15495	-22.665472	0.0001
12950.27104	-33.554794	-18.059015	0.0001
12965.17694	-109.124517	-93.622667	0.0001
12980.26077	1.767494	17.264443	0.0001
12980.25113	-120.527142	-105.031198	0.0001
12995.15006	-136.287293	-120.791055	0.0001
13010.24872	145.289737	160.803162	0.0001
13025.14666	-171.362729	-155.847883	0.0001
13025.14359	86.915708	102.430531	0.0001
13040.24338	126.811418	142.343989	0.0001
13055.13898	62.416064	77.938768	0.0001
13070.22403	11.015563	26.546843	0.0001
13070.22384	-80.429824	-64.897592	0.0001
13085.31949	-154.790119	-139.243295	0.0001
13100.20884	18.600012	34.133203	0.0001
13115.29718	62.789827	78.333899	0.0001
13115.30416	-105.349081	-89.800002	0.0001
13130.20519	110.412622	125.962296	0.0001
13145.29043	-36.473002	-20.919128	0.0001
13150.81463	-159.006307	-143.464334	0.0001
13160.19469	139.855796	155.409837	0.0001
13175.27889	26.940877	42.494382	0.0001
13190.17754	79.251828	94.824235	0.0001
13190.18384	172.989289	-171.439505	0.0001
13205.26821	104.258661	119.837697	0.0001
13220.16815	135.239415	150.814751	0.0001
13235.25703	128.613997	144.198707	0.0001
13235.25318	144.168979	159.742728	0.0001
13250.1646	-163.965133	-148.36398	0.0001
13265.25091	-68.795762	-53.193637	0.0001
13280.15105	20.219581	35.819736	0.0001
13280.14847	42.422234	58.025682	0.0001
13295.23496	34.640054	50.241117	0.0001
13310.32857	178.284888	-166.101358	0.0001
13325.22585	-6.072463	9.53094	0.0001
13325.22694	-124.743495	-109.125038	0.0001
13340.31077	26.663126	42.280714	0.0001
13355.20623	67.100053	82.722333	0.0001
			
			
			
			
			
			
			
			
			
			
			
			
			
			
			
			
			
			
			
			
			
			
			
			
			
			
			
			
			
			
			
			
			
			
			
			
			
			
			
			
			
			
			
			
			
			
			
			
			
			
			
			
			
			
			
			
			
			