1600.920347	2.288666	2.279789	0.0004
1601.016381	2.288528	2.279954	0.0004
1700.50448	2.289107	2.280273	0.0004
1800.380158	2.289311	2.28002	0.0004
1800.379304	2.289202	2.280001	0.0004
1900.197823	2.289198	2.279649	0.0004
1999.937717	2.289153	2.279716	0.0004
1999.92475	2.28896	2.27985	0.0004
2099.93898	2.289202	2.279843	0.0004
2200.007685	2.289011	2.279417	0.0004
2299.980989	2.2892	2.279379	0.0004
2299.961447	2.288704	2.279302	0.0004
2400.123873	2.288851	2.278678	0.0004
2500.19634	2.28823	2.278827	0.0004
2500.147875	2.288253	2.278677	0.0004
2600.107994	2.288789	2.278547	0.0004
2700.200138	2.288809	2.278067	0.0004
2800.12321	2.288475	2.27775	0.0004
2799.963404	2.287916	2.277595	0.0004
2900.039964	2.288498	2.277445	0.0004
3000.117654	2.288106	2.276923	0.0004
3000.029786	2.288246	2.27688	0.0004
3100.059183	2.288376	2.276573	0.0004
3200.034817	2.288145	2.276315	0.0004
3200.165496	2.288375	2.276271	0.0004
3300.108177	2.288517	2.275538	0.0004
3400.17387	2.287909	2.275622	0.0004
3500.012363	2.288184	2.275293	0.0004
3499.890801	2.288158	2.275033	0.0004
3600.070113	2.287975	2.274336	0.0004
3700.007754	2.288017	2.273631	0.0004
3700.116686	2.28812	2.273969	0.0004
3800.089099	2.287965	2.273695	0.0004
3900.027442	2.287929	2.27306	0.0004
3900.027083	2.288046	2.273039	0.0004
4000.134074	2.287917	2.272328	0.0004
4100.099295	2.288157	2.271462	0.0004
4200.176009	2.288081	2.270847	0.0004
4200.180524	2.28821	2.270925	0.0004
4299.906993	2.288324	2.270269	0.0004
4400.022941	2.287837	2.269167	0.0004
4400.016362	2.287942	2.269221	0.0004
4499.977332	2.287735	2.268141	0.0004
4600.097081	2.287799	2.26731	0.0004
4700.177646	2.288054	2.26611	0.0004
4700.11078	2.287683	2.266258	0.0004
4800.169429	2.288127	2.265257	0.0004
4900.196724	2.288169	2.263927	0.0004
4900.25034	2.288208	2.263779	0.0004
5000.177281	2.288394	2.261599	0.0004
5100.012335	2.288626	2.261	0.0004
5199.936206	2.288351	2.25901	0.0004
5200.039299	2.288362	2.258944	0.0004
5300.08897	2.288695	2.256734	0.0004
5400.084827	2.288999	2.254421	0.0004
5400.113201	2.288602	2.254476	0.0004
5500.124549	2.289097	2.252004	0.0004
5600.144784	2.289324	2.249076	0.0004
5600.218523	2.289154	2.249413	0.0004
5700.193998	2.28943	2.246049	0.0004
5800.268892	2.29	2.242436	0.0004
5899.915615	2.290318	2.238306	0.0004
5899.893248	2.290488	2.238233	0.0004
6000.038626	2.29014	2.233141	0.0004
6100.020467	2.291085	2.227346	0.0004
6100.113943	2.29097	2.227359	0.0004
6200.091282	2.291751	2.220428	0.0004
6300.177849	2.292407	2.212209	0.0004
6400.201112	2.293602	2.202421	0.0004
6400.186454	2.293508	2.202562	0.0004
6500.109082	2.294348	2.190651	0.0004
6600.042364	2.29605	2.175665	0.0004
6600.069024	2.295981	2.175289	0.0004
6700.064783	2.297825	2.157558	0.0004
6800.195131	2.300079	2.135018	0.0004
6900.042723	2.303087	2.106343	0.0004
6900.02509	2.303296	2.105645	0.0004
7000.280461	2.306406	2.069732	0.0004
7100.055724	2.310424	2.023601	0.0004
7100.122936	2.310782	2.021832	0.0004
7200.224172	2.316193	1.963926	0.0004
7300.253317	2.32192	1.897555	0.0004
7400.023594	2.32778	1.825188	0.0004
7399.962449	2.328317	1.822666	0.0004
7500.061105	2.333324	1.759129	0.0004
7600.158914	2.336576	1.719873	0.0004
7600.143247	2.337031	1.719777	0.0004
7700.054479	2.337043	1.71739	0.0004
7800.20966	2.334374	1.748948	0.0004
7900.281441	2.330019	1.802714	0.0004
7900.159882	2.330033	1.801616	0.0004
8000.168187	2.325074	1.863561	0.0004
8100.278309	2.319568	1.922416	0.0004
8100.254993	2.319899	1.92008	0.0004
8200.032876	2.315039	1.972845	0.0004
8300.127596	2.310384	2.019688	0.0004
8300.133073	2.31076	2.018035	0.0004
8400.128817	2.306757	2.056338	0.0004
8500.161881	2.30379	2.088962	0.0004
8600.173265	2.301321	2.115679	0.0004
8600.153345	2.301406	2.114638	0.0004
8700.240528	2.298208	2.136453	0.0004
8800.305816	2.296759	2.155408	0.0004
8900.198528	2.295097	2.170692	0.0004
8900.271227	2.295351	2.170431	0.0004
9000.060992	2.294011	2.182967	0.0004
9100.108697	2.29279	2.194202	0.0004
9100.188392	2.293012	2.193981	0.0004
9200.037446	2.291379	2.203083	0.0004
9300.173302	2.290821	2.211003	0.0004
9300.196225	2.290602	2.210692	0.0004
9400.210866	2.290247	2.217736	0.0004
9500.231032	2.289371	2.223732	0.0004
9600.369396	2.288777	2.228647	0.0004
9600.249875	2.289181	2.228894	0.0004
9700.16395	2.288054	2.233141	0.0004
9800.026379	2.28784	2.236944	0.0004
9800.060716	2.287932	2.237125	0.0004
9900.059819	2.287823	2.240756	0.0004
10000.25254	2.28738	2.243453	0.0004
10100.22451	2.28676	2.245788	0.0004
10100.22149	2.28645	2.245913	0.0004
10200.16426	2.28629	2.248193	0.0004
10300.2143	2.28607	2.250251	0.0004
10400.32073	2.285885	2.252103	0.0004
10400.33006	2.286006	2.252638	0.0004
10500.07735	2.285441	2.254043	0.0004
10600.13266	2.285611	2.255478	0.0004
10600.14488	2.28533	2.255354	0.0004
10700.32166	2.285035	2.256943	0.0004
10800.25486	2.284866	2.258132	0.0004
10900.1504	2.284927	2.259411	0.0004
10900.32913	2.284941	2.259601	0.0004
11000.22996	2.284852	2.260298	0.0004
11100.16811	2.284429	2.261372	0.0004
11100.23046	2.284388	2.261305	0.0004
11200.27759	2.284262	2.262375	0.0004
11300.06071	2.284281	2.263075	0.0004
11400.19216	2.284292	2.263933	0.0004
11400.21246	2.283975	2.26347	0.0004
11500.20165	2.284211	2.26468	0.0004
11600.19699	2.283964	2.265148	0.0004
11600.20557	2.283766	2.265307	0.0004
11700.26603	2.283808	2.265688	0.0004
11800.26587	2.283513	2.266543	0.0004
11900.26055	2.283368	2.266708	0.0004
11900.29496	2.283569	2.266827	0.0004
12000.30606	2.283576	2.267656	0.0004
12100.27953	2.283432	2.267715	0.0004
12100.23731	2.283464	2.267825	0.0004
12200.25968	2.283384	2.268315	0.0004
12300.19188	2.283057	2.268555	0.0004
12400.26632	2.283224	2.269009	0.0004
12400.25499	2.283243	2.268813	0.0004
12500.28957	2.28305	2.269259	0.0004
12600.24688	2.282973	2.269694	0.0004
12600.38252	2.283073	2.269655	0.0004
12700.22371	2.282788	2.269682	0.0004
12800.11818	2.28273	2.270309	0.0004
12900.13103	2.282971	2.270567	0.0004
12900.07082	2.282753	2.270307	0.0004
13000.23693	2.282668	2.270432	0.0004
13100.24589	2.282652	2.270911	0.0004
13100.16321	2.282685	2.270832	0.0004
13200.27454	2.282344	2.271238	0.0004
13300.25558	2.282815	2.271134	0.0004
13400.3084	2.282473	2.271638	0.0004
13400.28556	2.282337	2.271447	0.0004
13500.24562	2.282366	2.271588	0.0004
13600.25815	2.282549	2.271843	0.0004
13700.21311	2.282246	2.27148	0.0004
13700.15125	2.282269	2.271959	0.0004
13800.24568	2.282307	2.27212	0.0004
13900.17698	2.282114	2.272177	0.0004
13900.31003	2.282194	2.27249	0.0004
14000.30341	2.282332	2.272398	0.0004
14100.36518	2.282287	2.272503	0.0004
14200.26377	2.281981	2.272482	0.0004
14200.33433	2.282122	2.272593	0.0004
14300.36917	2.282105	2.27274	0.0004
14400.24093	2.282106	2.273031	0.0004
14400.26067	2.282268	2.272631	0.0004
14500.25965	2.282106	2.273244	0.0004
14600.25305	2.281868	2.272771	0.0004
14700.28477	2.281571	2.273337	0.0004
14700.32938	2.281551	2.273101	0.0004
14800.18308	2.28156	2.273307	0.0004
14900.30141	2.281629	2.273523	0.0004
			
			
			
			
			
			
			
			
			
			
			
			