Frequency (Hz)	V_IN	V_R	
0,000000	2,457502	2,448773
99,950025	1,734675	1,728528
199,900050	0,008830	0,008767
299,850075	0,032290	0,032163
399,800100	0,026152	0,026066
499,750125	0,006069	0,006020
599,700150	0,005747	0,005703
699,650175	0,006245	0,006205
799,600200	0,009948	0,009909
899,550225	0,018892	0,018806
999,500250	0,099177	0,098810
1099,450275	0,106614	0,106225
1199,400300	0,023525	0,023446
1299,350325	0,003580	0,003592
1399,300350	0,002018	0,002004
1499,250375	0,000628	0,000612
1599,200400	0,001043	0,001001
1699,150425	0,000476	0,000434
1799,100450	0,001140	0,001109
1899,050475	0,000405	0,000397
1999,000500	0,013226	0,013161
2098,950525	0,029541	0,029414
2198,900550	0,017561	0,017481
2298,850575	0,001507	0,001490
2398,800600	0,001865	0,001861
2498,750625	0,002484	0,002478
2598,700650	0,001287	0,001285
2698,650675	0,000141	0,000139
2798,600700	0,000743	0,000720
2898,550725	0,002643	0,002643
2998,500750	0,008076	0,008016
3098,450775	0,070798	0,070406
3198,400800	0,088162	0,087681
3298,350825	0,024083	0,023940
3398,300850	0,003303	0,003296
3498,250875	0,000822	0,000819
3598,200900	0,000289	0,000285
3698,150925	0,000355	0,000350
3798,100950	0,000320	0,000327
3898,050975	0,000265	0,000258
3998,001000	0,000039	0,000038
4097,951024	0,003500	0,003480
4197,901049	0,008463	0,008406
4297,851074	0,005562	0,005512
4397,801099	0,000442	0,000431
4497,751124	0,000206	0,000205
4597,701149	0,000127	0,000121
4697,651174	0,000403	0,000401
4797,601199	0,000220	0,000207
4897,551224	0,000098	0,000092
4997,501249	0,000654	0,000646
5097,451274	0,001683	0,001634
5197,401299	0,024412	0,024068
5297,351324	0,035264	0,034801
5397,301349	0,012127	0,011977
5497,251374	0,000595	0,000580
5597,201399	0,000815	0,000803
5697,151424	0,000288	0,000292
5797,101449	0,000111	0,000094
5897,051474	0,000193	0,000183
5997,001499	0,000227	0,000225
6096,951524	0,000296	0,000290
6196,901549	0,003532	0,003422
6296,851574	0,012128	0,011738
6396,801599	0,009630	0,009295
6496,751624	0,001314	0,001246
6596,701649	0,000114	0,000104
6696,651674	0,000187	0,000189
6796,601699	0,000344	0,000308
6896,551724	0,000247	0,000216
6996,501749	0,000238	0,000221
7096,451774	0,000198	0,000185
7196,401799	0,000456	0,000383
7296,351824	0,008707	0,007282
7396,301849	0,014472	0,012105
7496,251874	0,006010	0,005023
7596,201899	0,000439	0,000333
7696,151924	0,000400	0,000297
7796,101949	0,000062	0,000038
7896,051974	0,000155	0,000079
7996,001999	0,000179	0,000121
8095,952024	0,000159	0,000141
8195,902049	0,000218	0,000212
8295,852074	0,000803	0,000703
8395,802099	0,003747	0,003276
8495,752124	0,003474	0,003036
8595,702149	0,000615	0,000539
8695,652174	0,000102	0,000098
8795,602199	0,000033	0,000032
8895,552224	0,000123	0,000096
8995,502249	0,000088	0,000060
9095,452274	0,000078	0,000063
9195,402299	0,000087	0,000088
9295,352324	0,000162	0,000170
9395,302349	0,001702	0,001672
9495,252374	0,003161	0,003094
9595,202399	0,001607	0,001583
9695,152424	0,000068	0,000061
9795,102449	0,000075	0,000058
9895,052474	0,000096	0,000092
9995,002499	0,000082	0,000098
10094,952524	0,000048	0,000067
10194,902549	0,000031	0,000034
10294,852574	0,000097	0,000102
10394,802599	0,000248	0,000240
10494,752624	0,001604	0,001588
10594,702649	0,001666	0,001648
10694,652674	0,000346	0,000318
10794,602699	0,000019	0,000063
10894,552724	0,000134	0,000099
10994,502749	0,000130	0,000102
11094,452774	0,000036	0,000031
11194,402799	0,000057	0,000044
11294,352824	0,000067	0,000052
11394,302849	0,000089	0,000083
11494,252874	0,000600	0,000592
11594,202899	0,001507	0,001513
11694,152924	0,000823	0,000858
11794,102949	0,000102	0,000111
11894,052974	0,000090	0,000095
11994,002999	0,000036	0,000039
12093,953023	0,000018	0,000041
12193,903048	0,000063	0,000066
12293,853073	0,000043	0,000035
12393,803098	0,000067	0,000047
12493,753123	0,000227	0,000237
12593,703148	0,001885	0,001870
12693,653173	0,002330	0,002312
12793,603198	0,000647	0,000653
12893,553223	0,000122	0,000099
12993,503248	0,000064	0,000041
13093,453273	0,000038	0,000041
13193,403298	0,000073	0,000082
13293,353323	0,000066	0,000070
13393,303348	0,000010	0,000016
13493,253373	0,000018	0,000022
13593,203398	0,000092	0,000101
13693,153423	0,000184	0,000175
13793,103448	0,000125	0,000093
13893,053473	0,000051	0,000070
13993,003498	0,000074	0,000066
14092,953523	0,000037	0,000014
14192,903548	0,000031	0,000040
14292,853573	0,000064	0,000063
14392,803598	0,000052	0,000047
14492,753623	0,000068	0,000069
14592,703648	0,000033	0,000019
14692,653673	0,000704	0,000699
14792,603698	0,001048	0,001040
14892,553723	0,000380	0,000386
14992,503748	0,000028	0,000016
15092,453773	0,000033	0,000020
15192,403798	0,000021	0,000003
15292,353823	0,000009	0,000032
15392,303848	0,000038	0,000034
15492,253873	0,000048	0,000062
15592,203898	0,000046	0,000025
15692,153923	0,000398	0,000408
15792,103948	0,001394	0,001374
15892,053973	0,001105	0,001073
15992,003998	0,000175	0,000157
16091,954023	0,000050	0,000074
16191,904048	0,000026	0,000037
16291,854073	0,000027	0,000024
16391,804098	0,000017	0,000007
16491,754123	0,000022	0,000015
16591,704148	0,000029	0,000036
16691,654173	0,000054	0,000060
16791,604198	0,000276	0,000280
16891,554223	0,000504	0,000496
16991,504248	0,000216	0,000201
17091,454273	0,000026	0,000024
17191,404298	0,000048	0,000054
17291,354323	0,000013	0,000015
17391,304348	0,000028	0,000021
17491,254373	0,000034	0,000032
17591,204398	0,000054	0,000052
17691,154423	0,000057	0,000047
17791,104448	0,000005	0,000014
17891,054473	0,000087	0,000083
17991,004498	0,000063	0,000052
18090,954523	0,000036	0,000033
18190,904548	0,000014	0,000020
18290,854573	0,000020	0,000027
18390,804598	0,000024	0,000040
18490,754623	0,000021	0,000025
18590,704648	0,000007	0,000007
18690,654673	0,000020	0,000030
18790,604698	0,000038	0,000037
18890,554723	0,000045	0,000029
18990,504748	0,000049	0,000022
19090,454773	0,000019	0,000008
19190,404798	0,000020	0,000021
19290,354823	0,000035	0,000032
19390,304848	0,000039	0,000043
19490,254873	0,000017	0,000017
19590,204898	0,000016	0,000015
19690,154923	0,000042	0,000028
19790,104948	0,000016	0,000011
19890,054973	0,000016	0,000025
19990,004998	0,000102	0,000137
20089,955022	0,000103	0,000134
20189,905047	0,000012	0,000029
20289,855072	0,000019	0,000022
20389,805097	0,000023	0,000010
20489,755122	0,000024	0,000016
20589,705147	0,000024	0,000022
20689,655172	0,000035	0,000024
20789,605197	0,000016	0,000013
20889,555222	0,000031	0,000045
20989,505247	0,000075	0,000092
21089,455272	0,000114	0,000120
21189,405297	0,000080	0,000095
21289,355322	0,000021	0,000058
21389,305347	0,000035	0,000039
21489,255372	0,000047	0,000037
21589,205397	0,000037	0,000033
21689,155422	0,000032	0,000017
21789,105447	0,000034	0,000024
21889,055472	0,000042	0,000048
21989,005497	0,000047	0,000046
22088,955522	0,000064	0,000092
22188,905547	0,000096	0,000110
22288,855572	0,000045	0,000055
22388,805597	0,000024	0,000014
22488,755622	0,000008	0,000016
22588,705647	0,000015	0,000004
22688,655672	0,000010	0,000016
22788,605697	0,000009	0,000019
22888,555722	0,000007	0,000018
22988,505747	0,000017	0,000011
23088,455772	0,000026	0,000010
23188,405797	0,000040	0,000031
23288,355822	0,000041	0,000045
23388,305847	0,000014	0,000037
23488,255872	0,000012	0,000027
23588,205897	0,000015	0,000029
23688,155922	0,000035	0,000033
23788,105947	0,000047	0,000037
23888,055972	0,000024	0,000004
23988,005997	0,000028	0,000027
24087,956022	0,000011	0,000022
24187,906047	0,000043	0,000020
24287,856072	0,000036	0,000049
24387,806097	0,000014	0,000055
24487,756122	0,000016	0,000033
24587,706147	0,000014	0,000008
24687,656172	0,000009	0,000020
24787,606197	0,000030	0,000044
24887,556222	0,000042	0,000063
24987,506247	0,000039	0,000030
25087,456272	0,000042	0,000048
25187,406297	0,000062	0,000071
25287,356322	0,000049	0,000043
25387,306347	0,000038	0,000024
25487,256372	0,000041	0,000014
25587,206397	0,000074	0,000046
25687,156422	0,000059	0,000038
25787,106447	0,000016	0,000019
25887,056472	0,000019	0,000021
25987,006497	0,000029	0,000016
26086,956522	0,000050	0,000020
26186,906547	0,000046	0,000032
26286,856572	0,000008	0,000022
26386,806597	0,000021	0,000028
26486,756622	0,000013	0,000029
26586,706647	0,000040	0,000028
26686,656672	0,000047	0,000026
26786,606697	0,000026	0,000028
26886,556722	0,000012	0,000016
26986,506747	0,000017	0,000035
27086,456772	0,000007	0,000023
27186,406797	0,000024	0,000012
27286,356822	0,000022	0,000017
27386,306847	0,000022	0,000011
27486,256872	0,000016	0,000006
27586,206897	0,000020	0,000010
27686,156922	0,000017	0,000021
27786,106947	0,000012	0,000041
27886,056972	0,000016	0,000036
27986,006997	0,000010	0,000017
28085,957021	0,000009	0,000012
28185,907046	0,000012	0,000019
28285,857071	0,000013	0,000020
28385,807096	0,000006	0,000027
28485,757121	0,000028	0,000036
28585,707146	0,000034	0,000027
28685,657171	0,000021	0,000011
28785,607196	0,000015	0,000013
28885,557221	0,000030	0,000016
28985,507246	0,000026	0,000027
29085,457271	0,000010	0,000015
29185,407296	0,000016	0,000016
29285,357321	0,000011	0,000011
29385,307346	0,000005	0,000004
29485,257371	0,000020	0,000031
29585,207396	0,000054	0,000049
29685,157421	0,000056	0,000041
29785,107446	0,000028	0,000027
29885,057471	0,000016	0,000020
29985,007496	0,000041	0,000006
30084,957521	0,000025	0,000006
30184,907546	0,000014	0,000008
30284,857571	0,000002	0,000027
30384,807596	0,000005	0,000024
30484,757621	0,000026	0,000016
30584,707646	0,000035	0,000018
30684,657671	0,000016	0,000024
30784,607696	0,000004	0,000017
30884,557721	0,000008	0,000007
30984,507746	0,000013	0,000018
31084,457771	0,000008	0,000022
31184,407796	0,000007	0,000005
31284,357821	0,000009	0,000016
31384,307846	0,000018	0,000027
31484,257871	0,000020	0,000025
31584,207896	0,000027	0,000006
31684,157921	0,000013	0,000025
31784,107946	0,000031	0,000039
31884,057971	0,000034	0,000024
31984,007996	0,000021	0,000010
32083,958021	0,000015	0,000019
32183,908046	0,000020	0,000023
32283,858071	0,000027	0,000014
32383,808096	0,000022	0,000011
32483,758121	0,000009	0,000007
32583,708146	0,000022	0,000005
32683,658171	0,000025	0,000017
32783,608196	0,000015	0,000029
32883,558221	0,000022	0,000008
32983,508246	0,000035	0,000029
33083,458271	0,000011	0,000018
33183,408296	0,000013	0,000011
33283,358321	0,000018	0,000024
33383,308346	0,000028	0,000027
33483,258371	0,000040	0,000022
33583,208396	0,000028	0,000017
33683,158421	0,000023	0,000019
33783,108446	0,000036	0,000022
33883,058471	0,000027	0,000019
33983,008496	0,000019	0,000016
34082,958521	0,000023	0,000031
34182,908546	0,000024	0,000032
34282,858571	0,000016	0,000017
34382,808596	0,000018	0,000033
34482,758621	0,000016	0,000024
34582,708646	0,000035	0,000004
34682,658671	0,000028	0,000017
34782,608696	0,000022	0,000017
34882,558721	0,000026	0,000012
34982,508746	0,000041	0,000022
35082,458771	0,000039	0,000041
35182,408796	0,000026	0,000036
35282,358821	0,000038	0,000018
35382,308846	0,000025	0,000014
35482,258871	0,000025	0,000022
35582,208896	0,000028	0,000026
35682,158921	0,000029	0,000025
35782,108946	0,000027	0,000034
35882,058971	0,000033	0,000035
35982,008996	0,000025	0,000021
36081,959020	0,000014	0,000018
36181,909045	0,000019	0,000022
36281,859070	0,000027	0,000033
36381,809095	0,000020	0,000019
36481,759120	0,000017	0,000015
36581,709145	0,000017	0,000015
36681,659170	0,000010	0,000012
36781,609195	0,000009	0,000008
36881,559220	0,000010	0,000014
36981,509245	0,000023	0,000028
37081,459270	0,000026	0,000031
37181,409295	0,000016	0,000022
37281,359320	0,000009	0,000032
37381,309345	0,000017	0,000024
37481,259370	0,000007	0,000020
37581,209395	0,000016	0,000015
37681,159420	0,000013	0,000015
37781,109445	0,000030	0,000018
37881,059470	0,000045	0,000003
37981,009495	0,000054	0,000013
38080,959520	0,000055	0,000026
38180,909545	0,000030	0,000041
38280,859570	0,000014	0,000028
38380,809595	0,000014	0,000011
38480,759620	0,000007	0,000013
38580,709645	0,000020	0,000012
38680,659670	0,000025	0,000008
38780,609695	0,000007	0,000012
38880,559720	0,000025	0,000028
38980,509745	0,000034	0,000025
39080,459770	0,000034	0,000005
39180,409795	0,000032	0,000007
39280,359820	0,000027	0,000016
39380,309845	0,000017	0,000019
39480,259870	0,000011	0,000024
39580,209895	0,000010	0,000016
39680,159920	0,000012	0,000011
39780,109945	0,000006	0,000019
39880,059970	0,000008	0,000015
39980,009995	0,000014	0,000015
40079,960020	0,000006	0,000020
40179,910045	0,000014	0,000016
40279,860070	0,000018	0,000003
40379,810095	0,000022	0,000010
40479,760120	0,000010	0,000015
40579,710145	0,000009	0,000025
40679,660170	0,000016	0,000018
40779,610195	0,000014	0,000009
40879,560220	0,000006	0,000015
40979,510245	0,000004	0,000008
41079,460270	0,000005	0,000015
41179,410295	0,000022	0,000019
41279,360320	0,000013	0,000015
41379,310345	0,000009	0,000006
41479,260370	0,000017	0,000002
41579,210395	0,000008	0,000004
41679,160420	0,000007	0,000005
41779,110445	0,000020	0,000017
41879,060470	0,000020	0,000023
41979,010495	0,000014	0,000005
42078,960520	0,000019	0,000013
42178,910545	0,000014	0,000014
42278,860570	0,000011	0,000005
42378,810595	0,000014	0,000006
42478,760620	0,000013	0,000010
42578,710645	0,000011	0,000011
42678,660670	0,000026	0,000028
42778,610695	0,000026	0,000028
42878,560720	0,000024	0,000016
42978,510745	0,000016	0,000005
43078,460770	0,000011	0,000003
43178,410795	0,000018	0,000016
43278,360820	0,000023	0,000025
43378,310845	0,000022	0,000036
43478,260870	0,000024	0,000044
43578,210895	0,000026	0,000032
43678,160920	0,000016	0,000014
43778,110945	0,000015	0,000015
43878,060970	0,000036	0,000034
43978,010995	0,000028	0,000035
44077,961019	0,000022	0,000016
44177,911044	0,000017	0,000008
44277,861069	0,000017	0,000007
44377,811094	0,000018	0,000006
44477,761119	0,000016	0,000012
44577,711144	0,000006	0,000009
44677,661169	0,000026	0,000022
44777,611194	0,000049	0,000049
44877,561219	0,000051	0,000041
44977,511244	0,000027	0,000001
45077,461269	0,000025	0,000010
45177,411294	0,000021	0,000017
45277,361319	0,000016	0,000020
45377,311344	0,000015	0,000035
45477,261369	0,000038	0,000033
45577,211394	0,000033	0,000017
45677,161419	0,000019	0,000014
45777,111444	0,000008	0,000021
45877,061469	0,000011	0,000023
45977,011494	0,000022	0,000014
46076,961519	0,000026	0,000013
46176,911544	0,000019	0,000015
46276,861569	0,000012	0,000002
46376,811594	0,000009	0,000020
46476,761619	0,000004	0,000023
46576,711644	0,000010	0,000011
46676,661669	0,000015	0,000020
46776,611694	0,000008	0,000016
46876,561719	0,000019	0,000014
46976,511744	0,000016	0,000004
47076,461769	0,000013	0,000020
47176,411794	0,000007	0,000008
47276,361819	0,000002	0,000010
47376,311844	0,000009	0,000009
47476,261869	0,000012	0,000028
47576,211894	0,000030	0,000022
47676,161919	0,000033	0,000013
47776,111944	0,000032	0,000012
47876,061969	0,000034	0,000007
47976,011994	0,000039	0,000020
48075,962019	0,000033	0,000017
48175,912044	0,000019	0,000034
48275,862069	0,000022	0,000051
48375,812094	0,000021	0,000045
48475,762119	0,000021	0,000009
48575,712144	0,000007	0,000004
48675,662169	0,000018	0,000017
48775,612194	0,000032	0,000027
48875,562219	0,000022	0,000030
48975,512244	0,000026	0,000016
49075,462269	0,000018	0,000017
49175,412294	0,000006	0,000020
49275,362319	0,000026	0,000004
49375,312344	0,000020	0,000011
49475,262369	0,000008	0,000022
49575,212394	0,000014	0,000018
49675,162419	0,000019	0,000024
49775,112444	0,000031	0,000019
49875,062469	0,000033	0,000012
49975,012494	0,000030	0,000021
50074,962519	0,000018	0,000011
50174,912544	0,000009	0,000021
50274,862569	0,000021	0,000016
50374,812594	0,000029	0,000028
50474,762619	0,000030	0,000023
50574,712644	0,000004	0,000018
50674,662669	0,000018	0,000014
50774,612694	0,000012	0,000016
50874,562719	0,000002	0,000005
50974,512744	0,000008	0,000007
51074,462769	0,000018	0,000009
51174,412794	0,000010	0,000006
51274,362819	0,000003	0,000006
51374,312844	0,000008	0,000013
51474,262869	0,000006	0,000018
51574,212894	0,000010	0,000007
51674,162919	0,000018	0,000011
51774,112944	0,000019	0,000015
51874,062969	0,000024	0,000013
51974,012994	0,000018	0,000016
52073,963018	0,000011	0,000003
52173,913043	0,000020	0,000023
52273,863068	0,000021	0,000028
52373,813093	0,000012	0,000020
52473,763118	0,000023	0,000013
52573,713143	0,000019	0,000008
52673,663168	0,000023	0,000013
52773,613193	0,000021	0,000011
52873,563218	0,000016	0,000019
52973,513243	0,000006	0,000032
53073,463268	0,000007	0,000035
53173,413293	0,000020	0,000020
53273,363318	0,000019	0,000032
53373,313343	0,000005	0,000012
53473,263368	0,000011	0,000024
53573,213393	0,000010	0,000018
53673,163418	0,000016	0,000023
53773,113443	0,000009	0,000030
53873,063468	0,000016	0,000029
53973,013493	0,000013	0,000018
54072,963518	0,000003	0,000009
54172,913543	0,000013	0,000028
54272,863568	0,000025	0,000032
54372,813593	0,000002	0,000015
54472,763618	0,000025	0,000028
54572,713643	0,000004	0,000013
54672,663668	0,000015	0,000018
54772,613693	0,000024	0,000013
54872,563718	0,000048	0,000004
54972,513743	0,000042	0,000013
55072,463768	0,000018	0,000012
55172,413793	0,000010	0,000017
55272,363818	0,000010	0,000019
55372,313843	0,000010	0,000013
55472,263868	0,000021	0,000015
55572,213893	0,000028	0,000008
55672,163918	0,000017	0,000009
55772,113943	0,000024	0,000019
55872,063968	0,000026	0,000006
55972,013993	0,000027	0,000011
56071,964018	0,000032	0,000011
56171,914043	0,000024	0,000015
56271,864068	0,000009	0,000024
56371,814093	0,000021	0,000020
56471,764118	0,000010	0,000012
56571,714143	0,000001	0,000016
56671,664168	0,000012	0,000005
56771,614193	0,000014	0,000020
56871,564218	0,000037	0,000014
56971,514243	0,000022	0,000011
57071,464268	0,000012	0,000023
57171,414293	0,000008	0,000018
57271,364318	0,000008	0,000008
57371,314343	0,000014	0,000017
57471,264368	0,000020	0,000019
57571,214393	0,000012	0,000013
57671,164418	0,000022	0,000016
57771,114443	0,000018	0,000019
57871,064468	0,000024	0,000014
57971,014493	0,000037	0,000013
58070,964518	0,000030	0,000013
58170,914543	0,000008	0,000014
58270,864568	0,000011	0,000006
58370,814593	0,000028	0,000011
58470,764618	0,000038	0,000021
58570,714643	0,000038	0,000019
58670,664668	0,000016	0,000015
58770,614693	0,000015	0,000018
58870,564718	0,000022	0,000008
58970,514743	0,000024	0,000014
59070,464768	0,000032	0,000021
59170,414793	0,000028	0,000024
59270,364818	0,000015	0,000013
59370,314843	0,000020	0,000010
59470,264868	0,000023	0,000014
59570,214893	0,000035	0,000017
59670,164918	0,000031	0,000014
59770,114943	0,000011	0,000021
59870,064968	0,000015	0,000001
59970,014993	0,000004	0,000020
60069,965017	0,000009	0,000019
60169,915042	0,000031	0,000007
60269,865067	0,000028	0,000009
60369,815092	0,000018	0,000027
60469,765117	0,000003	0,000010
60569,715142	0,000014	0,000020
60669,665167	0,000014	0,000019
60769,615192	0,000014	0,000024
60869,565217	0,000021	0,000033
60969,515242	0,000026	0,000015
61069,465267	0,000026	0,000005
61169,415292	0,000023	0,000030
61269,365317	0,000022	0,000041
61369,315342	0,000027	0,000025
61469,265367	0,000028	0,000009
61569,215392	0,000004	0,000014
61669,165417	0,000004	0,000029
61769,115442	0,000021	0,000025
61869,065467	0,000018	0,000025
61969,015492	0,000014	0,000028
62068,965517	0,000023	0,000018
62168,915542	0,000020	0,000012
62268,865567	0,000014	0,000012
62368,815592	0,000010	0,000016
62468,765617	0,000007	0,000008
62568,715642	0,000017	0,000016
62668,665667	0,000031	0,000010
62768,615692	0,000009	0,000014
62868,565717	0,000020	0,000010
62968,515742	0,000005	0,000015
63068,465767	0,000026	0,000028
63168,415792	0,000015	0,000008
63268,365817	0,000010	0,000025
63368,315842	0,000018	0,000009
63468,265867	0,000029	0,000014
63568,215892	0,000019	0,000005
63668,165917	0,000000	0,000015
63768,115942	0,000019	0,000025
63868,065967	0,000019	0,000017
63968,015992	0,000008	0,000016
64067,966017	0,000005	0,000023
64167,916042	0,000011	0,000023
64267,866067	0,000018	0,000008
64367,816092	0,000007	0,000016
64467,766117	0,000004	0,000021
64567,716142	0,000012	0,000002
64667,666167	0,000016	0,000017
64767,616192	0,000014	0,000022
64867,566217	0,000018	0,000010
64967,516242	0,000024	0,000005
65067,466267	0,000020	0,000008
65167,416292	0,000011	0,000026
65267,366317	0,000020	0,000036
65367,316342	0,000008	0,000021
65467,266367	0,000028	0,000013
65567,216392	0,000035	0,000018
65667,166417	0,000018	0,000011
65767,116442	0,000010	0,000039
65867,066467	0,000005	0,000026
65967,016492	0,000010	0,000021
66066,966517	0,000021	0,000030
66166,916542	0,000013	0,000027
66266,866567	0,000032	0,000029
66366,816592	0,000037	0,000028
66466,766617	0,000016	0,000022
66566,716642	0,000016	0,000017
66666,666667	0,000025	0,000014
66766,616692	0,000022	0,000010
66866,566717	0,000021	0,000006
66966,516742	0,000012	0,000019
67066,466767	0,000017	0,000006
67166,416792	0,000031	0,000009
67266,366817	0,000028	0,000013
67366,316842	0,000022	0,000016
67466,266867	0,000022	0,000014
67566,216892	0,000026	0,000017
67666,166917	0,000031	0,000022
67766,116942	0,000039	0,000016
67866,066967	0,000021	0,000007
67966,016992	0,000009	0,000013
68065,967016	0,000011	0,000026
68165,917041	0,000013	0,000028
68265,867066	0,000034	0,000030
68365,817091	0,000020	0,000014
68465,767116	0,000009	0,000007
68565,717141	0,000018	0,000012
68665,667166	0,000018	0,000015
68765,617191	0,000025	0,000006
68865,567216	0,000033	0,000004
68965,517241	0,000027	0,000011
69065,467266	0,000012	0,000007
69165,417291	0,000017	0,000009
69265,367316	0,000022	0,000011
69365,317341	0,000011	0,000007
69465,267366	0,000015	0,000012
69565,217391	0,000012	0,000007
69665,167416	0,000013	0,000013
69765,117441	0,000014	0,000034
69865,067466	0,000022	0,000027
69965,017491	0,000018	0,000006
70064,967516	0,000012	0,000006
70164,917541	0,000024	0,000007
70264,867566	0,000010	0,000014
70364,817591	0,000010	0,000018
70464,767616	0,000022	0,000019
70564,717641	0,000019	0,000011
70664,667666	0,000008	0,000028
70764,617691	0,000010	0,000030
70864,567716	0,000020	0,000025
70964,517741	0,000023	0,000024
71064,467766	0,000018	0,000016
71164,417791	0,000017	0,000017
71264,367816	0,000013	0,000021
71364,317841	0,000015	0,000023
71464,267866	0,000031	0,000019
71564,217891	0,000034	0,000008
71664,167916	0,000018	0,000010
71764,117941	0,000014	0,000019
71864,067966	0,000014	0,000021
71964,017991	0,000020	0,000017
72063,968016	0,000018	0,000008
72163,918041	0,000023	0,000010
72263,868066	0,000009	0,000009
72363,818091	0,000010	0,000010
72463,768116	0,000010	0,000010
72563,718141	0,000010	0,000023
72663,668166	0,000015	0,000027
72763,618191	0,000008	0,000009
72863,568216	0,000016	0,000015
72963,518241	0,000023	0,000024
73063,468266	0,000018	0,000022
73163,418291	0,000001	0,000010
73263,368316	0,000010	0,000009
73363,318341	0,000006	0,000019
73463,268366	0,000009	0,000026
73563,218391	0,000020	0,000016
73663,168416	0,000025	0,000018
73763,118441	0,000026	0,000013
73863,068466	0,000021	0,000014
73963,018491	0,000031	0,000012
74062,968516	0,000032	0,000021
74162,918541	0,000037	0,000007
74262,868566	0,000027	0,000004
74362,818591	0,000016	0,000003
74462,768616	0,000011	0,000016
74562,718641	0,000002	0,000028
74662,668666	0,000021	0,000015
74762,618691	0,000016	0,000015
74862,568716	0,000029	0,000017
74962,518741	0,000015	0,000014
75062,468766	0,000009	0,000014
75162,418791	0,000016	0,000018
75262,368816	0,000009	0,000016
75362,318841	0,000014	0,000013
75462,268866	0,000006	0,000019
75562,218891	0,000017	0,000006
75662,168916	0,000022	0,000011
75762,118941	0,000024	0,000022
75862,068966	0,000028	0,000036
75962,018991	0,000029	0,000032
76061,969015	0,000026	0,000026
76161,919040	0,000012	0,000016
76261,869065	0,000005	0,000004
76361,819090	0,000005	0,000018
76461,769115	0,000016	0,000021
76561,719140	0,000010	0,000024
76661,669165	0,000012	0,000022
76761,619190	0,000002	0,000017
76861,569215	0,000025	0,000013
76961,519240	0,000030	0,000021
77061,469265	0,000027	0,000011
77161,419290	0,000024	0,000017
77261,369315	0,000017	0,000014
77361,319340	0,000005	0,000003
77461,269365	0,000013	0,000004
77561,219390	0,000012	0,000007
77661,169415	0,000026	0,000006
77761,119440	0,000006	0,000011
77861,069465	0,000010	0,000005
77961,019490	0,000006	0,000009
78060,969515	0,000020	0,000010
78160,919540	0,000016	0,000014
78260,869565	0,000008	0,000011
78360,819590	0,000020	0,000013
78460,769615	0,000018	0,000005
78560,719640	0,000024	0,000007
78660,669665	0,000025	0,000011
78760,619690	0,000006	0,000006
78860,569715	0,000009	0,000023
78960,519740	0,000004	0,000032
79060,469765	0,000014	0,000021
79160,419790	0,000014	0,000020
79260,369815	0,000017	0,000016
79360,319840	0,000003	0,000023
79460,269865	0,000018	0,000023
79560,219890	0,000016	0,000015
79660,169915	0,000028	0,000021
79760,119940	0,000014	0,000028
79860,069965	0,000015	0,000029
79960,019990	0,000007	0,000021
80059,970015	0,000019	0,000007
80159,920040	0,000011	0,000015
80259,870065	0,000011	0,000006
80359,820090	0,000005	0,000021
80459,770115	0,000009	0,000014
80559,720140	0,000015	0,000009
80659,670165	0,000010	0,000024
80759,620190	0,000010	0,000024
80859,570215	0,000034	0,000020
80959,520240	0,000027	0,000016
81059,470265	0,000001	0,000022
81159,420290	0,000011	0,000016
81259,370315	0,000009	0,000012
81359,320340	0,000012	0,000022
81459,270365	0,000021	0,000027
81559,220390	0,000007	0,000029
81659,170415	0,000034	0,000026
81759,120440	0,000033	0,000025
81859,070465	0,000014	0,000020
81959,020490	0,000012	0,000014
82058,970515	0,000017	0,000018
82158,920540	0,000027	0,000016
82258,870565	0,000033	0,000005
82358,820590	0,000012	0,000009
82458,770615	0,000021	0,000008
82558,720640	0,000015	0,000018
82658,670665	0,000008	0,000027
82758,620690	0,000018	0,000029
82858,570715	0,000020	0,000021
82958,520740	0,000006	0,000018
83058,470765	0,000027	0,000022
83158,420790	0,000047	0,000008
83258,370815	0,000035	0,000015
83358,320840	0,000026	0,000021
83458,270865	0,000018	0,000020
83558,220890	0,000005	0,000014
83658,170915	0,000014	0,000031
83758,120940	0,000004	0,000024
83858,070965	0,000002	0,000015
83958,020990	0,000006	0,000018
84057,971014	0,000014	0,000022
84157,921039	0,000034	0,000022
84257,871064	0,000029	0,000006
84357,821089	0,000020	0,000020
84457,771114	0,000010	0,000023
84557,721139	0,000010	0,000016
84657,671164	0,000015	0,000009
84757,621189	0,000013	0,000015
84857,571214	0,000017	0,000019
84957,521239	0,000011	0,000026
85057,471264	0,000008	0,000009
85157,421289	0,000009	0,000016
85257,371314	0,000011	0,000003
85357,321339	0,000024	0,000007
85457,271364	0,000006	0,000003
85557,221389	0,000017	0,000009
85657,171414	0,000007	0,000023
85757,121439	0,000013	0,000017
85857,071464	0,000012	0,000009
85957,021489	0,000011	0,000019
86056,971514	0,000006	0,000010
86156,921539	0,000012	0,000016
86256,871564	0,000022	0,000003
86356,821589	0,000027	0,000016
86456,771614	0,000019	0,000018
86556,721639	0,000008	0,000010
86656,671664	0,000010	0,000018
86756,621689	0,000019	0,000014
86856,571714	0,000014	0,000013
86956,521739	0,000014	0,000019
87056,471764	0,000021	0,000030
87156,421789	0,000021	0,000037
87256,371814	0,000017	0,000019
87356,321839	0,000035	0,000064
87456,271864	0,000062	0,000110
87556,221889	0,000028	0,000043
87656,171914	0,000002	0,000010
87756,121939	0,000010	0,000035
87856,071964	0,000017	0,000036
87956,021989	0,000016	0,000001
88055,972014	0,000029	0,000017
88155,922039	0,000031	0,000003
88255,872064	0,000021	0,000025
88355,822089	0,000013	0,000038
88455,772114	0,000009	0,000037
88555,722139	0,000014	0,000031
88655,672164	0,000016	0,000025
88755,622189	0,000020	0,000025
88855,572214	0,000029	0,000005
88955,522239	0,000028	0,000014
89055,472264	0,000018	0,000013
89155,422289	0,000011	0,000030
89255,372314	0,000028	0,000027
89355,322339	0,000006	0,000021
89455,272364	0,000013	0,000024
89555,222389	0,000016	0,000024
89655,172414	0,000017	0,000008
89755,122439	0,000006	0,000009
89855,072464	0,000005	0,000014
89955,022489	0,000011	0,000015
90054,972514	0,000011	0,000006
90154,922539	0,000004	0,000005
90254,872564	0,000018	0,000007
90354,822589	0,000025	0,000003
90454,772614	0,000028	0,000002
90554,722639	0,000024	0,000007
90654,672664	0,000025	0,000004
90754,622689	0,000025	0,000004
90854,572714	0,000020	0,000007
90954,522739	0,000021	0,000013
91054,472764	0,000023	0,000009
91154,422789	0,000008	0,000007
91254,372814	0,000016	0,000005
91354,322839	0,000014	0,000015
91454,272864	0,000017	0,000014
91554,222889	0,000027	0,000012
91654,172914	0,000028	0,000022
91754,122939	0,000021	0,000012
91854,072964	0,000019	0,000005
91954,022989	0,000008	0,000013
92053,973013	0,000001	0,000011
92153,923038	0,000018	0,000018
92253,873063	0,000027	0,000016
92353,823088	0,000022	0,000006
92453,773113	0,000021	0,000012
92553,723138	0,000013	0,000024
92653,673163	0,000012	0,000013
92753,623188	0,000019	0,000011
92853,573213	0,000020	0,000012
92953,523238	0,000018	0,000010
93053,473263	0,000022	0,000021
93153,423288	0,000020	0,000001
93253,373313	0,000009	0,000019
93353,323338	0,000012	0,000008
93453,273363	0,000004	0,000018
93553,223388	0,000006	0,000012
93653,173413	0,000018	0,000003
93753,123438	0,000019	0,000006
93853,073463	0,000016	0,000004
93953,023488	0,000009	0,000009
94052,973513	0,000002	0,000018
94152,923538	0,000005	0,000037
94252,873563	0,000014	0,000017
94352,823588	0,000025	0,000013
94452,773613	0,000015	0,000012
94552,723638	0,000009	0,000005
94652,673663	0,000024	0,000001
94752,623688	0,000023	0,000007
94852,573713	0,000017	0,000018
94952,523738	0,000007	0,000024
95052,473763	0,000012	0,000018
95152,423788	0,000005	0,000005
95252,373813	0,000012	0,000022
95352,323838	0,000010	0,000012
95452,273863	0,000031	0,000008
95552,223888	0,000034	0,000006
95652,173913	0,000013	0,000017
95752,123938	0,000003	0,000017
95852,073963	0,000002	0,000010
95952,023988	0,000013	0,000008
96051,974013	0,000016	0,000012
96151,924038	0,000014	0,000014
96251,874063	0,000032	0,000005
96351,824088	0,000032	0,000008
96451,774113	0,000019	0,000016
96551,724138	0,000014	0,000010
96651,674163	0,000021	0,000005
96751,624188	0,000027	0,000008
96851,574213	0,000018	0,000018
96951,524238	0,000017	0,000009
97051,474263	0,000022	0,000010
97151,424288	0,000019	0,000017
97251,374313	0,000027	0,000033
97351,324338	0,000022	0,000030
97451,274363	0,000026	0,000007
97551,224388	0,000022	0,000015
97651,174413	0,000001	0,000021
97751,124438	0,000004	0,000009
97851,074463	0,000008	0,000021
97951,024488	0,000004	0,000011
98050,974513	0,000009	0,000008
98150,924538	0,000021	0,000016
98250,874563	0,000007	0,000028
98350,824588	0,000002	0,000007
98450,774613	0,000023	0,000043
98550,724638	0,000030	0,000042
98650,674663	0,000010	0,000017
98750,624688	0,000012	0,000024
98850,574713	0,000013	0,000003
98950,524738	0,000021	0,000008
99050,474763	0,000028	0,000001
99150,424788	0,000014	0,000009
99250,374813	0,000008	0,000018
99350,324838	0,000004	0,000021
99450,274863	0,000009	0,000010
99550,224888	0,000012	0,000021
99650,174913	0,000019	0,000014
99750,124938	0,000006	0,000013
99850,074963	0,000022	0,000027
99950,024988	0,000025	0,000018
