Frequency (Hz)	V_IN	V_R	
0,000000	2,463031	2,454151
99,950025	1,756254	1,749910
199,900050	0,043149	0,043001
299,850075	0,018922	0,018781
399,800100	0,049009	0,048785
499,750125	0,059444	0,059240
599,700150	0,077364	0,077108
699,650175	0,034747	0,034590
799,600200	0,059796	0,059584
899,550225	0,017189	0,017157
999,500250	0,038529	0,038376
1099,450275	0,019025	0,018933
1199,400300	0,013029	0,012978
1299,350325	0,040296	0,040145
1399,300350	0,031736	0,031611
1499,250375	0,016752	0,016671
1599,200400	0,044236	0,044053
1699,150425	0,030154	0,030025
1799,100450	0,011618	0,011560
1899,050475	0,014995	0,014938
1999,000500	0,003911	0,003887
2098,950525	0,004994	0,004971
2198,900550	0,003327	0,003319
2298,850575	0,002360	0,002324
2398,800600	0,007020	0,006983
2498,750625	0,004106	0,004074
2598,700650	0,033555	0,033380
2698,650675	0,033501	0,033331
2798,600700	0,002751	0,002737
2898,550725	0,011435	0,011422
2998,500750	0,011066	0,011037
3098,450775	0,026658	0,026526
3198,400800	0,049613	0,049357
3298,350825	0,044415	0,044179
3398,300850	0,013485	0,013387
3498,250875	0,023165	0,023037
3598,200900	0,039568	0,039319
3698,150925	0,062587	0,062212
3798,100950	0,024441	0,024293
3898,050975	0,007967	0,007896
3998,001000	0,013181	0,013058
4097,951024	0,004891	0,004829
4197,901049	0,009089	0,009020
4297,851074	0,011321	0,011223
4397,801099	0,003493	0,003478
4497,751124	0,011929	0,011833
4597,701149	0,009195	0,009086
4697,651174	0,022105	0,021896
4797,601199	0,017987	0,017836
4897,551224	0,006710	0,006652
4997,501249	0,010593	0,010473
5097,451274	0,011136	0,010996
5197,401299	0,014731	0,014577
5297,351324	0,032283	0,031903
5397,301349	0,013501	0,013347
5497,251374	0,010082	0,009951
5597,201399	0,001229	0,001248
5697,151424	0,013598	0,013348
5797,101449	0,014471	0,014205
5897,051474	0,012427	0,012187
5997,001499	0,001605	0,001572
6096,951524	0,011166	0,010887
6196,901549	0,002194	0,002082
6296,851574	0,020598	0,019977
6396,801599	0,013991	0,013579
6496,751624	0,003524	0,003356
6596,701649	0,009201	0,008826
6696,651674	0,002073	0,002008
6796,601699	0,009491	0,008891
6896,551724	0,015293	0,014262
6996,501749	0,008488	0,007924
7096,451774	0,004226	0,003771
7196,401799	0,005098	0,004591
7296,351824	0,003808	0,003179
7396,301849	0,005890	0,004951
7496,251874	0,002406	0,001913
7596,201899	0,002983	0,002239
7696,151924	0,001319	0,000961
7796,101949	0,000494	0,000399
7896,051974	0,002042	0,001422
7996,001999	0,002163	0,001496
8095,952024	0,000077	0,000085
8195,902049	0,001111	0,000870
8295,852074	0,001313	0,001104
8395,802099	0,001747	0,001522
8495,752124	0,001407	0,001266
8595,702149	0,000453	0,000432
8695,652174	0,001004	0,000938
8795,602199	0,000879	0,000806
8895,552224	0,000623	0,000582
8995,502249	0,001307	0,001219
9095,452274	0,000500	0,000463
9195,402299	0,000568	0,000515
9295,352324	0,000897	0,000843
9395,302349	0,000467	0,000438
9495,252374	0,000978	0,000932
9595,202399	0,001648	0,001590
9695,152424	0,001070	0,001045
9795,102449	0,001890	0,001839
9895,052474	0,001654	0,001611
9995,002499	0,001267	0,001242
10094,952524	0,000618	0,000604
10194,902549	0,001947	0,001907
10294,852574	0,003611	0,003537
10394,802599	0,001985	0,001913
10494,752624	0,000880	0,000846
10594,702649	0,001988	0,001953
10694,652674	0,000615	0,000588
10794,602699	0,001729	0,001700
10894,552724	0,002047	0,002036
10994,502749	0,001447	0,001438
11094,452774	0,001112	0,001102
11194,402799	0,000646	0,000629
11294,352824	0,000946	0,000909
11394,302849	0,001026	0,000989
11494,252874	0,000385	0,000378
11594,202899	0,000998	0,001016
11694,152924	0,000522	0,000521
11794,102949	0,000538	0,000538
11894,052974	0,001252	0,001253
11994,002999	0,001021	0,001039
12093,953023	0,000469	0,000479
12193,903048	0,000168	0,000194
12293,853073	0,000581	0,000551
12393,803098	0,000378	0,000361
12493,753123	0,000495	0,000494
12593,703148	0,001067	0,001051
12693,653173	0,000724	0,000682
12793,603198	0,000114	0,000095
12893,553223	0,000374	0,000406
12993,503248	0,000282	0,000311
13093,453273	0,000146	0,000161
13193,403298	0,000368	0,000370
13293,353323	0,000453	0,000440
13393,303348	0,000320	0,000304
13493,253373	0,000499	0,000486
13593,203398	0,000669	0,000663
13693,153423	0,000374	0,000374
13793,103448	0,000192	0,000181
13893,053473	0,000521	0,000504
13993,003498	0,000441	0,000438
14092,953523	0,000094	0,000118
14192,903548	0,000152	0,000152
14292,853573	0,000209	0,000199
14392,803598	0,000036	0,000039
14492,753623	0,000170	0,000174
14592,703648	0,000255	0,000255
14692,653673	0,000176	0,000180
14792,603698	0,000071	0,000087
14892,553723	0,000025	0,000020
14992,503748	0,000092	0,000114
15092,453773	0,000112	0,000132
15192,403798	0,000097	0,000095
15292,353823	0,000145	0,000133
15392,303848	0,000088	0,000078
15492,253873	0,000053	0,000058
15592,203898	0,000178	0,000155
15692,153923	0,000188	0,000151
15792,103948	0,000137	0,000109
15892,053973	0,000137	0,000118
15992,003998	0,000091	0,000076
16091,954023	0,000125	0,000111
16191,904048	0,000231	0,000223
16291,854073	0,000234	0,000221
16391,804098	0,000168	0,000163
16491,754123	0,000088	0,000068
16591,704148	0,000220	0,000188
16691,654173	0,000150	0,000138
16791,604198	0,000048	0,000044
16891,554223	0,000070	0,000086
16991,504248	0,000007	0,000023
17091,454273	0,000141	0,000125
17191,404298	0,000315	0,000296
17291,354323	0,000198	0,000211
17391,304348	0,000129	0,000108
17491,254373	0,000025	0,000021
17591,204398	0,000293	0,000304
17691,154423	0,000195	0,000219
17791,104448	0,000111	0,000138
17891,054473	0,000181	0,000203
17991,004498	0,000057	0,000082
18090,954523	0,000104	0,000079
18190,904548	0,000349	0,000352
18290,854573	0,000315	0,000326
18390,804598	0,000045	0,000058
18490,754623	0,000052	0,000078
18590,704648	0,000160	0,000174
18690,654673	0,000114	0,000115
18790,604698	0,000139	0,000139
18890,554723	0,000169	0,000174
18990,504748	0,000036	0,000055
19090,454773	0,000077	0,000095
19190,404798	0,000270	0,000278
19290,354823	0,000321	0,000336
19390,304848	0,000102	0,000123
19490,254873	0,000162	0,000139
19590,204898	0,000199	0,000171
19690,154923	0,000116	0,000102
19790,104948	0,000211	0,000184
19890,054973	0,000337	0,000290
19990,004998	0,000139	0,000115
20089,955022	0,000068	0,000065
20189,905047	0,000156	0,000150
20289,855072	0,000143	0,000138
20389,805097	0,000028	0,000021
20489,755122	0,000144	0,000130
20589,705147	0,000186	0,000153
20689,655172	0,000058	0,000036
20789,605197	0,000049	0,000042
20889,555222	0,000123	0,000098
20989,505247	0,000089	0,000099
21089,455272	0,000073	0,000094
21189,405297	0,000082	0,000081
21289,355322	0,000087	0,000081
21389,305347	0,000046	0,000022
21489,255372	0,000060	0,000044
21589,205397	0,000043	0,000052
21689,155422	0,000010	0,000042
21789,105447	0,000029	0,000040
21889,055472	0,000060	0,000083
21989,005497	0,000044	0,000071
22088,955522	0,000018	0,000016
22188,905547	0,000032	0,000029
22288,855572	0,000028	0,000010
22388,805597	0,000028	0,000036
22488,755622	0,000014	0,000024
22588,705647	0,000010	0,000034
22688,655672	0,000027	0,000024
22788,605697	0,000036	0,000028
22888,555722	0,000054	0,000039
22988,505747	0,000056	0,000036
23088,455772	0,000022	0,000021
23188,405797	0,000011	0,000015
23288,355822	0,000029	0,000019
23388,305847	0,000064	0,000045
23488,255872	0,000049	0,000026
23588,205897	0,000015	0,000007
23688,155922	0,000027	0,000035
23788,105947	0,000032	0,000023
23888,055972	0,000021	0,000007
23988,005997	0,000022	0,000010
24087,956022	0,000051	0,000030
24187,906047	0,000056	0,000051
24287,856072	0,000054	0,000042
24387,806097	0,000045	0,000006
24487,756122	0,000014	0,000020
24587,706147	0,000016	0,000019
24687,656172	0,000020	0,000002
24787,606197	0,000042	0,000014
24887,556222	0,000038	0,000022
24987,506247	0,000032	0,000021
25087,456272	0,000015	0,000024
25187,406297	0,000035	0,000043
25287,356322	0,000045	0,000041
25387,306347	0,000023	0,000024
25487,256372	0,000007	0,000010
25587,206397	0,000028	0,000020
25687,156422	0,000040	0,000025
25787,106447	0,000042	0,000036
25887,056472	0,000018	0,000026
25987,006497	0,000017	0,000018
26086,956522	0,000025	0,000032
26186,906547	0,000020	0,000032
26286,856572	0,000025	0,000023
26386,806597	0,000039	0,000040
26486,756622	0,000016	0,000029
26586,706647	0,000041	0,000009
26686,656672	0,000039	0,000019
26786,606697	0,000030	0,000008
26886,556722	0,000035	0,000010
26986,506747	0,000035	0,000013
27086,456772	0,000031	0,000045
27186,406797	0,000022	0,000049
27286,356822	0,000006	0,000020
27386,306847	0,000018	0,000005
27486,256872	0,000002	0,000007
27586,206897	0,000033	0,000033
27686,156922	0,000029	0,000037
27786,106947	0,000034	0,000023
27886,056972	0,000031	0,000020
27986,006997	0,000029	0,000030
28085,957021	0,000048	0,000034
28185,907046	0,000042	0,000047
28285,857071	0,000031	0,000048
28385,807096	0,000022	0,000020
28485,757121	0,000049	0,000002
28585,707146	0,000025	0,000005
28685,657171	0,000002	0,000020
28785,607196	0,000005	0,000006
28885,557221	0,000012	0,000022
28985,507246	0,000015	0,000026
29085,457271	0,000014	0,000007
29185,407296	0,000016	0,000018
29285,357321	0,000026	0,000032
29385,307346	0,000038	0,000022
29485,257371	0,000017	0,000006
29585,207396	0,000022	0,000018
29685,157421	0,000036	0,000018
29785,107446	0,000045	0,000018
29885,057471	0,000010	0,000017
29985,007496	0,000013	0,000023
30084,957521	0,000032	0,000024
30184,907546	0,000029	0,000024
30284,857571	0,000020	0,000021
30384,807596	0,000030	0,000029
30484,757621	0,000040	0,000034
30584,707646	0,000028	0,000018
30684,657671	0,000011	0,000036
30784,607696	0,000029	0,000039
30884,557721	0,000022	0,000020
30984,507746	0,000006	0,000015
31084,457771	0,000020	0,000037
31184,407796	0,000022	0,000050
31284,357821	0,000010	0,000046
31384,307846	0,000024	0,000021
31484,257871	0,000024	0,000024
31584,207896	0,000011	0,000010
31684,157921	0,000004	0,000003
31784,107946	0,000018	0,000017
31884,057971	0,000037	0,000026
31984,007996	0,000029	0,000014
32083,958021	0,000014	0,000011
32183,908046	0,000009	0,000014
32283,858071	0,000013	0,000016
32383,808096	0,000004	0,000003
32483,758121	0,000024	0,000013
32583,708146	0,000046	0,000023
32683,658171	0,000054	0,000023
32783,608196	0,000041	0,000013
32883,558221	0,000027	0,000004
32983,508246	0,000000	0,000008
33083,458271	0,000030	0,000031
33183,408296	0,000023	0,000009
33283,358321	0,000033	0,000035
33383,308346	0,000032	0,000028
33483,258371	0,000024	0,000010
33583,208396	0,000013	0,000010
33683,158421	0,000029	0,000019
33783,108446	0,000032	0,000020
33883,058471	0,000021	0,000013
33983,008496	0,000026	0,000006
34082,958521	0,000025	0,000025
34182,908546	0,000014	0,000013
34282,858571	0,000044	0,000013
34382,808596	0,000031	0,000007
34482,758621	0,000012	0,000010
34582,708646	0,000010	0,000017
34682,658671	0,000032	0,000042
34782,608696	0,000025	0,000036
34882,558721	0,000013	0,000020
34982,508746	0,000013	0,000012
35082,458771	0,000004	0,000007
35182,408796	0,000003	0,000010
35282,358821	0,000005	0,000019
35382,308846	0,000025	0,000035
35482,258871	0,000021	0,000027
35582,208896	0,000030	0,000022
35682,158921	0,000027	0,000017
35782,108946	0,000030	0,000010
35882,058971	0,000027	0,000024
35982,008996	0,000028	0,000037
36081,959020	0,000025	0,000032
36181,909045	0,000007	0,000004
36281,859070	0,000012	0,000006
36381,809095	0,000020	0,000006
36481,759120	0,000018	0,000009
36581,709145	0,000021	0,000017
36681,659170	0,000017	0,000020
36781,609195	0,000009	0,000013
36881,559220	0,000012	0,000007
36981,509245	0,000022	0,000009
37081,459270	0,000022	0,000014
37181,409295	0,000013	0,000021
37281,359320	0,000008	0,000023
37381,309345	0,000023	0,000016
37481,259370	0,000006	0,000020
37581,209395	0,000007	0,000028
37681,159420	0,000010	0,000024
37781,109445	0,000019	0,000004
37881,059470	0,000012	0,000016
37981,009495	0,000022	0,000018
38080,959520	0,000020	0,000012
38180,909545	0,000014	0,000017
38280,859570	0,000022	0,000025
38380,809595	0,000017	0,000026
38480,759620	0,000019	0,000028
38580,709645	0,000024	0,000026
38680,659670	0,000007	0,000006
38780,609695	0,000023	0,000018
38880,559720	0,000024	0,000015
38980,509745	0,000018	0,000019
39080,459770	0,000022	0,000009
39180,409795	0,000016	0,000005
39280,359820	0,000009	0,000019
39380,309845	0,000033	0,000019
39480,259870	0,000043	0,000012
39580,209895	0,000015	0,000006
39680,159920	0,000030	0,000016
39780,109945	0,000035	0,000024
39880,059970	0,000026	0,000031
39980,009995	0,000028	0,000042
40079,960020	0,000022	0,000034
40179,910045	0,000001	0,000024
40279,860070	0,000014	0,000024
40379,810095	0,000015	0,000014
40479,760120	0,000010	0,000010
40579,710145	0,000019	0,000005
40679,660170	0,000018	0,000019
40779,610195	0,000021	0,000012
40879,560220	0,000012	0,000028
40979,510245	0,000012	0,000031
41079,460270	0,000007	0,000015
41179,410295	0,000004	0,000009
41279,360320	0,000018	0,000031
41379,310345	0,000039	0,000025
41479,260370	0,000041	0,000009
41579,210395	0,000022	0,000014
41679,160420	0,000013	0,000025
41779,110445	0,000014	0,000005
41879,060470	0,000024	0,000015
41979,010495	0,000014	0,000010
42078,960520	0,000017	0,000018
42178,910545	0,000012	0,000017
42278,860570	0,000026	0,000020
42378,810595	0,000008	0,000010
42478,760620	0,000032	0,000001
42578,710645	0,000043	0,000014
42678,660670	0,000026	0,000012
42778,610695	0,000032	0,000007
42878,560720	0,000035	0,000032
42978,510745	0,000012	0,000040
43078,460770	0,000014	0,000044
43178,410795	0,000019	0,000036
43278,360820	0,000010	0,000013
43378,310845	0,000022	0,000032
43478,260870	0,000014	0,000025
43578,210895	0,000012	0,000018
43678,160920	0,000005	0,000010
43778,110945	0,000015	0,000002
43878,060970	0,000016	0,000029
43978,010995	0,000009	0,000038
44077,961019	0,000031	0,000005
44177,911044	0,000015	0,000024
44277,861069	0,000005	0,000026
44377,811094	0,000008	0,000019
44477,761119	0,000019	0,000024
44577,711144	0,000008	0,000019
44677,661169	0,000028	0,000014
44777,611194	0,000021	0,000011
44877,561219	0,000027	0,000003
44977,511244	0,000025	0,000010
45077,461269	0,000028	0,000015
45177,411294	0,000026	0,000002
45277,361319	0,000018	0,000002
45377,311344	0,000016	0,000014
45477,261369	0,000026	0,000016
45577,211394	0,000023	0,000011
45677,161419	0,000013	0,000026
45777,111444	0,000011	0,000030
45877,061469	0,000008	0,000012
45977,011494	0,000015	0,000025
46076,961519	0,000014	0,000048
46176,911544	0,000007	0,000035
46276,861569	0,000018	0,000020
46376,811594	0,000011	0,000012
46476,761619	0,000031	0,000010
46576,711644	0,000034	0,000026
46676,661669	0,000008	0,000024
46776,611694	0,000011	0,000016
46876,561719	0,000010	0,000004
46976,511744	0,000012	0,000013
47076,461769	0,000005	0,000011
47176,411794	0,000010	0,000014
47276,361819	0,000010	0,000018
47376,311844	0,000004	0,000020
47476,261869	0,000026	0,000012
47576,211894	0,000049	0,000010
47676,161919	0,000043	0,000014
47776,111944	0,000023	0,000025
47876,061969	0,000017	0,000015
47976,011994	0,000019	0,000011
48075,962019	0,000018	0,000014
48175,912044	0,000004	0,000019
48275,862069	0,000017	0,000018
48375,812094	0,000012	0,000019
48475,762119	0,000010	0,000019
48575,712144	0,000004	0,000005
48675,662169	0,000007	0,000014
48775,612194	0,000010	0,000024
48875,562219	0,000013	0,000009
48975,512244	0,000003	0,000025
49075,462269	0,000027	0,000022
49175,412294	0,000036	0,000010
49275,362319	0,000035	0,000012
49375,312344	0,000028	0,000003
49475,262369	0,000014	0,000014
49575,212394	0,000005	0,000005
49675,162419	0,000013	0,000017
49775,112444	0,000015	0,000002
49875,062469	0,000025	0,000033
49975,012494	0,000019	0,000039
50074,962519	0,000011	0,000020
50174,912544	0,000016	0,000004
50274,862569	0,000016	0,000009
50374,812594	0,000010	0,000007
50474,762619	0,000006	0,000018
50574,712644	0,000013	0,000035
50674,662669	0,000006	0,000029
50774,612694	0,000015	0,000016
50874,562719	0,000027	0,000007
50974,512744	0,000023	0,000017
51074,462769	0,000019	0,000013
51174,412794	0,000021	0,000016
51274,362819	0,000023	0,000018
51374,312844	0,000019	0,000022
51474,262869	0,000023	0,000036
51574,212894	0,000016	0,000043
51674,162919	0,000005	0,000024
51774,112944	0,000022	0,000009
51874,062969	0,000016	0,000009
51974,012994	0,000005	0,000016
52073,963018	0,000007	0,000016
52173,913043	0,000027	0,000015
52273,863068	0,000024	0,000007
52373,813093	0,000035	0,000006
52473,763118	0,000043	0,000017
52573,713143	0,000017	0,000011
52673,663168	0,000003	0,000012
52773,613193	0,000012	0,000013
52873,563218	0,000007	0,000013
52973,513243	0,000014	0,000025
53073,463268	0,000019	0,000010
53173,413293	0,000014	0,000008
53273,363318	0,000010	0,000006
53373,313343	0,000019	0,000015
53473,263368	0,000032	0,000026
53573,213393	0,000022	0,000011
53673,163418	0,000010	0,000007
53773,113443	0,000013	0,000013
53873,063468	0,000009	0,000018
53973,013493	0,000007	0,000018
54072,963518	0,000008	0,000016
54172,913543	0,000014	0,000009
54272,863568	0,000031	0,000007
54372,813593	0,000015	0,000020
54472,763618	0,000010	0,000026
54572,713643	0,000019	0,000011
54672,663668	0,000016	0,000005
54772,613693	0,000005	0,000016
54872,563718	0,000019	0,000030
54972,513743	0,000023	0,000021
55072,463768	0,000016	0,000021
55172,413793	0,000009	0,000022
55272,363818	0,000006	0,000005
55372,313843	0,000007	0,000007
55472,263868	0,000005	0,000006
55572,213893	0,000022	0,000007
55672,163918	0,000035	0,000007
55772,113943	0,000017	0,000015
55872,063968	0,000011	0,000014
55972,013993	0,000021	0,000020
56071,964018	0,000013	0,000019
56171,914043	0,000024	0,000019
56271,864068	0,000018	0,000003
56371,814093	0,000002	0,000011
56471,764118	0,000008	0,000010
56571,714143	0,000025	0,000026
56671,664168	0,000021	0,000017
56771,614193	0,000010	0,000009
56871,564218	0,000008	0,000012
56971,514243	0,000010	0,000023
57071,464268	0,000013	0,000040
57171,414293	0,000023	0,000049
57271,364318	0,000017	0,000040
57371,314343	0,000035	0,000016
57471,264368	0,000025	0,000001
57571,214393	0,000008	0,000008
57671,164418	0,000009	0,000020
57771,114443	0,000004	0,000018
57871,064468	0,000005	0,000022
57971,014493	0,000004	0,000012
58070,964518	0,000011	0,000022
58170,914543	0,000025	0,000018
58270,864568	0,000027	0,000018
58370,814593	0,000011	0,000018
58470,764618	0,000012	0,000013
58570,714643	0,000029	0,000021
58670,664668	0,000024	0,000015
58770,614693	0,000015	0,000011
58870,564718	0,000035	0,000006
58970,514743	0,000034	0,000005
59070,464768	0,000010	0,000009
59170,414793	0,000010	0,000008
59270,364818	0,000018	0,000003
59370,314843	0,000011	0,000010
59470,264868	0,000016	0,000014
59570,214893	0,000003	0,000015
59670,164918	0,000013	0,000006
59770,114943	0,000022	0,000017
59870,064968	0,000024	0,000012
59970,014993	0,000020	0,000009
60069,965017	0,000009	0,000019
60169,915042	0,000016	0,000016
60269,865067	0,000009	0,000008
60369,815092	0,000010	0,000010
60469,765117	0,000026	0,000009
60569,715142	0,000010	0,000004
60669,665167	0,000009	0,000013
60769,615192	0,000014	0,000010
60869,565217	0,000014	0,000011
60969,515242	0,000002	0,000015
61069,465267	0,000010	0,000014
61169,415292	0,000006	0,000016
61269,365317	0,000002	0,000014
61369,315342	0,000004	0,000008
61469,265367	0,000011	0,000006
61569,215392	0,000032	0,000013
61669,165417	0,000018	0,000019
61769,115442	0,000013	0,000015
61869,065467	0,000002	0,000019
61969,015492	0,000033	0,000023
62068,965517	0,000037	0,000022
62168,915542	0,000026	0,000021
62268,865567	0,000024	0,000022
62368,815592	0,000021	0,000013
62468,765617	0,000008	0,000012
62568,715642	0,000016	0,000001
62668,665667	0,000016	0,000006
62768,615692	0,000011	0,000017
62868,565717	0,000021	0,000009
62968,515742	0,000024	0,000005
63068,465767	0,000021	0,000027
63168,415792	0,000003	0,000033
63268,365817	0,000016	0,000023
63368,315842	0,000019	0,000013
63468,265867	0,000033	0,000026
63568,215892	0,000020	0,000037
63668,165917	0,000012	0,000022
63768,115942	0,000013	0,000016
63868,065967	0,000012	0,000023
63968,015992	0,000007	0,000018
64067,966017	0,000009	0,000011
64167,916042	0,000022	0,000015
64267,866067	0,000019	0,000019
64367,816092	0,000009	0,000012
64467,766117	0,000011	0,000017
64567,716142	0,000013	0,000024
64667,666167	0,000017	0,000011
64767,616192	0,000016	0,000011
64867,566217	0,000013	0,000021
64967,516242	0,000015	0,000031
65067,466267	0,000019	0,000033
65167,416292	0,000020	0,000037
65267,366317	0,000017	0,000028
65367,316342	0,000012	0,000023
65467,266367	0,000007	0,000010
65567,216392	0,000014	0,000008
65667,166417	0,000024	0,000024
65767,116442	0,000029	0,000025
65867,066467	0,000015	0,000014
65967,016492	0,000010	0,000010
66066,966517	0,000012	0,000000
66166,916542	0,000032	0,000022
66266,866567	0,000033	0,000019
66366,816592	0,000012	0,000016
66466,766617	0,000016	0,000026
66566,716642	0,000015	0,000013
66666,666667	0,000010	0,000008
66766,616692	0,000014	0,000009
66866,566717	0,000017	0,000013
66966,516742	0,000003	0,000014
67066,466767	0,000011	0,000015
67166,416792	0,000014	0,000012
67266,366817	0,000009	0,000016
67366,316842	0,000009	0,000027
67466,266867	0,000008	0,000017
67566,216892	0,000018	0,000012
67666,166917	0,000032	0,000003
67766,116942	0,000021	0,000017
67866,066967	0,000022	0,000019
67966,016992	0,000018	0,000012
68065,967016	0,000004	0,000003
68165,917041	0,000012	0,000010
68265,867066	0,000014	0,000008
68365,817091	0,000010	0,000020
68465,767116	0,000031	0,000014
68565,717141	0,000012	0,000012
68665,667166	0,000019	0,000025
68765,617191	0,000014	0,000025
68865,567216	0,000011	0,000010
68965,517241	0,000007	0,000002
69065,467266	0,000012	0,000011
69165,417291	0,000015	0,000004
69265,367316	0,000016	0,000008
69365,317341	0,000008	0,000016
69465,267366	0,000012	0,000009
69565,217391	0,000022	0,000016
69665,167416	0,000005	0,000007
69765,117441	0,000022	0,000032
69865,067466	0,000012	0,000035
69965,017491	0,000003	0,000020
70064,967516	0,000019	0,000009
70164,917541	0,000023	0,000026
70264,867566	0,000013	0,000023
70364,817591	0,000002	0,000019
70464,767616	0,000005	0,000009
70564,717641	0,000026	0,000011
70664,667666	0,000040	0,000013
70764,617691	0,000029	0,000018
70864,567716	0,000019	0,000019
70964,517741	0,000038	0,000019
71064,467766	0,000026	0,000017
71164,417791	0,000012	0,000007
71264,367816	0,000016	0,000014
71364,317841	0,000017	0,000024
71464,267866	0,000011	0,000027
71564,217891	0,000006	0,000023
71664,167916	0,000012	0,000007
71764,117941	0,000011	0,000020
71864,067966	0,000013	0,000009
71964,017991	0,000009	0,000010
72063,968016	0,000005	0,000001
72163,918041	0,000018	0,000018
72263,868066	0,000016	0,000032
72363,818091	0,000005	0,000023
72463,768116	0,000011	0,000003
72563,718141	0,000015	0,000015
72663,668166	0,000016	0,000024
72763,618191	0,000022	0,000017
72863,568216	0,000007	0,000019
72963,518241	0,000025	0,000016
73063,468266	0,000020	0,000018
73163,418291	0,000034	0,000010
73263,368316	0,000028	0,000017
73363,318341	0,000026	0,000009
73463,268366	0,000006	0,000008
73563,218391	0,000002	0,000011
73663,168416	0,000031	0,000016
73763,118441	0,000026	0,000015
73863,068466	0,000017	0,000016
73963,018491	0,000011	0,000018
74062,968516	0,000004	0,000024
74162,918541	0,000023	0,000017
74262,868566	0,000020	0,000017
74362,818591	0,000019	0,000033
74462,768616	0,000020	0,000022
74562,718641	0,000007	0,000008
74662,668666	0,000008	0,000022
74762,618691	0,000005	0,000018
74862,568716	0,000017	0,000006
74962,518741	0,000016	0,000021
75062,468766	0,000021	0,000014
75162,418791	0,000017	0,000007
75262,368816	0,000005	0,000013
75362,318841	0,000022	0,000016
75462,268866	0,000020	0,000010
75562,218891	0,000029	0,000010
75662,168916	0,000027	0,000019
75762,118941	0,000010	0,000026
75862,068966	0,000014	0,000023
75962,018991	0,000035	0,000020
76061,969015	0,000036	0,000031
76161,919040	0,000023	0,000029
76261,869065	0,000009	0,000021
76361,819090	0,000017	0,000023
76461,769115	0,000011	0,000027
76561,719140	0,000006	0,000013
76661,669165	0,000024	0,000011
76761,619190	0,000030	0,000008
76861,569215	0,000013	0,000010
76961,519240	0,000009	0,000008
77061,469265	0,000012	0,000018
77161,419290	0,000015	0,000029
77261,369315	0,000020	0,000025
77361,319340	0,000007	0,000010
77461,269365	0,000007	0,000011
77561,219390	0,000021	0,000019
77661,169415	0,000016	0,000012
77761,119440	0,000012	0,000011
77861,069465	0,000014	0,000023
77961,019490	0,000019	0,000020
78060,969515	0,000025	0,000003
78160,919540	0,000010	0,000010
78260,869565	0,000010	0,000016
78360,819590	0,000007	0,000020
78460,769615	0,000008	0,000016
78560,719640	0,000012	0,000015
78660,669665	0,000015	0,000008
78760,619690	0,000009	0,000004
78860,569715	0,000005	0,000013
78960,519740	0,000020	0,000015
79060,469765	0,000027	0,000003
79160,419790	0,000026	0,000010
79260,369815	0,000017	0,000016
79360,319840	0,000013	0,000012
79460,269865	0,000016	0,000021
79560,219890	0,000002	0,000034
79660,169915	0,000018	0,000021
79760,119940	0,000016	0,000009
79860,069965	0,000014	0,000007
79960,019990	0,000014	0,000012
80059,970015	0,000002	0,000020
80159,920040	0,000006	0,000009
80259,870065	0,000008	0,000013
80359,820090	0,000018	0,000017
80459,770115	0,000016	0,000005
80559,720140	0,000005	0,000013
80659,670165	0,000008	0,000015
80759,620190	0,000010	0,000015
80859,570215	0,000004	0,000020
80959,520240	0,000010	0,000014
81059,470265	0,000008	0,000014
81159,420290	0,000018	0,000010
81259,370315	0,000020	0,000008
81359,320340	0,000007	0,000015
81459,270365	0,000003	0,000026
81559,220390	0,000011	0,000027
81659,170415	0,000013	0,000019
81759,120440	0,000019	0,000021
81859,070465	0,000017	0,000013
81959,020490	0,000007	0,000006
82058,970515	0,000008	0,000010
82158,920540	0,000004	0,000013
82258,870565	0,000007	0,000029
82358,820590	0,000020	0,000026
82458,770615	0,000022	0,000029
82558,720640	0,000010	0,000016
82658,670665	0,000003	0,000003
82758,620690	0,000019	0,000008
82858,570715	0,000019	0,000014
82958,520740	0,000006	0,000013
83058,470765	0,000004	0,000007
83158,420790	0,000010	0,000005
83258,370815	0,000013	0,000020
83358,320840	0,000023	0,000031
83458,270865	0,000024	0,000013
83558,220890	0,000017	0,000015
83658,170915	0,000026	0,000017
83758,120940	0,000022	0,000002
83858,070965	0,000020	0,000005
83958,020990	0,000015	0,000009
84057,971014	0,000003	0,000007
84157,921039	0,000023	0,000014
84257,871064	0,000010	0,000022
84357,821089	0,000011	0,000019
84457,771114	0,000011	0,000006
84557,721139	0,000013	0,000002
84657,671164	0,000008	0,000001
84757,621189	0,000023	0,000007
84857,571214	0,000028	0,000020
84957,521239	0,000006	0,000021
85057,471264	0,000016	0,000010
85157,421289	0,000015	0,000015
85257,371314	0,000023	0,000015
85357,321339	0,000038	0,000006
85457,271364	0,000037	0,000013
85557,221389	0,000017	0,000017
85657,171414	0,000030	0,000019
85757,121439	0,000020	0,000014
85857,071464	0,000011	0,000012
85957,021489	0,000014	0,000004
86056,971514	0,000014	0,000008
86156,921539	0,000028	0,000006
86256,871564	0,000014	0,000006
86356,821589	0,000009	0,000017
86456,771614	0,000012	0,000018
86556,721639	0,000002	0,000008
86656,671664	0,000015	0,000013
86756,621689	0,000022	0,000028
86856,571714	0,000014	0,000017
86956,521739	0,000014	0,000013
87056,471764	0,000023	0,000007
87156,421789	0,000017	0,000010
87256,371814	0,000025	0,000006
87356,321839	0,000095	0,000033
87456,271864	0,000105	0,000032
87556,221889	0,000032	0,000018
87656,171914	0,000007	0,000013
87756,121939	0,000007	0,000014
87856,071964	0,000014	0,000004
87956,021989	0,000011	0,000025
88055,972014	0,000014	0,000030
88155,922039	0,000013	0,000004
88255,872064	0,000008	0,000005
88355,822089	0,000009	0,000011
88455,772114	0,000022	0,000005
88555,722139	0,000006	0,000008
88655,672164	0,000025	0,000014
88755,622189	0,000029	0,000029
88855,572214	0,000016	0,000017
88955,522239	0,000013	0,000005
89055,472264	0,000013	0,000013
89155,422289	0,000009	0,000018
89255,372314	0,000016	0,000013
89355,322339	0,000017	0,000013
89455,272364	0,000009	0,000013
89555,222389	0,000013	0,000020
89655,172414	0,000023	0,000016
89755,122439	0,000021	0,000002
89855,072464	0,000020	0,000012
89955,022489	0,000029	0,000013
90054,972514	0,000033	0,000016
90154,922539	0,000032	0,000018
90254,872564	0,000029	0,000014
90354,822589	0,000022	0,000009
90454,772614	0,000008	0,000012
90554,722639	0,000013	0,000022
90654,672664	0,000008	0,000015
90754,622689	0,000008	0,000014
90854,572714	0,000018	0,000017
90954,522739	0,000022	0,000010
91054,472764	0,000012	0,000006
91154,422789	0,000013	0,000003
91254,372814	0,000020	0,000006
91354,322839	0,000029	0,000006
91454,272864	0,000037	0,000003
91554,222889	0,000022	0,000011
91654,172914	0,000008	0,000010
91754,122939	0,000028	0,000007
91854,072964	0,000031	0,000005
91954,022989	0,000020	0,000004
92053,973013	0,000016	0,000020
92153,923038	0,000019	0,000026
92253,873063	0,000013	0,000019
92353,823088	0,000013	0,000005
92453,773113	0,000007	0,000020
92553,723138	0,000008	0,000021
92653,673163	0,000008	0,000007
92753,623188	0,000012	0,000012
92853,573213	0,000017	0,000033
92953,523238	0,000024	0,000036
93053,473263	0,000018	0,000026
93153,423288	0,000015	0,000031
93253,373313	0,000016	0,000014
93353,323338	0,000015	0,000002
93453,273363	0,000016	0,000008
93553,223388	0,000017	0,000010
93653,173413	0,000016	0,000013
93753,123438	0,000014	0,000020
93853,073463	0,000012	0,000019
93953,023488	0,000015	0,000016
94052,973513	0,000026	0,000005
94152,923538	0,000020	0,000013
94252,873563	0,000007	0,000010
94352,823588	0,000010	0,000014
94452,773613	0,000013	0,000020
94552,723638	0,000010	0,000017
94652,673663	0,000013	0,000014
94752,623688	0,000027	0,000013
94852,573713	0,000013	0,000007
94952,523738	0,000020	0,000007
95052,473763	0,000006	0,000019
95152,423788	0,000018	0,000016
95252,373813	0,000025	0,000010
95352,323838	0,000026	0,000010
95452,273863	0,000018	0,000020
95552,223888	0,000009	0,000015
95652,173913	0,000014	0,000009
95752,123938	0,000018	0,000005
95852,073963	0,000008	0,000012
95952,023988	0,000019	0,000013
96051,974013	0,000015	0,000002
96151,924038	0,000008	0,000007
96251,874063	0,000015	0,000016
96351,824088	0,000009	0,000012
96451,774113	0,000013	0,000011
96551,724138	0,000010	0,000007
96651,674163	0,000013	0,000009
96751,624188	0,000012	0,000015
96851,574213	0,000008	0,000026
96951,524238	0,000004	0,000025
97051,474263	0,000008	0,000014
97151,424288	0,000013	0,000007
97251,374313	0,000012	0,000016
97351,324338	0,000012	0,000009
97451,274363	0,000004	0,000020
97551,224388	0,000003	0,000022
97651,174413	0,000003	0,000019
97751,124438	0,000012	0,000014
97851,074463	0,000021	0,000006
97951,024488	0,000032	0,000023
98050,974513	0,000019	0,000019
98150,924538	0,000022	0,000004
98250,874563	0,000019	0,000007
98350,824588	0,000015	0,000011
98450,774613	0,000027	0,000012
98550,724638	0,000039	0,000005
98650,674663	0,000017	0,000005
98750,624688	0,000011	0,000008
98850,574713	0,000017	0,000021
98950,524738	0,000029	0,000028
99050,474763	0,000029	0,000019
99150,424788	0,000016	0,000020
99250,374813	0,000010	0,000019
99350,324838	0,000007	0,000012
99450,274863	0,000012	0,000035
99550,224888	0,000005	0,000042
99650,174913	0,000014	0,000024
99750,124938	0,000014	0,000014
99850,074963	0,000018	0,000011
99950,024988	0,000013	0,000013
